Date,Open,High,Low,Close,Volume,Dividends,Stock Splits
2010-01-04 00:00:00-05:00,8.251559544080326,8.28549300265872,8.200658816850138,8.211970329284668,2239700,0.0,0.0
2010-01-05 00:00:00-05:00,8.234591139491437,8.262868836099564,8.081888988867606,8.14975643157959,4227100,0.0,0.0
2010-01-06 00:00:00-05:00,8.172381407954987,8.172381407954987,8.019679750065544,8.07058048248291,5716100,0.0,0.0
2010-01-07 00:00:00-05:00,8.087544743934227,8.155412186646211,7.968776584347632,8.14975643157959,5962900,0.0,0.0
2010-01-08 00:00:00-05:00,8.104515357686864,8.132793607223181,8.01968114844066,8.053614616394043,4050400,0.0,0.0
2010-01-11 00:00:00-05:00,8.087544070661899,8.110166549682617,8.036643358024675,8.110166549682617,2175000,0.0,0.0
2010-01-12 00:00:00-05:00,8.098856681883463,8.30245957369649,8.098856681883463,8.1610689163208,4563400,0.0,0.0
2010-01-13 00:00:00-05:00,8.155412990349333,8.228936195373535,8.12713475159194,8.228936195373535,2294300,0.0,0.0
2010-01-14 00:00:00-05:00,8.240245935391908,8.279835679478847,8.149756016385986,8.268524169921875,2262200,0.0,0.0
2010-01-15 00:00:00-05:00,8.22893827863899,8.279839013415986,8.115825834336041,8.262871742248535,3405900,0.0,0.0
2010-01-19 00:00:00-05:00,8.274183740727535,8.426885414634938,8.26852798334063,8.381640434265137,3809100,0.0,0.0
2010-01-20 00:00:00-05:00,8.34204799253798,8.42122694731562,8.262869037760339,8.40425968170166,3133200,0.0,0.0
2010-01-21 00:00:00-05:00,8.387294073080179,8.42688328606312,8.166724444969708,8.23459243774414,5705400,0.0,0.0
2010-01-22 00:00:00-05:00,8.206316257443309,8.234594504971247,8.025335796882123,8.030991554260254,3879300,0.0,0.0
2010-01-25 00:00:00-05:00,8.121481809069913,8.155415815205282,8.030991845192569,8.104515075683594,3653400,0.0,0.0
2010-01-26 00:00:00-05:00,8.087548049316132,8.104514782087811,8.025335796882123,8.030991554260254,4317600,0.0,0.0
2010-01-27 00:00:00-05:00,8.06492140661197,8.06492140661197,7.8613185607342215,7.963119983673096,4590200,0.0,0.0
2010-01-28 00:00:00-05:00,7.980090070086501,8.042302316700876,7.827388410700413,7.974434852600098,5906400,0.0,0.0
2010-01-29 00:00:00-05:00,7.980087819373723,8.053611019587,7.878286921615922,7.8895978927612305,3918700,0.0,0.0
2010-02-01 00:00:00-05:00,7.923532628005467,8.081890014428375,7.861320393103121,8.064923286437988,4989400,0.0,0.0
2010-02-02 00:00:00-05:00,8.087545800644683,8.195002464138213,7.991400109399785,8.178035736083984,4657100,0.0,0.0
2010-02-03 00:00:00-05:00,8.166723063099255,8.200657053744589,8.104511376172377,8.132789611816406,3609700,0.0,0.0
2010-02-04 00:00:00-05:00,8.098857756780019,8.13844751286618,7.855666160583497,7.855666160583496,5717500,0.0,0.0
2010-02-05 00:00:00-05:00,7.850008116146273,7.906564046501578,7.759518196087809,7.872630596160889,5084400,0.0,0.0
2010-02-08 00:00:00-05:00,7.906565546714543,7.917877058549362,7.770830640872142,7.776486396789551,4410200,0.0,0.0
2010-02-09 00:00:00-05:00,7.855664563101553,8.014021937155691,7.804763843743522,7.923532009124756,5162600,0.0,0.0
2010-02-10 00:00:00-05:00,7.9291892585262405,7.946155988388371,7.75386458540883,7.821732044219971,4420100,0.0,0.0
2010-02-11 00:00:00-05:00,7.841808339400139,7.899173651834365,7.732814355190342,7.881963729858398,3952900,0.195,0.0
2010-02-12 00:00:00-05:00,7.824599046585605,7.859017796746285,7.750024358469238,7.8303351402282715,5529300,0.0,0.0
2010-02-16 00:00:00-05:00,7.85901630027781,8.019638380287319,7.85901630027781,8.002429008483887,2975400,0.0,0.0
2010-02-17 00:00:00-05:00,8.008165476096876,8.082740148411316,8.002428836593598,8.065530776977539,3407200,0.0,0.0
2010-02-18 00:00:00-05:00,8.059796564570117,8.260574083961696,8.0311139054924,8.254837989807129,5963400,0.0,0.0
2010-02-19 00:00:00-05:00,8.22615536291009,8.369568111783485,8.163053403277015,8.335148811340332,4373100,0.0,0.0
2010-02-22 00:00:00-05:00,8.335151004859746,8.38104305281031,8.266312932933896,8.28925895690918,2310200,0.0,0.0
2010-02-23 00:00:00-05:00,8.260574359598486,8.30073030247769,8.191736303760726,8.208946228027344,2839400,0.0,0.0
2010-02-24 00:00:00-05:00,8.21468222420837,8.237628242546755,8.025377436147654,8.151580810546875,3171800,0.0,0.0
2010-02-25 00:00:00-05:00,8.05979543332698,8.122896836780303,8.00243012322313,8.088478088378906,4075600,0.0,0.0
2010-02-26 00:00:00-05:00,8.054059891529311,8.054059891529311,7.663977042595948,7.675450325012207,12626900,0.0,0.0
2010-03-01 00:00:00-05:00,7.727080110496024,7.847546857771509,7.727080110496024,7.801654815673828,6794300,0.0,0.0
2010-03-02 00:00:00-05:00,7.8360711466299655,7.979483870534836,7.8303345063755,7.933591842651367,3806900,0.0,0.0
2010-03-03 00:00:00-05:00,7.985221641101958,8.008167658291715,7.887700931276444,7.899174213409424,3725200,0.0,0.0
2010-03-04 00:00:00-05:00,7.933594224692255,8.042588233947754,7.893438825006698,8.042588233947754,3937800,0.0,0.0
2010-03-05 00:00:00-05:00,8.036849021911621,8.122896435742987,8.031112381769232,8.036849021911621,4250700,0.0,0.0
2010-03-08 00:00:00-05:00,8.04258759928408,8.140107769813937,8.04258759928408,8.117161750793457,2968600,0.0,0.0
2010-03-09 00:00:00-05:00,8.117159498370988,8.163051523677417,8.054058100343672,8.094213485717773,2637700,0.0,0.0
2010-03-10 00:00:00-05:00,8.111425981261851,8.117162075939554,8.036851279689015,8.099952697753906,2848000,0.0,0.0
2010-03-11 00:00:00-05:00,8.12863386120491,8.19173526763916,8.088478470480949,8.19173526763916,1936000,0.0,0.0
2010-03-12 00:00:00-05:00,8.226154220324101,8.254836875530097,8.122896880412975,8.16878890991211,1616900,0.0,0.0
2010-03-15 00:00:00-04:00,8.17452488520388,8.214680270979127,8.088477473663753,8.16305160522461,2251500,0.0,0.0
2010-03-16 00:00:00-04:00,8.151580970656134,8.294993724856928,8.122898310400728,8.27778434753418,2335200,0.0,0.0
2010-03-17 00:00:00-04:00,8.317937505840925,8.329410785686887,8.266308840686289,8.294991493225098,2584700,0.0,0.0
2010-03-18 00:00:00-04:00,8.329411690010753,8.329411690010753,8.220417707945028,8.26630973815918,1757500,0.0,0.0
2010-03-19 00:00:00-04:00,8.27778434753418,8.329413026578665,8.220419027023366,8.27778434753418,4085700,0.0,0.0
2010-03-22 00:00:00-04:00,8.249100580452964,8.283519330480312,8.185999174018715,8.19173526763916,3552600,0.0,0.0
2010-03-23 00:00:00-04:00,8.191735641423097,8.23189158105552,8.15158024886687,8.203208923339844,3383500,0.0,0.0
2010-03-24 00:00:00-04:00,8.174524538901142,8.231889842215091,8.128632515080415,8.140105247497559,2031800,0.0,0.0
2010-03-25 00:00:00-04:00,8.163054783443972,8.19747408970656,8.105690002441406,8.105690002441406,1783400,0.0,0.0
2010-03-26 00:00:00-04:00,8.151578526990779,8.191733911064896,8.071267211766468,8.140105247497559,3173100,0.0,0.0
2010-03-29 00:00:00-04:00,8.168789743013766,8.317939127635167,8.134370990917258,8.300729751586914,3443400,0.0,0.0
2010-03-30 00:00:00-04:00,8.272045105275108,8.317937128424468,8.214679802800374,8.283517837524414,3417800,0.0,0.0
2010-03-31 00:00:00-04:00,8.243363669927783,8.31793835531422,8.208944921027058,8.237627029418945,3647700,0.0,0.0
2010-04-01 00:00:00-04:00,8.243365060335831,8.386777814789294,8.243365060335831,8.317939758300781,4110900,0.0,0.0
2010-04-05 00:00:00-04:00,8.352358545005073,8.426932691294898,8.323675886467951,8.398250579833984,2402600,0.0,0.0
2010-04-06 00:00:00-04:00,8.375305203752223,8.47282592200029,8.352359184580694,8.455615997314453,3617400,0.0,0.0
2010-04-07 00:00:00-04:00,8.467088512256568,8.467088512256568,8.266310452414205,8.300729751586914,4859500,0.0,0.0
2010-04-08 00:00:00-04:00,8.24910192941548,8.306466704533886,8.203209890490252,8.243365287780762,2889400,0.0,0.0
2010-04-09 00:00:00-04:00,8.294993739471277,8.352359060083158,8.208946305629697,8.317939758300781,2459700,0.0,0.0
2010-04-12 00:00:00-04:00,8.363831470530256,8.392514129720178,8.323676075910095,8.335148811340332,2088700,0.0,0.0
2010-04-13 00:00:00-04:00,8.346622418606723,8.36383179595979,8.2605744376889,8.317939758300781,1615300,0.0,0.0
2010-04-14 00:00:00-04:00,8.323676772268309,8.346622792124665,8.231892692842882,8.329413414001465,1372100,0.0,0.0
2010-04-15 00:00:00-04:00,8.358093316460627,8.39251261067388,8.323674569323495,8.386775970458984,1575100,0.0,0.0
2010-04-16 00:00:00-04:00,8.369568619822068,8.39825128075305,8.191736559710993,8.214682579040527,2913700,0.0,0.0
2010-04-19 00:00:00-04:00,8.18599663140623,8.237624740411295,8.128631336410379,8.17452335357666,3239700,0.0,0.0
2010-04-20 00:00:00-04:00,8.20320828051822,8.249100310436619,8.163052344032506,8.237627029418945,1942400,0.0,0.0
2010-04-21 00:00:00-04:00,8.226154669118195,8.28351943558369,8.191735371577959,8.249100685119629,3213400,0.0,0.0
2010-04-22 00:00:00-04:00,8.22615429547742,8.277782965904658,8.174525625050181,8.237627029418945,3453000,0.0,0.0
2010-04-23 00:00:00-04:00,8.249103598682034,8.363833719211584,8.208948193265783,8.358097076416016,1494500,0.0,0.0
2010-04-26 00:00:00-04:00,8.335146326931381,8.392511628212684,8.317936955377416,8.346619606018066,2709400,0.0,0.0
2010-04-27 00:00:00-04:00,8.289253363358139,8.335145380340977,8.134367942810059,8.134367942810059,2608400,0.0,0.0
2010-04-28 00:00:00-04:00,8.180265142358019,8.254839853970557,8.122899811247962,8.226157188415527,2303600,0.0,0.0
2010-04-29 00:00:00-04:00,8.277784007654057,8.312202760886343,8.231891971960199,8.254837989807129,3377000,0.0,0.0
2010-04-30 00:00:00-04:00,8.283519059337346,8.403985774642184,8.237627029418945,8.237627029418945,4300800,0.0,0.0
2010-05-03 00:00:00-04:00,8.283522361302715,8.392516386113064,8.272049622787945,8.358097076416016,2917300,0.0,0.0
2010-05-04 00:00:00-04:00,8.294995257501792,8.375306611640605,8.203211165386774,8.226157188415527,4552200,0.0,0.0
2010-05-05 00:00:00-04:00,8.260573419582258,8.403986156360256,8.19747201234736,8.249100685119629,6588700,0.0,0.0
2010-05-06 00:00:00-04:00,8.254838618891307,8.254838618891307,3.2526014233645473,7.962276458740234,9331200,0.0,0.0
2010-05-07 00:00:00-04:00,7.956540049013711,8.054060771906899,7.675451164004533,7.887701988220215,7085500,0.0,0.0
2010-05-10 00:00:00-04:00,8.13437237444709,8.27778514241928,7.996695701415802,8.11142635345459,5670200,0.0,0.0
2010-05-11 00:00:00-04:00,8.031110631060674,8.249097985267154,8.02537399216882,8.134367942810059,5572700,0.0,0.0
2010-05-12 00:00:00-04:00,8.189625914411716,8.38157022844447,8.084928814137756,8.311772346496582,6556100,0.195,0.0
2010-05-13 00:00:00-04:00,8.294321228110404,8.43973358952312,8.247789316834664,8.288504600524902,3815000,0.0,0.0
2010-05-14 00:00:00-04:00,8.253607873956573,8.323406316582844,8.148911319425778,8.230341911315918,4945300,0.0,0.0
2010-05-17 00:00:00-04:00,8.247790336608887,8.282688997028567,8.079111998702555,8.247790336608887,3196700,0.0,0.0
2010-05-18 00:00:00-04:00,8.288507773878491,8.346672962594466,8.108196132622448,8.131462097167969,5675300,0.0,0.0
2010-05-19 00:00:00-04:00,8.067479329288366,8.125644507160352,7.922066939312647,8.003498077392578,6158100,0.0,0.0
2010-05-20 00:00:00-04:00,7.863904946549424,7.922069589172707,7.701042615913597,7.71849250793457,7340200,0.0,0.0
2010-05-21 00:00:00-04:00,7.642878525445006,7.770841081283456,7.532364753479241,7.753391742706299,5127900,0.0,0.0
2010-05-24 00:00:00-04:00,7.735940570740497,7.817371167938136,7.666142678269232,7.6777753829956055,2656000,0.0,0.0
2010-05-25 00:00:00-04:00,7.520729951924902,7.596344470977783,7.4160328402048625,7.596344470977783,6941900,0.0,0.0
2010-05-26 00:00:00-04:00,7.654509714656945,7.770839539938104,7.58471181948825,7.648693084716797,5641300,0.0,0.0
2010-05-27 00:00:00-04:00,7.741759421139362,7.875538614740402,7.724309526987878,7.863905906677246,2918100,0.0,0.0
2010-05-28 00:00:00-04:00,7.8813523469115365,8.032581379033363,7.875535717667399,7.922067642211914,5267700,0.0,0.0
2010-06-01 00:00:00-04:00,7.875531724143945,7.927880251387717,7.712670070822001,7.724302768707275,3010500,0.0,0.0
2010-06-02 00:00:00-04:00,7.770838262623897,7.898801326751709,7.730122969144068,7.898801326751709,3166400,0.0,0.0
2010-06-03 00:00:00-04:00,7.8929839990083615,8.003497721104598,7.8929839990083615,7.980231761932373,2551100,0.0,0.0
2010-06-04 00:00:00-04:00,7.840637132095225,7.9046189495554735,7.642876714112143,7.6777753829956055,5225100,0.0,0.0
2010-06-07 00:00:00-04:00,7.701043302825308,7.84645575441055,7.677777332759849,7.730125904083252,6318100,0.0,0.0
2010-06-08 00:00:00-04:00,7.706859803364231,7.765025004894052,7.671960571505444,7.753391742706299,7405300,0.0,0.0
2010-06-09 00:00:00-04:00,7.68359374915491,7.701043087540082,7.48583273177474,7.503282070159912,9512000,0.0,0.0
2010-06-10 00:00:00-04:00,7.660326174183308,7.74175732742076,7.578895020945857,7.654509544372559,32234100,0.0,0.0
2010-06-11 00:00:00-04:00,7.631244711942999,7.71849250793457,7.590529406636258,7.71849250793457,4659300,0.0,0.0
2010-06-14 00:00:00-04:00,7.765024833327419,7.863905340920686,7.724308971274365,7.7592082023620605,4381900,0.0,0.0
2010-06-15 00:00:00-04:00,7.817371735324537,7.922068858982543,7.79992239961633,7.910436153411865,3559100,0.0,0.0
2010-06-16 00:00:00-04:00,7.852271139440822,8.061664836798995,7.811555836963941,8.015132904052734,4091100,0.0,0.0
2010-06-17 00:00:00-04:00,8.020946975053695,8.11401081085205,7.974415057154518,8.11401081085205,2925500,0.0,0.0
2010-06-18 00:00:00-04:00,8.11982888359908,8.160544180327134,8.073296957422928,8.148911476135254,4313400,0.0,0.0
2010-06-21 00:00:00-04:00,8.201263257532872,8.23034530680347,8.084932841632352,8.13728141784668,2854200,0.0,0.0
2010-06-22 00:00:00-04:00,8.131465353538852,8.166364591685246,7.922071588774205,7.933704853057861,4185900,0.0,0.0
2010-06-23 00:00:00-04:00,7.956969790000492,7.997685100278287,7.811557333631796,7.863905906677246,2636200,0.0,0.0
2010-06-24 00:00:00-04:00,7.852270001962991,7.9744164464039216,7.834820668386948,7.87553596496582,3409500,0.0,0.0
2010-06-25 00:00:00-04:00,7.898804585571214,7.945336527232836,7.794107439480312,7.863905906677246,7757100,0.0,0.0
2010-06-28 00:00:00-04:00,7.904617255946585,8.026763680276822,7.852268709133023,7.980231761932373,2736900,0.0,0.0
2010-06-29 00:00:00-04:00,7.922069456792499,7.945335424393917,7.695225856650358,7.741758346557617,4750300,0.0,0.0
2010-06-30 00:00:00-04:00,7.71267473307136,7.817371296143111,7.625426950023158,7.654509544372559,5145800,0.0,0.0
2010-07-01 00:00:00-04:00,7.625426508940622,7.677775064800642,7.538179285643468,7.596344470977783,5208900,0.0,0.0
2010-07-02 00:00:00-04:00,7.625426541759332,7.6370598007579895,7.538179318086678,7.57889461517334,3336000,0.0,0.0
2010-07-06 00:00:00-04:00,7.677775733237384,7.770839594111089,7.607977837582105,7.7010416984558105,9079400,0.0,0.0
2010-07-07 00:00:00-04:00,7.706857871294591,7.974416732788086,7.706857871294591,7.974416732788086,4309000,0.0,0.0
2010-07-08 00:00:00-04:00,7.991864993705222,8.12564468383789,7.945333072277579,8.12564468383789,5752600,0.0,0.0
2010-07-09 00:00:00-04:00,8.108195501212318,8.183810018773011,8.06748020510437,8.1721773147583,2345400,0.0,0.0
2010-07-12 00:00:00-04:00,8.131462625439736,8.189627817934493,8.090747323516037,8.18381118774414,2380600,0.0,0.0
2010-07-13 00:00:00-04:00,8.253606796264648,8.329221303649698,8.201258803186597,8.253606796264648,3642000,0.0,0.0
2010-07-14 00:00:00-04:00,8.247790336608887,8.300138881942612,8.131459989332074,8.247790336608887,4428800,0.0,0.0
2010-07-15 00:00:00-04:00,8.259424575365315,8.33503909328334,8.183810057447293,8.31758975982666,2935200,0.0,0.0
2010-07-16 00:00:00-04:00,8.253608286255703,8.29432413893899,8.084929910008752,8.10237979888916,2975000,0.0,0.0
2010-07-19 00:00:00-04:00,8.148911352024573,8.201259906851536,8.07329683446388,8.1721773147583,3477800,0.0,0.0
2010-07-20 00:00:00-04:00,8.067478907171559,8.253606579096314,8.067478907171559,8.241973876953125,2453400,0.0,0.0
2010-07-21 00:00:00-04:00,8.247791585688132,8.27687362220743,8.038397372641716,8.09074592590332,2413400,0.0,0.0
2010-07-22 00:00:00-04:00,8.143093626827564,8.294322641597663,8.10237833619878,8.253606796264648,2233100,0.0,0.0
2010-07-23 00:00:00-04:00,8.236156061663662,8.305953928577269,8.177991449921057,8.288504600524902,2279800,0.0,0.0
2010-07-26 00:00:00-04:00,8.29432470850886,8.375755310058594,8.28850807848263,8.375755310058594,2675500,0.0,0.0
2010-07-27 00:00:00-04:00,8.381569825697515,8.497899623354172,8.340854535193742,8.492083549499512,3969700,0.0,0.0
2010-07-28 00:00:00-04:00,8.468818049313706,8.48045075235821,8.404836241104022,8.457184791564941,2560800,0.0,0.0
2010-07-29 00:00:00-04:00,8.503718481981757,8.515351742150317,8.265242195570027,8.335040092468262,3304400,0.0,0.0
2010-07-30 00:00:00-04:00,8.282688309034908,8.335036850020352,8.212890439289039,8.276871681213379,3189600,0.0,0.0
2010-08-02 00:00:00-04:00,8.352488800398264,8.486268508762423,8.352488800398264,8.451369285583496,2645500,0.0,0.0
2010-08-03 00:00:00-04:00,8.433920988412856,8.503718888648987,8.381572424559659,8.41065502166748,3062800,0.0,0.0
2010-08-04 00:00:00-04:00,8.433918396034993,8.579330782173528,8.329221300509895,8.567697525024414,4976800,0.0,0.0
2010-08-05 00:00:00-04:00,8.55025118963967,8.614233016967773,8.492086547628444,8.614233016967773,2829700,0.0,0.0
2010-08-06 00:00:00-04:00,8.556065971079969,8.631680488586426,8.43973615749477,8.631680488586426,3210400,0.0,0.0
2010-08-09 00:00:00-04:00,8.660762710118776,8.7247439661772,8.625863490184182,8.701478004455566,3418300,0.0,0.0
2010-08-10 00:00:00-04:00,8.649128874188952,8.771275303744856,8.532799073351004,8.759642601013184,4046800,0.0,0.0
2010-08-11 00:00:00-04:00,8.66076560098411,8.66076560098411,8.544435198841885,8.573517799377441,3431400,0.0,0.0
2010-08-12 00:00:00-04:00,8.482152208050694,8.594147018462545,8.364262223859978,8.535202026367188,3209200,0.195,0.0
2010-08-13 00:00:00-04:00,8.511624240173063,8.647197498700326,8.511624240173063,8.546991348266602,3285800,0.0,0.0
2010-08-16 00:00:00-04:00,8.505730190608402,8.600041729336352,8.42320731315089,8.546991348266602,2584900,0.0,0.0
2010-08-17 00:00:00-04:00,8.60593687984567,8.782770744961297,8.576464381612682,8.712037086486816,3411000,0.0,0.0
2010-08-18 00:00:00-04:00,8.70614257112027,8.735614505636532,8.535202202935695,8.67667007446289,3875300,0.0,0.0
2010-08-19 00:00:00-04:00,8.647197448844668,8.647197448844668,8.47036303367875,8.541096687316895,3235100,0.0,0.0
2010-08-20 00:00:00-04:00,8.464467386172313,8.594146016376783,8.452678726412474,8.576462745666504,2375200,0.0,0.0
2010-08-23 00:00:00-04:00,8.62361850898794,8.688457543019654,8.558779474956225,8.576462745666504,7254700,0.0,0.0
2010-08-24 00:00:00-04:00,8.505730411620867,8.717931379272574,8.488046576044047,8.647197723388672,3760900,0.0,0.0
2010-08-25 00:00:00-04:00,8.605935333164632,8.729719353783475,8.6000407221492,8.706141471862793,4379000,0.0,0.0
2010-08-26 00:00:00-04:00,8.741510380117619,8.747404992728802,8.588253825074053,8.61772632598877,2757800,0.0,0.0
2010-08-27 00:00:00-04:00,8.688456644738375,8.824029871876652,8.570567248623123,8.818135261535645,3883700,0.0,0.0
2010-08-30 00:00:00-04:00,8.759192538002901,8.81813753231005,8.641303111529732,8.647197723388672,3275600,0.0,0.0
2010-08-31 00:00:00-04:00,8.635409808996696,8.782771754966888,8.570570755140649,8.71793270111084,4646100,0.0,0.0
2010-09-01 00:00:00-04:00,8.80045501252574,8.947816948772232,8.753299237898155,8.912449836730957,4174800,0.0,0.0
2010-09-02 00:00:00-04:00,8.930128809301452,8.930128809301452,8.794556163098969,8.877079010009766,3334900,0.0,0.0
2010-09-03 00:00:00-04:00,8.906552846230998,8.994970321655273,8.88297496521273,8.994970321655273,2577200,0.0,0.0
2010-09-07 00:00:00-04:00,8.994970371782308,9.053914793585951,8.918342117510646,9.00086498260498,4005600,0.0,0.0
2010-09-08 00:00:00-04:00,9.036229532166635,9.042124141690458,8.853501134055382,8.877079010009766,3871500,0.0,0.0
2010-09-09 00:00:00-04:00,8.971391627162072,9.030336043292484,8.936024527771044,8.965497016906738,1927300,0.0,0.0
2010-09-10 00:00:00-04:00,9.018546373946387,9.048018859778225,8.906551040213591,8.959601402282715,5049600,0.0,0.0
2010-09-13 00:00:00-04:00,9.036231472901987,9.04212608369181,8.930130727249267,8.994970321655273,3409300,0.0,0.0
2010-09-14 00:00:00-04:00,9.000862017444232,9.059806419829776,8.918339179535458,8.989072799682617,4614300,0.0,0.0
2010-09-15 00:00:00-04:00,8.97728888630859,9.000867335763557,8.882977337053424,8.912449836730957,4124200,0.0,0.0
2010-09-16 00:00:00-04:00,8.882975965405196,8.947815567111919,8.829925586605546,8.835820198059082,4211800,0.0,0.0
2010-09-17 00:00:00-04:00,8.88297577134155,8.912448265824267,8.78866423870972,8.859397888183594,5111600,0.0,0.0
2010-09-20 00:00:00-04:00,8.930131102544745,9.071598956740674,8.871186678592403,9.065704345703125,4101900,0.0,0.0
2010-09-21 00:00:00-04:00,9.077493861710739,9.165911349189237,9.030338093245314,9.053915977478027,6046800,0.0,0.0
2010-09-22 00:00:00-04:00,9.042127172337809,9.171805814621733,9.042127172337809,9.083388328552246,3887500,0.0,0.0
2010-09-23 00:00:00-04:00,9.02444654490181,9.118758107970937,8.983184814453125,8.983184814453125,4188000,0.0,0.0
2010-09-24 00:00:00-04:00,9.083387183983298,9.272010231071324,9.083387183983298,9.224854469299316,4592800,0.0,0.0
2010-09-27 00:00:00-04:00,9.248435165642224,9.319169391974537,9.177701501451104,9.266119003295898,4200800,0.0,0.0
2010-09-28 00:00:00-04:00,9.313271333307114,9.342743823016574,9.189487326240172,9.336849212646484,4600600,0.0,0.0
2010-09-29 00:00:00-04:00,9.319168236707416,9.33685151002776,9.218962084323595,9.289695739746094,2083700,0.0,0.0
2010-09-30 00:00:00-04:00,9.342747280038244,9.419374994639396,9.254329778193448,9.266119003295898,5474700,0.0,0.0
2010-10-01 00:00:00-04:00,9.336851585094017,9.437057738283473,9.272011978829587,9.372218132019043,3715500,0.0,0.0
2010-10-04 00:00:00-04:00,9.372215839310295,9.41347755015055,9.24843183107151,9.301482200622559,3258700,0.0,0.0
2010-10-05 00:00:00-04:00,9.360431216279277,9.46063682601739,9.336853326551267,9.448848724365234,2607300,0.0,0.0
2010-10-06 00:00:00-04:00,9.44295173392783,9.460634444095286,9.307378480519391,9.366323471069336,3123300,0.0,0.0
2010-10-07 00:00:00-04:00,9.41348051313912,9.46653033724715,9.348640902327361,9.431163787841797,2206300,0.0,0.0
2010-10-08 00:00:00-04:00,9.448848231039939,9.507792109070646,9.419375167742178,9.484214782714844,2697500,0.0,0.0
2010-10-11 00:00:00-04:00,9.513686277245855,9.566736664420874,9.460635890070833,9.52547550201416,3309200,0.0,0.0
2010-10-12 00:00:00-04:00,9.496000137839298,9.53726128535734,9.431160549292686,9.478316307067871,2716700,0.0,0.0
2010-10-13 00:00:00-04:00,9.525473358964883,9.537262581080839,9.407583948510574,9.425267219543457,4553800,0.0,0.0
2010-10-14 00:00:00-04:00,9.425267461856151,9.496001672088282,9.360428424974609,9.407584190368652,2947800,0.0,0.0
2010-10-15 00:00:00-04:00,9.49600246636781,9.50779056549072,9.431162861921786,9.507790565490723,2754500,0.0,0.0
2010-10-18 00:00:00-04:00,9.525474499153693,9.584419492507022,9.496002564618147,9.519579887390137,6361500,0.0,0.0
2010-10-19 00:00:00-04:00,9.43116295950126,9.57263026897991,9.43116295950126,9.519579887390137,5188500,0.0,0.0
2010-10-20 00:00:00-04:00,9.519579675481971,9.7023081389557,9.51368506384963,9.661046981811523,6131200,0.0,0.0
2010-10-21 00:00:00-04:00,9.69641465160557,9.761253130996902,9.596208502420193,9.661046981811523,3227000,0.0,0.0
2010-10-22 00:00:00-04:00,9.66693983619037,9.74356864919903,9.566733705220434,9.678729057312012,5545100,0.0,0.0
2010-10-25 00:00:00-04:00,9.749465081752803,9.778937015782653,9.63746970873138,9.66694164276123,1975200,0.0,0.0
2010-10-26 00:00:00-04:00,9.649257128789916,9.761251356599486,9.637467907668274,9.678729057312012,3866500,0.0,0.0
2010-10-27 00:00:00-04:00,9.613889465424991,9.684623667872833,9.549050997819979,9.678729057312012,2934300,0.0,0.0
2010-10-28 00:00:00-04:00,9.678730816708548,9.75535851936456,9.596208502420193,9.661046981811523,4175900,0.0,0.0
2010-10-29 00:00:00-04:00,9.672837374002361,9.796621984676008,9.613892374837878,9.76125431060791,3930000,0.0,0.0
2010-11-01 00:00:00-04:00,9.820195420792421,9.867351176592981,9.666938933370124,9.755355834960938,2532800,0.0,0.0
2010-11-02 00:00:00-04:00,9.879142810729432,9.949875899574007,9.855564364926456,9.885037422180176,3985700,0.0,0.0
2010-11-03 00:00:00-04:00,9.908614494873948,9.914509106176666,9.77893641906061,9.85556411743164,3864900,0.0,0.0
2010-11-04 00:00:00-04:00,9.961666204894662,10.020611201524797,9.90861582035577,9.973455429077148,5654300,0.0,0.0
2010-11-05 00:00:00-04:00,9.938087178207612,9.973453720413737,9.755357607531401,9.831986427307129,7082700,0.0,0.0
2010-11-08 00:00:00-05:00,9.802511590761497,9.808406200771806,9.666938933370124,9.755355834960938,5042800,0.0,0.0
2010-11-09 00:00:00-05:00,9.761254504559513,9.837883342280625,9.731782566532852,9.784832954406738,4078500,0.0,0.0
2010-11-10 00:00:00-05:00,9.778936336411588,9.778936336411588,9.702307514406058,9.773041725158691,3321400,0.0,0.0
2010-11-11 00:00:00-05:00,9.719990449636194,9.796619264558059,9.714095838928202,9.778935432434082,4154200,0.0,0.0
2010-11-12 00:00:00-05:00,9.78788583805937,9.78788583805937,9.585089816767642,9.608948707580566,6524200,0.195,0.0
2010-11-15 00:00:00-05:00,9.662627473961493,9.716308826189941,9.644733310667268,9.674555778503418,2734900,0.0,0.0
2010-11-16 00:00:00-05:00,9.638770906262522,9.668593381266549,9.394222970735111,9.471762657165527,4563800,0.0,0.0
2010-11-17 00:00:00-05:00,9.507547381312346,9.513512102292328,9.340539175662544,9.35843276977539,5196100,0.0,0.0
2010-11-18 00:00:00-05:00,9.447904143556501,9.477727186780738,9.406152224338914,9.453868865966797,2321700,0.0,0.0
2010-11-19 00:00:00-05:00,9.471759012663528,9.483687884309749,9.328609139946686,9.4359712600708,3691500,0.0,0.0
2010-11-22 00:00:00-05:00,9.435969628744644,9.489650963939583,9.376324143171212,9.465792655944824,2583700,0.0,0.0
2010-11-23 00:00:00-05:00,9.400182723999023,9.441934621994935,9.32860779793734,9.400182723999023,2804100,0.0,0.0
2010-11-24 00:00:00-05:00,9.4896579113155,9.513516236776933,9.43597653682044,9.495622634887695,1956100,0.0,0.0
2010-11-26 00:00:00-05:00,9.489655286481721,9.495620008404076,9.382292567188074,9.41808032989502,1486100,0.0,0.0
2010-11-29 00:00:00-05:00,9.352468981897719,9.358433134282901,9.209318516937987,9.304752349853516,3034400,0.0,0.0
2010-11-30 00:00:00-05:00,9.245105524397925,9.328609908105717,9.23317608294235,9.32264518737793,3720200,0.0,0.0
2010-12-01 00:00:00-05:00,9.412111593929163,9.441934621994935,9.334571948488936,9.400182723999023,3063700,0.0,0.0
2010-12-02 00:00:00-05:00,9.382292827803644,9.46579723055459,9.328612035492899,9.447903633117676,2317600,0.0,0.0
2010-12-03 00:00:00-05:00,9.435971727887544,9.495617795556877,9.346503195210603,9.483688354492188,6587800,0.0,0.0
2010-12-06 00:00:00-05:00,9.465797205303982,9.465797205303982,9.340540885925293,9.340540885925293,4348400,0.0,0.0
2010-12-07 00:00:00-05:00,9.459832804657903,9.4717622492075,9.316682883026086,9.328612327575684,3619300,0.0,0.0
2010-12-08 00:00:00-05:00,9.328609908105717,9.394220129630149,9.262999117754209,9.32264518737793,2491800,0.0,0.0
2010-12-09 00:00:00-05:00,9.352469393179202,9.406150748796387,9.292823316087409,9.394221305847168,2800800,0.0,0.0
2010-12-10 00:00:00-05:00,9.441938911029636,9.537372189129458,9.388257549891684,9.447903633117676,4786800,0.0,0.0
2010-12-13 00:00:00-05:00,9.531404609535963,9.567192931334903,9.483687984791446,9.501582145690918,2655700,0.0,0.0
2010-12-14 00:00:00-05:00,9.537370771818939,9.644733478140099,9.525441898242766,9.602981567382812,2726100,0.0,0.0
2010-12-15 00:00:00-05:00,9.57912475079506,9.585089473284544,9.43001067034867,9.459833145141602,2636200,0.0,0.0
2010-12-16 00:00:00-05:00,9.489653075024531,9.501582516089222,9.388255101282901,9.483688354492188,2785100,0.0,0.0
2010-12-17 00:00:00-05:00,9.45386378636091,9.489650963939583,9.388253012755126,9.465792655944824,3708200,0.0,0.0
2010-12-20 00:00:00-05:00,9.543335896445473,9.573158366060149,9.447902628493361,9.489654541015625,3136400,0.0,0.0
2010-12-21 00:00:00-05:00,9.507549854701258,9.573160096068266,9.465797934633823,9.471762657165527,2400700,0.0,0.0
2010-12-22 00:00:00-05:00,9.477727379697232,9.531408176000829,9.465797934633823,9.471762657165527,2473700,0.0,0.0
2010-12-23 00:00:00-05:00,9.471759482254555,9.507546667794509,9.430007576182257,9.483688354492188,1628300,0.0,0.0
2010-12-27 00:00:00-05:00,9.453865889484579,9.513511388326853,9.36439678798058,9.483688354492188,1393800,0.0,0.0
2010-12-28 00:00:00-05:00,9.513514383588031,9.513514383588031,9.430010545152856,9.453868865966797,2191800,0.0,0.0
2010-12-29 00:00:00-05:00,9.447905030587489,9.49562167669532,9.441940307617188,9.441940307617188,1190800,0.0,0.0
2010-12-30 00:00:00-05:00,9.44789934137348,9.471757650060708,9.370359695933251,9.400182723999023,1698000,0.0,0.0
2010-12-31 00:00:00-05:00,9.400186787322976,9.418080384366345,9.370363746365898,9.376328468322754,1416600,0.0,0.0
2011-01-03 00:00:00-05:00,9.430008376434031,9.441937249683974,9.376327024741524,9.424043655395508,3048400,0.0,0.0
2011-01-04 00:00:00-05:00,9.41808198456327,9.489656953725019,9.352471738371824,9.441940307617188,2851400,0.0,0.0
2011-01-05 00:00:00-05:00,9.430010091210859,9.453868410876309,9.376328729756796,9.40615177154541,2444400,0.0,0.0
2011-01-06 00:00:00-05:00,9.388256299362835,9.40615046324343,9.286858312681327,9.31071662902832,3605000,0.0,0.0
2011-01-07 00:00:00-05:00,9.346505675833798,9.388257592987326,9.257037119411322,9.352470397949219,5801900,0.0,0.0
2011-01-10 00:00:00-05:00,9.298785641888907,9.388254165649414,9.233174860226,9.388254165649414,3209700,0.0,0.0
2011-01-11 00:00:00-05:00,9.400184850357936,9.406149571085724,9.316680466650142,9.32264518737793,3714800,0.0,0.0
2011-01-12 00:00:00-05:00,9.382292883052752,9.435974244506815,9.340540965845019,9.40615177154541,2999000,0.0,0.0
2011-01-13 00:00:00-05:00,9.412115924841364,9.441938966629978,9.370364007633633,9.40615177154541,2160900,0.0,0.0
2011-01-14 00:00:00-05:00,9.406151440865933,9.424045037779157,9.32264704055891,9.364398956298828,2404200,0.0,0.0
2011-01-18 00:00:00-05:00,9.388254165649414,9.418077196511916,9.33457282386231,9.388254165649414,2894200,0.0,0.0
2011-01-19 00:00:00-05:00,9.406148796541732,9.447900700544054,9.36439632371238,9.4359712600708,2882700,0.0,0.0
2011-01-20 00:00:00-05:00,9.435973379777266,9.668591832991018,9.435973379777266,9.507548332214355,4982600,0.0,0.0
2011-01-21 00:00:00-05:00,9.5671933042909,9.579121607701472,9.4777242027869,9.483688354492188,5661800,0.0,0.0
2011-01-24 00:00:00-05:00,9.483689855465478,9.602982009684382,9.447902664261525,9.597017288208008,7371000,0.0,0.0
2011-01-25 00:00:00-05:00,9.55526387157682,9.632802963256836,9.549299151039262,9.632802963256836,3148400,0.0,0.0
2011-01-26 00:00:00-05:00,9.614913430283796,9.63877118344219,9.57316037136118,9.608948707580566,1779100,0.0,0.0
2011-01-27 00:00:00-05:00,9.62087352218172,9.662626565944624,9.579121616072934,9.632802963256836,2713600,0.0,0.0
2011-01-28 00:00:00-05:00,9.638770729339088,9.644735451761308,9.495620804169237,9.56123161315918,3912800,0.0,0.0
2011-01-31 00:00:00-05:00,9.597015777685607,9.698413751515853,9.543334430501705,9.632802963256836,4686400,0.0,0.0
2011-02-01 00:00:00-05:00,9.680520127963973,9.704379011440324,9.644732940403628,9.692449569702148,3181100,0.0,0.0
2011-02-02 00:00:00-05:00,9.662628017163897,9.698415208109964,9.585087776184082,9.585087776184082,2435700,0.0,0.0
2011-02-03 00:00:00-05:00,9.591052515876582,9.656663314114518,9.549300603417636,9.638769149780273,8149700,0.0,0.0
2011-02-04 00:00:00-05:00,9.656662288137145,9.662627008948169,9.54333486803605,9.626838684082031,6955300,0.0,0.0
2011-02-07 00:00:00-05:00,9.650696740135867,9.752094709923792,9.63280257923656,9.746129989624023,10423000,0.0,0.0
2011-02-08 00:00:00-05:00,9.728236243075658,9.752095125290946,9.674554895745384,9.686484336853027,2291400,0.0,0.0
2011-02-09 00:00:00-05:00,9.644733478140099,9.656662920543393,9.549300214222232,9.602981567382812,2945400,0.0,0.0
2011-02-10 00:00:00-05:00,9.597017609531544,9.668591994335877,9.555265695453295,9.620875358581543,2289700,0.0,0.0
2011-02-11 00:00:00-05:00,9.567194398073449,9.716309015467456,9.56122967685918,9.656662940979004,2857600,0.0,0.0
2011-02-14 00:00:00-05:00,9.685647589925745,9.685647589925745,9.552801319884626,9.589032173156738,3246200,0.198,0.0
2011-02-15 00:00:00-05:00,9.558840835701501,9.667532830385364,9.540725695210835,9.637340545654297,3312000,0.0,0.0
2011-02-16 00:00:00-05:00,9.661496178413774,9.697726466595599,9.576957879539437,9.613188743591309,2152800,0.0,0.0
2011-02-17 00:00:00-05:00,9.576954935347175,9.625262355318746,9.558839796825303,9.607147216796875,2038700,0.0,0.0
2011-02-18 00:00:00-05:00,9.601109504699707,9.607148076704116,9.546764084269794,9.601109504699707,2833700,0.0,0.0
2011-02-22 00:00:00-05:00,9.516572760781179,9.601110473896988,9.492419046195236,9.52864933013916,2085000,0.0,0.0
2011-02-23 00:00:00-05:00,9.51657375944214,9.558842620435703,9.38372802734375,9.38372802734375,4142500,0.0,0.0
2011-02-24 00:00:00-05:00,9.377689562456538,9.450150714655674,9.299189836939961,9.341459274291992,4854700,0.0,0.0
2011-02-25 00:00:00-05:00,9.389765815402052,9.474303530319979,9.341458385200383,9.468265533447266,3380600,0.0,0.0
2011-02-28 00:00:00-05:00,9.480339058562834,9.643377015038235,9.41995507813735,9.576953887939453,4044500,0.0,0.0
2011-03-01 00:00:00-05:00,9.5648813654822,9.721880817521138,9.438074204353835,9.444112777709961,5873500,0.0,0.0
2011-03-02 00:00:00-05:00,9.275032437272907,9.528646657217891,9.268994442222649,9.516570091247559,5699300,0.0,0.0
2011-03-03 00:00:00-05:00,9.552804162128204,9.64338103432286,9.522612447266699,9.613188743591309,4604500,0.0,0.0
2011-03-04 00:00:00-05:00,9.601108740334192,9.631301022082638,9.480340189210278,9.589032173156738,3498700,0.0,0.0
2011-03-07 00:00:00-05:00,9.60714520490809,9.715837165017241,9.540722660324581,9.552799224853516,3304700,0.0,0.0
2011-03-08 00:00:00-05:00,9.5588391350642,9.739991659481422,9.546762568842308,9.721877098083496,2932900,0.0,0.0
2011-03-09 00:00:00-05:00,9.685651350415922,9.812457946426758,9.685651350415922,9.806419372558594,2952600,0.0,0.0
2011-03-10 00:00:00-05:00,9.752071683598908,9.776225974920665,9.625264533509691,9.673572540283203,4924200,0.0,0.0
2011-03-11 00:00:00-05:00,9.70376138494591,9.752068801573147,9.655453968318675,9.721877098083496,2864800,0.0,0.0
2011-03-14 00:00:00-04:00,9.655453670893621,9.667530812613322,9.462224010336891,9.510531425476074,9339400,0.0,0.0
2011-03-15 00:00:00-04:00,9.299189721866655,9.492420034543263,9.299189721866655,9.407881736755371,6697400,0.0,0.0
2011-03-16 00:00:00-04:00,9.371648409929945,9.407878685897128,9.202571869183581,9.250879287719727,5608900,0.0,0.0
2011-03-17 00:00:00-04:00,9.37768348176733,9.37768348176733,9.11199276265,9.178415298461914,10243100,0.0,0.0
2011-03-18 00:00:00-04:00,9.226728811381985,10.102301798976765,9.16634480498893,10.066071510314941,28385400,0.0,0.0
2011-03-21 00:00:00-04:00,10.27741336852518,10.39818133896323,10.180798531478855,10.32572078704834,13789600,0.0,0.0
2011-03-22 00:00:00-04:00,10.337799383451214,10.392144229160214,10.186838535368771,10.198914527893066,6187200,0.0,0.0
2011-03-23 00:00:00-04:00,10.204951099645445,10.277412799286582,10.13852912269235,10.241181373596191,5099800,0.0,0.0
2011-03-24 00:00:00-04:00,10.277416111188113,10.386108119806039,10.21703153398482,10.367992401123047,3924200,0.0,0.0
2011-03-25 00:00:00-04:00,10.361949634691308,10.48875731067247,10.31364222282695,10.343833923339844,3854100,0.0,0.0
2011-03-28 00:00:00-04:00,10.404222686749018,10.537068986944266,10.349876682440055,10.367992401123047,3354200,0.0,0.0
2011-03-29 00:00:00-04:00,10.380066111118902,10.458565229282035,10.313642983007275,10.440450668334961,2495900,0.0,0.0
2011-03-30 00:00:00-04:00,10.506874445197797,10.724258427731352,10.464605593425123,10.67595100402832,3853900,0.0,0.0
2011-03-31 00:00:00-04:00,10.663872528467772,10.718218517314458,10.603487968444824,10.603487968444824,2981900,0.0,0.0
2011-04-01 00:00:00-04:00,10.70010213733099,10.79671696665419,10.669910435069847,10.718217849731445,2220600,0.0,0.0
2011-04-04 00:00:00-04:00,10.89937133629491,10.89937133629491,10.742373088484166,10.814833641052246,3298400,0.0,0.0
2011-04-05 00:00:00-04:00,10.75445013564331,10.820873275137414,10.645758144376533,10.67595100402832,3030400,0.0,0.0
2011-04-06 00:00:00-04:00,10.73029556706473,10.766525842069957,10.663872436438748,10.694064140319824,2418800,0.0,0.0
2011-04-07 00:00:00-04:00,10.700104830887794,10.700104830887794,10.555182550421447,10.5612211227417,3972200,0.0,0.0
2011-04-08 00:00:00-04:00,10.627646278757622,10.688030861653429,10.488762544315353,10.567261695861816,2964900,0.0,0.0
2011-04-11 00:00:00-04:00,10.555183434736689,10.56726058038902,10.392145423650229,10.458568572998047,3789200,0.0,0.0
2011-04-12 00:00:00-04:00,10.40421962738037,10.428373911855108,10.325720506316824,10.404219627380371,3880100,0.0,0.0
2011-04-13 00:00:00-04:00,10.434415433433387,10.57933772604135,10.434415433433387,10.458568572998047,4277700,0.0,0.0
2011-04-14 00:00:00-04:00,10.367991308920413,10.71218186545886,10.367991308920413,10.6517972946167,5047800,0.0,0.0
2011-04-15 00:00:00-04:00,10.730297559864422,10.82691241231451,10.627644135168717,10.796719551086426,4858400,0.0,0.0
2011-04-18 00:00:00-04:00,10.706141566637859,10.766526127741894,10.573296453600747,10.76048755645752,4153600,0.0,0.0
2011-04-19 00:00:00-04:00,10.772568425503062,10.808798714002483,10.712183843510624,10.7544527053833,4321500,0.0,0.0
2011-04-20 00:00:00-04:00,10.869180954403099,10.965795804080827,10.796719241274875,10.935604095458984,3991300,0.0,0.0
2011-04-21 00:00:00-04:00,10.965793990384954,11.03825569152832,10.917486573535932,11.03825569152832,3633900,0.0,0.0
2011-04-25 00:00:00-04:00,10.97183616889157,11.050335315178613,10.95372044971454,11.026182174682617,2554200,0.0,0.0
2011-04-26 00:00:00-04:00,11.02013988371333,11.050331587082436,10.959755325235463,11.032217025756836,4500000,0.0,0.0
2011-04-27 00:00:00-04:00,11.026183110348839,11.11072083686864,11.002028816063099,11.074490547180176,4358500,0.0,0.0
2011-04-28 00:00:00-04:00,11.08052587437263,11.165063576124526,10.995987020880925,11.146947860717773,4589900,0.0,0.0
2011-04-29 00:00:00-04:00,11.171102704876668,11.243564418376543,11.098640991376794,11.231487274169922,2137200,0.0,0.0
2011-05-02 00:00:00-04:00,11.279793646843542,11.334139638962961,11.18317880568452,11.225447654724121,3463100,0.0,0.0
2011-05-03 00:00:00-04:00,11.195256707716332,11.316024691482369,11.152986704071393,11.261678695678711,3332300,0.0,0.0
2011-05-04 00:00:00-04:00,11.231486038446391,11.297908020795136,11.086563779131309,11.16506290435791,3903100,0.0,0.0
2011-05-05 00:00:00-04:00,11.195256993289915,11.370370977326496,11.092603571013345,11.231487274169922,5852400,0.0,0.0
2011-05-06 00:00:00-04:00,11.322065074825229,11.358295360577465,11.255641924496116,11.303949356079102,4974800,0.0,0.0
2011-05-09 00:00:00-04:00,11.285830326281603,11.430752563723507,11.26771461469903,11.418675422668457,3187400,0.0,0.0
2011-05-10 00:00:00-04:00,11.412639029125431,11.684368995999282,11.406600457446036,11.630023002624512,3878500,0.0,0.0
2011-05-11 00:00:00-04:00,11.611907388049595,11.617945959781233,11.352254562288083,11.539446830749512,4141600,0.0,0.0
2011-05-12 00:00:00-04:00,11.556531691203164,11.562633484166918,11.458905331379107,11.532124519348145,4792600,0.198,0.0
2011-05-13 00:00:00-04:00,11.532124376478322,11.568733970009289,11.349075245025489,11.428396224975586,4485800,0.0,0.0
2011-05-16 00:00:00-04:00,11.41008872197693,11.446698304957835,11.33686839221746,11.403986930847168,3914800,0.0,0.0
2011-05-17 00:00:00-04:00,11.379583728720748,11.495515472958537,11.342974132992312,11.367380142211914,3237600,0.0,0.0
2011-05-18 00:00:00-04:00,11.410094661210064,11.587042040887924,11.36128147056118,11.580940246582031,4676800,0.0,0.0
2011-05-19 00:00:00-04:00,11.605348006033111,11.635855815294859,11.513823414449545,11.593144416809082,2591000,0.0,0.0
2011-05-20 00:00:00-04:00,11.587037637619046,11.648054393692327,11.483309501433814,11.568732261657715,2847700,0.0,0.0
2011-05-23 00:00:00-04:00,11.434498017863746,11.532124376478322,11.391786631444617,11.428396224975586,2954900,0.0,0.0
2011-05-24 00:00:00-04:00,11.465006612293267,11.538225796992192,11.410091641870094,11.44059944152832,4684600,0.0,0.0
2011-05-25 00:00:00-04:00,11.410092964390362,11.64195529454225,11.379583997397946,11.574836730957031,5436500,0.0,0.0
2011-05-26 00:00:00-04:00,11.556531592842301,11.635852573099971,11.471107655874812,11.605344772338867,2956400,0.0,0.0
2011-05-27 00:00:00-04:00,11.654158962553394,11.83110631715012,11.56263438853453,11.641955375671387,5035500,0.0,0.0
2011-05-31 00:00:00-04:00,11.73347692037313,11.818900842694575,11.696867332976968,11.794493675231934,5035700,0.0,0.0
2011-06-01 00:00:00-04:00,11.934835771522705,11.94093756562501,11.715177002830908,11.739583015441895,5615200,0.0,0.0
2011-06-02 00:00:00-04:00,11.702972542073015,11.849412098215344,11.660261150339604,11.806700706481934,7363000,0.0,0.0
2011-06-03 00:00:00-04:00,11.696865378547463,11.78838991364393,11.641950424730059,11.648052215576172,7129800,0.0,0.0
2011-06-06 00:00:00-04:00,11.617544425143217,11.696865378547463,11.55042588963359,11.648052215576172,5117900,0.0,0.0
2011-06-07 00:00:00-04:00,11.702967169393574,11.721271378134304,11.629746843037836,11.648052215576172,5468800,0.0,0.0
2011-06-08 00:00:00-04:00,11.648056258063464,11.672462266120473,11.52602272638439,11.532124519348145,8723100,0.0,0.0
2011-06-09 00:00:00-04:00,11.550427336028763,11.568731547061628,11.440597414640573,11.483308792114258,5088200,0.0,0.0
2011-06-10 00:00:00-04:00,11.471109231092976,11.684667357140603,11.44670321989225,11.507719993591309,6469200,0.0,0.0
2011-06-13 00:00:00-04:00,11.532126488553788,11.532126488553788,11.355179117581718,11.422296524047852,4088200,0.0,0.0
2011-06-14 00:00:00-04:00,11.483312236483435,11.532125420208626,11.416193672437013,11.495515823364258,3437400,0.0,0.0
2011-06-15 00:00:00-04:00,11.440599796164362,11.50161656117017,11.25144887206455,11.281956672668457,5163300,0.0,0.0
2011-06-16 00:00:00-04:00,11.288059552821803,11.465008072002641,11.288059552821803,11.385685920715332,4127300,0.0,0.0
2011-06-17 00:00:00-04:00,11.45280321162089,11.544327775869627,11.4039900331017,11.434497833251953,3898200,0.0,0.0
2011-06-20 00:00:00-04:00,11.428393649059956,11.501613983416306,11.373478689242125,11.489410400390625,2605700,0.0,0.0
2011-06-21 00:00:00-04:00,11.532127634487265,11.660262993742915,11.495518030613503,11.593144416809082,3308800,0.0,0.0
2011-06-22 00:00:00-04:00,11.593141186515226,11.654157951835431,11.519920835371378,11.605344772338867,5535300,0.0,0.0
2011-06-23 00:00:00-04:00,11.501613144594575,11.526019145068256,11.269749739207558,11.446698188781738,5344400,0.0,0.0
2011-06-24 00:00:00-04:00,11.477211469743622,11.727379204188885,11.446703663610572,11.56263542175293,8528600,0.0,0.0
2011-06-27 00:00:00-04:00,11.69077068420152,11.727380287703252,11.611449682648056,11.666364669799805,3549700,0.0,0.0
2011-06-28 00:00:00-04:00,11.721277633134983,11.770091985953414,11.666363813810705,11.739583015441895,2787100,0.0,0.0
2011-06-29 00:00:00-04:00,11.763984745966011,11.831102122424346,11.751781163410792,11.800594329833984,4772400,0.0,0.0
2011-06-30 00:00:00-04:00,11.837208510920615,11.904327077243485,11.739582140159063,11.806700706481934,4932700,0.0,0.0
2011-07-01 00:00:00-04:00,11.861616199938009,12.087376755690837,11.812803012440249,12.075174331665039,2995200,0.0,0.0
2011-07-05 00:00:00-04:00,12.001953758242708,12.08127475011253,11.940936983989985,12.050766944885254,3043700,0.0,0.0
2011-07-06 00:00:00-04:00,12.014156448274619,12.087375640869142,11.947037885231238,12.08737564086914,3185400,0.0,0.0
2011-07-07 00:00:00-04:00,12.172799770435134,12.172799770435134,12.056868022620085,12.081274032592773,2605500,0.0,0.0
2011-07-08 00:00:00-04:00,11.971445953015431,12.050766944885254,11.916530972567797,12.050766944885254,2067500,0.0,0.0
2011-07-11 00:00:00-04:00,11.922635304047086,11.928735935352496,11.757890327639025,11.77009391784668,2848800,0.0,0.0
2011-07-12 00:00:00-04:00,11.721277019724777,11.995851920967967,11.715176389739964,11.867717742919922,4057100,0.0,0.0
2011-07-13 00:00:00-04:00,11.898224563170453,11.965343125429362,11.794496405042173,11.837207794189453,3103900,0.0,0.0
2011-07-14 00:00:00-04:00,11.84331104989188,11.965344602922714,11.757888261049224,11.782294273376465,3182700,0.0,0.0
2011-07-15 00:00:00-04:00,11.812802921790075,11.85551431504808,11.678565784352708,11.831107139587402,4334700,0.0,0.0
2011-07-18 00:00:00-04:00,11.770090395728614,11.84330958746736,11.696870040191799,11.837207794189453,3280200,0.0,0.0
2011-07-19 00:00:00-04:00,11.898226325360596,12.04466589432463,11.800599946051241,12.026360511779785,3251000,0.0,0.0
2011-07-20 00:00:00-04:00,12.08737530756918,12.313137000072937,12.056867505462373,12.276527404785156,5057300,0.0,0.0
2011-07-21 00:00:00-04:00,12.36194955146727,12.42296631636809,12.31313637230621,12.374153137207031,3395300,0.0,0.0
2011-07-22 00:00:00-04:00,12.410760228952984,12.410760228952984,12.221609343306364,12.361947059631348,2613200,0.0,0.0
2011-07-25 00:00:00-04:00,12.142291592714361,12.313138328824053,12.142291592714361,12.264325141906738,3028100,0.0,0.0
2011-07-26 00:00:00-04:00,12.28873208544642,12.28873208544642,12.203309292812179,12.233817100524902,2598900,0.0,0.0
2011-07-27 00:00:00-04:00,12.191105704207784,12.28873208544642,12.191105704207784,12.233817100524902,3711900,0.0,0.0
2011-07-28 00:00:00-04:00,12.270427081656086,12.27652887556808,12.050767156017063,12.075174331665039,4255700,0.0,0.0
2011-07-29 00:00:00-04:00,11.97144582547302,12.117885383840507,11.843310484527624,11.947038650512695,4648800,0.0,0.0
2011-08-01 00:00:00-04:00,12.069071608416674,12.069071608416674,11.837208112807495,11.934834480285645,4869000,0.0,0.0
2011-08-02 00:00:00-04:00,11.867720311911066,12.008058107903821,11.770093917846678,11.77009391784668,3401900,0.0,0.0
2011-08-03 00:00:00-04:00,11.837204281219979,11.855509655621148,11.56263064798878,11.78839111328125,4134200,0.0,0.0
2011-08-04 00:00:00-04:00,11.66635906010425,11.757883606748726,11.202633371468119,11.257548332214355,8191200,0.0,0.0
2011-08-05 00:00:00-04:00,11.43449899823092,11.507719355368591,11.043993530291589,11.312466621398926,9523300,0.0,0.0
2011-08-08 00:00:00-04:00,11.105007211492683,11.196531759606538,10.439927044042093,10.519248008728027,9447300,0.0,0.0
2011-08-09 00:00:00-04:00,10.671788868091642,11.202633087237553,10.452129030679856,11.196531295776367,8608200,0.0,0.0
2011-08-10 00:00:00-04:00,11.031788389453554,11.403989588526155,10.903654237260126,11.123312950134277,9403100,0.0,0.0
2011-08-11 00:00:00-04:00,11.1233129803315,11.812800411180483,11.105008766424422,11.67246150970459,6120700,0.0,0.0
2011-08-12 00:00:00-04:00,11.726720408717476,11.794539757003053,11.461605096777443,11.529425621032715,3330200,0.198,0.0
2011-08-15 00:00:00-04:00,11.6588999885807,12.047325134277342,11.634238727884718,12.047325134277344,3823200,0.0,0.0
2011-08-16 00:00:00-04:00,11.924013987461018,11.967172070895174,11.751380477754816,11.930179595947266,3278300,0.0,0.0
2011-08-17 00:00:00-04:00,11.998002995918428,12.170636564021345,11.954844897885193,11.985672950744629,2887200,0.0,0.0
2011-08-18 00:00:00-04:00,11.769879288587576,11.856195470015928,11.535590830468086,11.621908187866211,6273400,0.0,0.0
2011-08-19 00:00:00-04:00,11.510927751700963,11.7575462139824,11.48010088490438,11.547920227050781,3932900,0.0,0.0
2011-08-22 00:00:00-04:00,11.726717919197371,11.776041605647404,11.42461019269474,11.5047607421875,3949300,0.0,0.0
2011-08-23 00:00:00-04:00,11.677396744647389,11.86236031462977,11.473936347278888,11.843863487243652,9616300,0.0,0.0
2011-08-24 00:00:00-04:00,11.868524967944458,12.15830151783872,11.806870057592384,12.06581974029541,7385700,0.0,0.0
2011-08-25 00:00:00-04:00,12.145972133174572,12.145972133174572,11.726720131278565,11.862360000610352,4673200,0.0,0.0
2011-08-26 00:00:00-04:00,11.813033066472432,12.053485870361328,11.541752226207175,12.053485870361328,4473100,0.0,0.0
2011-08-29 00:00:00-04:00,12.207623172309567,12.275443679968097,12.059652117756839,12.226119995117188,5470200,0.0,0.0
2011-08-30 00:00:00-04:00,12.21379228877086,12.31860529618659,12.145972937598147,12.256950378417969,5133500,0.0,0.0
2011-08-31 00:00:00-04:00,12.324772623222731,12.417254424779669,12.256952086628353,12.337103843688965,4343100,0.0,0.0
2011-09-01 00:00:00-04:00,12.398755611639883,12.417251261657816,12.201460838317871,12.201460838317871,5325600,0.0,0.0
2011-09-02 00:00:00-04:00,11.954841939899262,12.102813029102153,11.954841939899262,11.991835594177246,3498400,0.0,0.0
2011-09-06 00:00:00-04:00,11.751385275730854,11.85619831085205,11.615745361561684,11.85619831085205,4988200,0.0,0.0
2011-09-07 00:00:00-04:00,11.985671603143079,12.090484619140625,11.893189806902853,12.090484619140625,4365500,0.0,0.0
2011-09-08 00:00:00-04:00,12.04732721855192,12.47890935114093,12.028830387852569,12.337103843688965,5641800,0.0,0.0
2011-09-09 00:00:00-04:00,12.182959427627223,12.201456246654024,11.880851772671136,12.034988403320312,5013800,0.0,0.0
2011-09-12 00:00:00-04:00,11.880857214693068,12.047325134277342,11.776044210803306,12.047325134277344,4182200,0.0,0.0
2011-09-13 00:00:00-04:00,12.034990863316088,12.238451210322266,11.874688593558279,12.226119995117188,3773100,0.0,0.0
2011-09-14 00:00:00-04:00,12.244617167837493,12.423415089542997,12.016494383902124,12.275444030761719,4426100,0.0,0.0
2011-09-15 00:00:00-04:00,12.3617633858337,12.38026021395521,12.152137371002238,12.256950378417969,4806900,0.0,0.0
2011-09-16 00:00:00-04:00,12.343265290759767,12.417250236663556,12.244617912241706,12.287775993347168,4668000,0.0,0.0
2011-09-19 00:00:00-04:00,12.096647592301562,12.355597270912591,12.05965394109314,12.312438011169434,2563200,0.0,0.0
2011-09-20 00:00:00-04:00,12.324768963093966,12.608381069742547,12.238452797403752,12.41108512878418,3342900,0.0,0.0
2011-09-21 00:00:00-04:00,12.37409271538505,12.411085190010551,11.924013883537809,11.936345100402832,4145500,0.0,0.0
2011-09-22 00:00:00-04:00,11.658896147884779,11.683558576426122,11.424608956588608,11.5355863571167,6104400,0.0,0.0
2011-09-23 00:00:00-04:00,11.486268201762957,11.757549166377707,11.443110107022633,11.695894241333008,3938800,0.0,0.0
2011-09-26 00:00:00-04:00,11.782209435998311,11.862360000610352,11.628072739770053,11.862360000610352,3979500,0.0,0.0
2011-09-27 00:00:00-04:00,12.065824381094442,12.121313704156844,11.80070898778965,11.85619831085205,4623800,0.0,0.0
2011-09-28 00:00:00-04:00,11.85002863777955,11.973338463642214,11.763712465257477,11.788374900817871,4239400,0.0,0.0
2011-09-29 00:00:00-04:00,12.004160090461806,12.571382925004723,11.948670810650173,12.306267738342285,10296700,0.0,0.0
2011-09-30 00:00:00-04:00,12.195290798695074,12.39258550033327,12.096643447875977,12.096643447875977,5593700,0.0,0.0
2011-10-03 00:00:00-04:00,12.08431860767468,12.281613413355931,11.819203271551821,11.825368881225586,4663800,0.0,0.0
2011-10-04 00:00:00-04:00,11.695891454152571,12.071985348927578,11.529424724962457,12.06581974029541,7200000,0.0,0.0
2011-10-05 00:00:00-04:00,12.065821574316342,12.170634585055703,11.84386433369892,12.152137756347656,3237600,0.0,0.0
2011-10-06 00:00:00-04:00,12.158301064146075,12.41108512878418,12.071984898455861,12.41108512878418,3631600,0.0,0.0
2011-10-07 00:00:00-04:00,12.485070750383288,12.485070750383288,12.176797398521973,12.287775993347168,3641400,0.0,0.0
2011-10-10 00:00:00-04:00,12.448080563333903,12.639209747314451,12.448080563333903,12.639209747314453,3020700,0.0,0.0
2011-10-11 00:00:00-04:00,12.559057997496502,12.565222430232865,12.312438353135734,12.361762046813965,6191100,0.0,0.0
2011-10-12 00:00:00-04:00,12.44191513172383,12.466576393249431,12.250785945013877,12.256950378417969,5419200,0.0,0.0
2011-10-13 00:00:00-04:00,12.226120092643388,12.39258797133163,12.195293230354196,12.374091148376465,2820600,0.0,0.0
2011-10-14 00:00:00-04:00,12.50973470303417,12.565222831219522,12.411086136559977,12.546727180480957,3359100,0.0,0.0
2011-10-17 00:00:00-04:00,12.534396637485285,12.700864558912386,12.478907330342919,12.64537525177002,3798400,0.0,0.0
2011-10-18 00:00:00-04:00,12.620712138837575,12.891993050784318,12.448079793392095,12.781014442443848,4629200,0.0,0.0
2011-10-19 00:00:00-04:00,12.799508801835554,13.021465975730496,12.68853021488808,12.744019508361816,5044200,0.0,0.0
2011-10-20 00:00:00-04:00,12.799514262737281,12.965982214181897,12.762521776628455,12.910492897033691,3971400,0.0,0.0
2011-10-21 00:00:00-04:00,13.058455180925463,13.150936921601115,12.941311015552767,13.089282035827637,3774000,0.0,0.0
2011-10-24 00:00:00-04:00,13.076956331699416,13.18793493764379,13.02763263749854,13.101618766784668,2917100,0.0,0.0
2011-10-25 00:00:00-04:00,13.083121733985402,13.150942253429834,12.879661351621719,12.891992568969727,3931400,0.0,0.0
2011-10-26 00:00:00-04:00,13.039963678986643,13.070791722426994,12.83650329615878,12.959813117980957,8685600,0.0,0.0
2011-10-27 00:00:00-04:00,13.132445634671603,13.18793493764379,13.02763263749854,13.101618766784668,8408500,0.0,0.0
2011-10-28 00:00:00-04:00,13.070795281969888,13.163277085537095,13.015305964635578,13.1262845993042,4019400,0.0,0.0
2011-10-31 00:00:00-04:00,13.064624660303707,13.089285916342817,12.842667476104298,12.848833084106445,5173800,0.0,0.0
2011-11-01 00:00:00-04:00,12.522064822572494,12.700863953952494,12.448079867219825,12.47274112701416,4749300,0.0,0.0
2011-11-02 00:00:00-04:00,12.645374822089028,13.2372591768695,12.13364103269645,12.38025951385498,12063900,0.0,0.0
2011-11-03 00:00:00-04:00,12.33710075639134,12.552892356670034,12.30010828021973,12.515898704528809,6163900,0.0,0.0
2011-11-04 00:00:00-04:00,12.429583377971314,12.583720077773508,12.374094071964949,12.522065162658691,4642800,0.0,0.0
2011-11-07 00:00:00-05:00,12.559058398286437,12.589885266830485,12.392590485821412,12.546727180480957,2806400,0.0,0.0
2011-11-08 00:00:00-05:00,12.54673055311979,12.571391819390197,12.355601329636738,12.435751914978027,5022500,0.0,0.0
2011-11-09 00:00:00-05:00,12.28161414326093,12.355600287773347,12.016498791382078,12.071988105773926,6303200,0.0,0.0
2011-11-10 00:00:00-05:00,12.195292485753901,12.244616167986734,11.917846038213371,12.053485870361328,6781200,0.0,0.0
2011-11-11 00:00:00-05:00,12.182966985423366,12.238456300957822,12.12747766988891,12.20762825012207,5011300,0.0,0.0
2011-11-14 00:00:00-05:00,12.156556507181708,12.181466865365758,11.863851780545831,11.988407135009766,6501000,0.198,0.0
2011-11-15 00:00:00-05:00,11.907451219881619,12.249976784673024,11.83894563178401,12.206382751464844,6488600,0.0,0.0
2011-11-16 00:00:00-05:00,12.125421097897158,12.200154572941916,11.982183224230353,12.000866889953613,3475100,0.0,0.0
2011-11-17 00:00:00-05:00,12.019548906864003,12.150332186214554,11.932360845862462,12.056916236877441,4093400,0.0,0.0
2011-11-18 00:00:00-05:00,12.106738155713785,12.150332186214554,12.019548906864003,12.056916236877441,2381700,0.0,0.0
2011-11-21 00:00:00-05:00,11.913675756843139,11.957270969981323,11.74552754327398,11.838943481445312,2669600,0.0,0.0
2011-11-22 00:00:00-05:00,11.851399547096298,11.901221461198647,11.726844167916363,11.770438194274902,2890800,0.0,0.0
2011-11-23 00:00:00-05:00,11.683249531434628,11.708159893260868,11.57737782101496,11.633427619934082,2832600,0.0,0.0
2011-11-25 00:00:00-05:00,11.583606160671975,11.689477875225007,11.577378273010254,11.577378273010254,1222300,0.0,0.0
2011-11-28 00:00:00-05:00,11.832718128751166,11.926134086934795,11.733074281642184,11.814034461975098,2826800,0.0,0.0
2011-11-29 00:00:00-05:00,11.876310616483854,12.019548479565158,11.870082728369685,11.9697265625,2714800,0.0,0.0
2011-11-30 00:00:00-05:00,12.243743754371756,12.405665229611557,12.150327838461669,12.393209457397461,5235800,0.0,0.0
2011-12-01 00:00:00-05:00,12.343393163431273,12.42435453175215,12.312254906599154,12.330937385559082,2799100,0.0,0.0
2011-12-02 00:00:00-05:00,12.411897361223405,12.430579838087095,12.212609689022539,12.225064277648926,2762400,0.0,0.0
2011-12-05 00:00:00-05:00,12.386984484947796,12.43057851010347,12.256202409480773,12.324707984924316,2981300,0.0,0.0
2011-12-06 00:00:00-05:00,12.368305188180658,12.399443446193537,12.249977669604599,12.256205558776855,3348800,0.0,0.0
2011-12-07 00:00:00-05:00,12.206383170382255,12.393215087071676,12.162789135677947,12.330937385559082,3166100,0.0,0.0
2011-12-08 00:00:00-05:00,12.299797710061991,12.312253486497525,12.044460232374638,12.094282150268555,2970400,0.0,0.0
2011-12-09 00:00:00-05:00,12.162784209698486,12.374527596375312,12.112962306236167,12.349616050720215,4504700,0.0,0.0
2011-12-12 00:00:00-05:00,12.218840591769224,12.249978852789644,11.9697297522118,12.106740951538086,2725200,0.0,0.0
2011-12-13 00:00:00-05:00,12.175242684482924,12.218837903307355,11.907450610222387,11.95727252960205,4004900,0.0,0.0
2011-12-14 00:00:00-05:00,11.919899363098212,11.994632799501717,11.67078988816598,11.683245658874512,5812400,0.0,0.0
2011-12-15 00:00:00-05:00,11.757982624973298,11.938587809166453,11.701934009992412,11.894993782043457,3406300,0.0,0.0
2011-12-16 00:00:00-05:00,11.938588309777352,12.050687920136006,11.926132533549012,11.9697265625,4881800,0.0,0.0
2011-12-19 00:00:00-05:00,12.038231639118488,12.075597778388461,11.857627642773483,11.894993782043457,2353400,0.0,0.0
2011-12-20 00:00:00-05:00,11.994632766879448,12.187692460945895,11.975949110867468,12.156554222106934,2559400,0.0,0.0
2011-12-21 00:00:00-05:00,12.169015528857503,12.306025505065918,12.10050994682919,12.306025505065918,2590700,0.0,0.0
2011-12-22 00:00:00-05:00,12.34962320469356,12.44926706934057,12.268663010111073,12.405673027038574,2291800,0.0,0.0
2011-12-23 00:00:00-05:00,12.4430368253001,12.598730482837434,12.39944279124538,12.59250259399414,1333700,0.0,0.0
2011-12-27 00:00:00-05:00,12.567589869486826,12.66100580891991,12.530223731283215,12.648550033569336,1332500,0.0,0.0
2011-12-28 00:00:00-05:00,12.685918610304071,12.741967229211166,12.530224966616652,12.561363220214844,1752600,0.0,0.0
2011-12-29 00:00:00-05:00,12.555134153845419,12.623639730751265,12.530223790873917,12.59872817993164,1605200,0.0,0.0
2011-12-30 00:00:00-05:00,12.64232056685609,12.64854845375351,12.499082731759362,12.5115385055542,1591800,0.0,0.0
2012-01-03 00:00:00-05:00,12.648545302038645,12.673456843420961,12.355841817882473,12.386980056762695,1898600,0.0,0.0
2012-01-04 00:00:00-05:00,12.337162572220153,12.50531197311898,12.287340659492513,12.324707984924316,2595200,0.0,0.0
2012-01-05 00:00:00-05:00,12.262432982958751,12.368304719175653,12.206383170382255,12.330937385559082,3991200,0.0,0.0
2012-01-06 00:00:00-05:00,12.3122537529634,12.355847783583027,12.144104330989201,12.169015884399414,3143600,0.0,0.0
2012-01-09 00:00:00-05:00,12.175242455229704,12.281114180399017,12.162787866505493,12.268659591674805,1882300,0.0,0.0
2012-01-10 00:00:00-05:00,12.362071635339095,12.386981992767064,12.156556138204952,12.175238609313965,3022800,0.0,0.0
2012-01-11 00:00:00-05:00,12.16278377601726,12.187694132936269,12.013318070959713,12.032000541687012,1784400,0.0,0.0
2012-01-12 00:00:00-05:00,12.08805139303262,12.1129629399911,11.907447428975395,11.932357788085938,3250300,0.0,0.0
2012-01-13 00:00:00-05:00,11.882528868950237,11.951034394806166,11.82025122615823,11.88875675201416,2839900,0.0,0.0
2012-01-17 00:00:00-05:00,12.025775867598956,12.069369894737129,11.83894398333589,11.913676261901855,5639200,0.0,0.0
2012-01-18 00:00:00-05:00,11.888765056611488,11.913675418420453,11.7579817966082,11.79534912109375,3455400,0.0,0.0
2012-01-19 00:00:00-05:00,11.776667028036384,11.789122804524574,11.46527974292099,11.47773551940918,5534900,0.0,0.0
2012-01-20 00:00:00-05:00,11.670793869174279,11.72061578115541,11.477734108728413,11.714387893676758,10466500,0.0,0.0
2012-01-23 00:00:00-05:00,11.7392991057709,11.782893129018879,11.664565646025764,11.670793533325195,4067800,0.0,0.0
2012-01-24 00:00:00-05:00,11.465277171665596,11.608515005611933,11.40922737788695,11.571148872375488,3946400,0.0,0.0
2012-01-25 00:00:00-05:00,11.527556468168992,11.683250097634513,11.427912640338908,11.65833854675293,4907000,0.0,0.0
2012-01-26 00:00:00-05:00,11.708159674443158,11.745526998256247,11.477733783502666,11.508872032165527,5568000,0.0,0.0
2012-01-27 00:00:00-05:00,11.508872604722342,11.508872604722342,11.290901289694276,11.353178977966309,5903000,0.0,0.0
2012-01-30 00:00:00-05:00,11.322040441559471,11.459050402016167,11.253534867407085,11.421684265136719,6976400,0.0,0.0
2012-01-31 00:00:00-05:00,11.440368039420425,11.558694338670936,11.346950914535801,11.502644538879395,5289600,0.0,0.0
2012-02-01 00:00:00-05:00,11.571149933596383,11.745527217772327,11.552466271340654,11.633427619934082,4573100,0.0,0.0
2012-02-02 00:00:00-05:00,11.620970779306734,11.67702057308538,11.540010625986444,11.571148872375488,2632900,0.0,0.0
2012-02-03 00:00:00-05:00,11.789120736111032,11.857626306928477,11.658337481627546,11.757981300354004,6469900,0.0,0.0
2012-02-06 00:00:00-05:00,11.739298876432,11.764209237295034,11.62097139575053,11.68947696685791,3096000,0.0,0.0
2012-02-07 00:00:00-05:00,11.652110698401625,11.814032216134628,11.589834196683501,11.751755714416504,4641700,0.0,0.0
2012-02-08 00:00:00-05:00,11.751756112931673,11.782894364846667,11.708160897263244,11.76421070098877,6009600,0.0,0.0
2012-02-09 00:00:00-05:00,11.770437463504315,11.782893238218614,11.68324941620033,11.733071327209473,12613000,0.0,0.0
2012-02-10 00:00:00-05:00,11.683249750229102,11.782893575096242,11.658338200088272,11.776665687561035,12539900,0.0,0.0
2012-02-13 00:00:00-05:00,11.832715315988798,11.87630934025517,11.739299380011133,11.745527267456055,3753600,0.0,0.0
2012-02-14 00:00:00-05:00,11.709645128270601,11.791486203987269,11.659281112266608,11.728530883789062,4435600,0.203,0.0
2012-02-15 00:00:00-05:00,11.728526785924968,11.923688330428634,11.62779878911063,11.860733032226562,8915700,0.0,0.0
2012-02-16 00:00:00-05:00,11.848145096032207,11.967760076496704,11.804076735011808,11.867032051086426,10510800,0.0,0.0
2012-02-17 00:00:00-05:00,11.867031499669933,12.11255590010229,11.81666748930502,11.948872566223145,7527000,0.0,0.0
2012-02-21 00:00:00-05:00,11.986643741550784,12.043302189616718,11.892210192971847,11.929984092712402,4441900,0.0,0.0
2012-02-22 00:00:00-05:00,11.929985978775667,12.005531388655177,11.797779710327562,11.82925796508789,3276100,0.0,0.0
2012-02-23 00:00:00-05:00,11.829255476651257,11.892209571383429,11.797777228512782,11.854436874389648,2273900,0.0,0.0
2012-02-24 00:00:00-05:00,11.860739597476838,11.911103623761901,11.791488611044963,11.835556983947754,2272700,0.0,0.0
2012-02-27 00:00:00-05:00,11.804074829421886,11.83555188199131,11.678164217599019,11.722233772277832,4152200,0.0,0.0
2012-02-28 00:00:00-05:00,11.722233218894026,11.785187321060933,11.627799664098607,11.65927791595459,7224200,0.0,0.0
2012-02-29 00:00:00-05:00,11.703350565358663,12.389561097759044,11.703350565358663,12.269946098327637,19686800,0.0,0.0
2012-03-01 00:00:00-05:00,12.200691869733138,12.219578822751343,12.049599847905446,12.188101768493652,7966200,0.0,0.0
2012-03-02 00:00:00-05:00,12.150325556170904,12.320304498752636,12.118848507887957,12.295123100280762,4672300,0.0,0.0
2012-03-05 00:00:00-05:00,12.162918537339173,12.244760795425558,12.03071347534629,12.156622886657715,6245900,0.0,0.0
2012-03-06 00:00:00-05:00,12.043303104542057,12.137736660295076,11.999234752269336,12.062190055847168,3338000,0.0,0.0
2012-03-07 00:00:00-05:00,12.043305162282323,12.257352510555936,12.00553245399073,12.144034385681152,8124600,0.0,0.0
2012-03-08 00:00:00-05:00,12.188102194234677,12.263647607401065,12.093668626617655,12.225874900817871,7696100,0.0,0.0
2012-03-09 00:00:00-05:00,12.23846618620903,12.251056287870748,12.112555563410318,12.125146865844727,4015300,0.0,0.0
2012-03-12 00:00:00-04:00,12.162920621204435,12.238467241552714,12.043305639308326,12.194398880004883,3512000,0.0,0.0
2012-03-13 00:00:00-04:00,12.219577267500316,12.263645618161329,12.137736216383075,12.257349967956543,3396200,0.0,0.0
2012-03-14 00:00:00-04:00,12.23846072913402,12.23846072913402,12.024413486282533,12.04959487915039,4846800,0.0,0.0
2012-03-15 00:00:00-04:00,12.08737499298995,12.144034657079965,11.9362817549014,12.09996509552002,5229400,0.0,0.0
2012-03-16 00:00:00-04:00,12.093667061573399,12.131440964040955,11.986644606899599,12.00553035736084,3675100,0.0,0.0
2012-03-19 00:00:00-04:00,12.011827511141965,12.068487171162142,11.917395144699231,11.923690795898438,3266200,0.0,0.0
2012-03-20 00:00:00-04:00,11.885912125051151,12.08107363169142,11.885912125051151,12.055891036987305,3504500,0.0,0.0
2012-03-21 00:00:00-04:00,12.043303489685059,12.125145747185305,12.024417738548523,12.043303489685059,2007500,0.0,0.0
2012-03-22 00:00:00-04:00,11.992940011992472,12.200691689025058,11.992940011992472,12.150327682495117,6004200,0.0,0.0
2012-03-23 00:00:00-04:00,12.131441484704464,12.200691240655342,12.118850183341545,12.156622886657715,3019600,0.0,0.0
2012-03-26 00:00:00-04:00,12.206990772270425,12.307718813652777,12.169218056945285,12.269946098327637,3115000,0.0,0.0
2012-03-27 00:00:00-04:00,12.288828910673699,12.364374315838326,12.257350657877966,12.301420211791992,2326100,0.0,0.0
2012-03-28 00:00:00-04:00,12.295124835783954,12.301420486483682,11.98664515613279,12.068486213684082,5081100,0.0,0.0
2012-03-29 00:00:00-04:00,12.024416061665294,12.181803703308105,11.948869465336882,12.181803703308105,3193200,0.0,0.0
2012-03-30 00:00:00-04:00,12.244759947872419,12.427329001907395,12.206986046398281,12.414737701416016,4899800,0.0,0.0
2012-04-02 00:00:00-04:00,12.421033581602105,12.553239837664,12.34548817880033,12.509171485900879,4373400,0.0,0.0
2012-04-03 00:00:00-04:00,12.553242082169843,12.565832184372884,12.339194734672509,12.47769546508789,3421000,0.0,0.0
2012-04-04 00:00:00-04:00,12.395853817438685,12.44621782621315,12.326602855084039,12.35807991027832,3599600,0.0,0.0
2012-04-05 00:00:00-04:00,12.358075592434888,12.395849486397262,12.225870565883382,12.307711601257324,3328200,0.0,0.0
2012-04-09 00:00:00-04:00,12.194397845460658,12.282534561079007,12.162919589330754,12.225874900817871,2108400,0.0,0.0
2012-04-10 00:00:00-04:00,12.175510736635763,12.20698779159188,11.961463400770684,11.999236106872559,3336700,0.0,0.0
2012-04-11 00:00:00-04:00,12.106258362395918,12.125145313629696,11.99293905653832,12.00553035736084,3027400,0.0,0.0
2012-04-12 00:00:00-04:00,11.999236243046013,12.125146865844727,11.904803876333323,12.125146865844727,2875700,0.0,0.0
2012-04-13 00:00:00-04:00,12.093667615710405,12.175509874034288,12.043303610885166,12.068486213684082,3540400,0.0,0.0
2012-04-16 00:00:00-04:00,12.093666188394689,12.181804087016111,12.024416440415832,12.162917137145996,4044100,0.0,0.0
2012-04-17 00:00:00-04:00,12.219575872813571,12.269939867931056,12.068483887461118,12.263644218444824,3327000,0.0,0.0
2012-04-18 00:00:00-04:00,12.213281136027188,12.232168085897303,12.11884878822151,12.162917137145996,2664500,0.0,0.0
2012-04-19 00:00:00-04:00,12.156622947231568,12.238465205725754,12.087373190935633,12.169214248657227,2967900,0.0,0.0
2012-04-20 00:00:00-04:00,12.194395104848423,12.358077196846658,12.194395104848423,12.295123100280762,2170900,0.0,0.0
2012-04-23 00:00:00-04:00,12.213284600886043,12.244762859599822,12.049601257892764,12.137739181518555,4393300,0.0,0.0
2012-04-24 00:00:00-04:00,12.169212505604126,12.295123100280762,12.13773545732118,12.295123100280762,3386100,0.0,0.0
2012-04-25 00:00:00-04:00,12.364373700223004,12.465101702609026,12.301419599311119,12.414737701416016,3217300,0.0,0.0
2012-04-26 00:00:00-04:00,12.38325987445545,12.540647518411022,12.339191526271478,12.49657917022705,3608500,0.0,0.0
2012-04-27 00:00:00-04:00,12.553242071783826,12.666561396926628,12.402150038517668,12.622491836547852,8510200,0.0,0.0
2012-04-30 00:00:00-04:00,12.5973085555855,12.742104915808046,12.534353250905784,12.723217964172363,3219700,0.0,0.0
2012-05-01 00:00:00-04:00,12.754695922453937,12.880605328134159,12.641376616800962,12.855423927307129,4936900,0.0,0.0
2012-05-02 00:00:00-04:00,12.805062127227421,12.817653430192786,12.553242071783826,12.622491836547852,5934800,0.0,0.0
2012-05-03 00:00:00-04:00,12.647671957416508,12.786172660504162,12.351783600504131,12.414737701416016,10032800,0.0,0.0
2012-05-04 00:00:00-04:00,12.50917371217779,12.685447150601934,12.446218398123705,12.622491836547852,6155600,0.0,0.0
2012-05-07 00:00:00-04:00,12.609894998760325,12.62248509422793,12.49028008602733,12.521757125854492,3074800,0.0,0.0
2012-05-08 00:00:00-04:00,12.43991610184061,12.528052773974343,12.402143413893596,12.521757125854492,5511200,0.0,0.0
2012-05-09 00:00:00-04:00,12.40214442888128,12.490281108228093,12.288825154994123,12.446212768554688,5452000,0.0,0.0
2012-05-10 00:00:00-04:00,12.54064808315098,12.786172434531137,12.490284082848063,12.74839973449707,7080600,0.0,0.0
2012-05-11 00:00:00-04:00,12.685445827347715,12.786173839017934,12.616196069807325,12.742105484008789,5833600,0.0,0.0
2012-05-14 00:00:00-04:00,12.699496683464405,12.84576121759701,12.654981865095372,12.769449234008789,4101800,0.203,0.0
2012-05-15 00:00:00-04:00,12.73129472100263,12.883917485698603,12.585031389786229,12.610467910766602,6787900,0.0,0.0
2012-05-16 00:00:00-04:00,12.648622262758135,12.852119265685944,12.629545176819787,12.731293678283691,7790500,0.0,0.0
2012-05-17 00:00:00-04:00,12.73129472100263,12.80760549688166,12.527797701408002,12.610467910766602,5421300,0.0,0.0
2012-05-18 00:00:00-04:00,12.610464556605448,12.680417093336679,12.438763537140204,12.476920127868652,3954100,0.0,0.0
2012-05-21 00:00:00-04:00,12.47056302619718,12.629545211791992,12.438765861315526,12.629545211791992,3351600,0.0,0.0
2012-05-22 00:00:00-04:00,12.642262255805779,12.807603866412112,12.572310922311463,12.705855369567871,3413700,0.0,0.0
2012-05-23 00:00:00-04:00,12.654982352736896,12.718575472687911,12.527797325772744,12.635905265808105,4167600,0.0,0.0
2012-05-24 00:00:00-04:00,12.6359071179876,12.807606990203979,12.604109946882303,12.737655639648438,2470100,0.0,0.0
2012-05-25 00:00:00-04:00,12.756729214413248,12.833041191101074,12.69949553513181,12.833041191101074,2786700,0.0,0.0
2012-05-29 00:00:00-04:00,12.877557133526375,12.877557133526375,12.744012678796258,12.871197700500488,2995600,0.0,0.0
2012-05-30 00:00:00-04:00,12.820323313830155,12.91571238233534,12.71857481236625,12.731293678283691,2797900,0.0,0.0
2012-05-31 00:00:00-04:00,12.756730661798624,12.966587105328419,12.69313754283308,12.864838600158691,4120300,0.0,0.0
2012-06-01 00:00:00-04:00,12.724936867325406,12.763092260001917,12.604110042088713,12.699499130249023,5407600,0.0,0.0
2012-06-04 00:00:00-04:00,12.737652681499826,12.737652681499826,12.495999088972594,12.578670501708984,6432900,0.0,0.0
2012-06-05 00:00:00-04:00,12.585029286227496,12.788526271808072,12.508717310165924,12.67405891418457,2872300,0.0,0.0
2012-06-06 00:00:00-04:00,12.72493614856191,12.813965797424316,12.623187631879734,12.813965797424316,3578000,0.0,0.0
2012-06-07 00:00:00-04:00,12.87755759075957,12.941150710338551,12.858479291004516,12.922072410583496,2840900,0.0,0.0
2012-06-08 00:00:00-04:00,12.92207096592987,12.992023510940022,12.86483728600115,12.972945213317871,2155300,0.0,0.0
2012-06-11 00:00:00-04:00,13.036537884050231,13.036537884050231,12.794885520379934,12.820322036743164,4677700,0.0,0.0
2012-06-12 00:00:00-04:00,12.83304438085646,12.915714597623703,12.763091819250164,12.909355163574219,1785700,0.0,0.0
2012-06-13 00:00:00-04:00,12.883918640314308,12.934792899772154,12.737655295990251,12.909355163574219,2994500,0.0,0.0
2012-06-14 00:00:00-04:00,12.928429117637513,13.011099306601144,12.89663317102172,12.979303359985352,1917800,0.0,0.0
2012-06-15 00:00:00-04:00,13.023818400152308,13.18280056191082,12.960225292861375,13.112849235534668,3853200,0.0,0.0
2012-06-18 00:00:00-04:00,13.055617842029735,13.19552173217103,13.055617842029735,13.170083999633789,1925700,0.0,0.0
2012-06-19 00:00:00-04:00,13.201881784334626,13.354504547900945,13.08741440842541,13.09377384185791,5033600,0.0,0.0
2012-06-20 00:00:00-04:00,13.112853431421494,13.214601950469701,12.934792916618118,13.08741569519043,4089300,0.0,0.0
2012-06-21 00:00:00-04:00,12.979304499070212,13.112850155039476,12.807603461225893,12.833041191101074,4365500,0.0,0.0
2012-06-22 00:00:00-04:00,12.909355734966184,12.998386602661602,12.845763817532696,12.934793472290039,3175300,0.0,0.0
2012-06-25 00:00:00-04:00,12.839401372920204,12.915712141124061,12.76944882461851,12.896635055541992,1768000,0.0,0.0
2012-06-26 00:00:00-04:00,12.934792018375191,12.960228539901818,12.86483946153557,12.902996063232422,1578700,0.0,0.0
2012-06-27 00:00:00-04:00,12.90299396783752,13.074693795838222,12.90299396783752,13.049257278442383,2941100,0.0,0.0
2012-06-28 00:00:00-04:00,13.004741317021374,13.125566886642746,12.92206991366187,13.112849235534668,1682000,0.0,0.0
2012-06-29 00:00:00-04:00,13.265477290351347,13.354506948534713,13.068338457319435,13.14465045928955,3668000,0.0,0.0
2012-07-02 00:00:00-04:00,13.201881408691406,13.246396228514397,13.100132902542322,13.201881408691406,3287700,0.0,0.0
2012-07-03 00:00:00-04:00,13.170086698618958,13.189165001931665,13.081057042369187,13.13193130493164,1580000,0.0,0.0
2012-07-05 00:00:00-04:00,13.093775059438086,13.112853361509666,12.966588804836915,13.011103630065918,2536900,0.0,0.0
2012-07-06 00:00:00-04:00,12.941157398195823,13.093780236296569,12.903001991905262,13.081061363220215,2313700,0.0,0.0
2012-07-09 00:00:00-04:00,13.042903438243133,13.087418272475709,12.972950862770078,13.074699401855469,2559600,0.0,0.0
2012-07-10 00:00:00-04:00,13.10013415766073,13.189163805836605,12.960229038598083,13.017462730407715,1984500,0.0,0.0
2012-07-11 00:00:00-04:00,13.011100682942013,13.093772093588408,12.972945300379383,13.049257278442383,2069400,0.0,0.0
2012-07-12 00:00:00-04:00,12.985669557038237,13.176447761997915,12.960231816143217,13.119214057922363,1996800,0.0,0.0
2012-07-13 00:00:00-04:00,13.131930532196682,13.348146438598633,13.131930532196682,13.348146438598633,2250300,0.0,0.0
2012-07-16 00:00:00-04:00,13.341786096544416,13.354504963805526,13.12557020485729,13.163726806640625,3023500,0.0,0.0
2012-07-17 00:00:00-04:00,13.182802990635075,13.252755542836523,13.074695052204593,13.227317810058594,1913000,0.0,0.0
2012-07-18 00:00:00-04:00,13.195524725246212,13.322710990905763,13.182805856092633,13.322710990905762,1730900,0.0,0.0
2012-07-19 00:00:00-04:00,13.271832970562984,13.316347787062222,13.074694193298104,13.303628921508789,3298300,0.0,0.0
2012-07-20 00:00:00-04:00,13.297270241276319,13.468971297151564,13.240036555984572,13.4498929977417,4757900,0.0,0.0
2012-07-23 00:00:00-04:00,13.354502720905224,13.379940451155157,13.214598843343802,13.335424423217773,3461400,0.0,0.0
2012-07-24 00:00:00-04:00,13.309992055120814,13.322710924210721,13.023823565288481,13.068338394165039,5142700,0.0,0.0
2012-07-25 00:00:00-04:00,13.138295079125307,13.23368420132096,12.947516834734001,13.081061363220215,3036000,0.0,0.0
2012-07-26 00:00:00-04:00,13.182800275183055,13.322705350767677,13.182800275183055,13.28454875946045,2827900,0.0,0.0
2012-07-27 00:00:00-04:00,13.367221472341605,13.500765916204744,13.322706657720559,13.475329399108887,4745300,0.0,0.0
2012-07-30 00:00:00-04:00,13.418095719471047,13.500765916204744,13.348143174816416,13.475329399108887,3132900,0.0,0.0
2012-07-31 00:00:00-04:00,13.462614614194939,13.526207745614288,13.373584957970706,13.392662048339844,2456800,0.0,0.0
2012-08-01 00:00:00-04:00,13.405380014432286,13.6343147869492,13.271835539089427,13.290912628173828,3490300,0.0,0.0
2012-08-02 00:00:00-04:00,13.201881245485616,13.46897137405958,13.017461322284088,13.2463960647583,4782800,0.0,0.0
2012-08-03 00:00:00-04:00,13.437172846823273,13.602514453754605,13.37358094741238,13.45625114440918,2963500,0.0,0.0
2012-08-06 00:00:00-04:00,13.5134888767428,13.608877967402776,13.309991826551355,13.392662048339844,3876800,0.0,0.0
2012-08-07 00:00:00-04:00,13.45625463190208,13.545284284501566,13.373584413479422,13.37994384765625,3252800,0.0,0.0
2012-08-08 00:00:00-04:00,13.399020767338408,13.443535593073667,13.30999111586789,13.424458503723145,3546200,0.0,0.0
2012-08-09 00:00:00-04:00,13.392659639128752,13.418097372295724,13.335425952440938,13.36086368560791,2523800,0.0,0.0
2012-08-10 00:00:00-04:00,13.34814465568734,13.437174294806567,13.309989269341653,13.405378341674805,2405700,0.0,0.0
2012-08-13 00:00:00-04:00,13.39902024659353,13.430817415838673,13.201882649025576,13.214601516723633,3067000,0.0,0.0
2012-08-14 00:00:00-04:00,13.222951455588385,13.287171959712486,13.08808827443735,13.19726276397705,10993800,0.203,0.0
2012-08-15 00:00:00-04:00,13.203683274483218,13.261481598427444,13.152307122633248,13.171573638916016,3340600,0.0,0.0
2012-08-16 00:00:00-04:00,13.152308017252604,13.203684172597178,13.075244396687825,13.113776206970215,2699600,0.0,0.0
2012-08-17 00:00:00-04:00,13.068819231468098,13.133039717168714,12.985332232586131,12.998176574707031,2771000,0.0,0.0
2012-08-20 00:00:00-04:00,12.985334133933867,13.120197296142578,12.933957982831517,13.120197296142578,2803800,0.0,0.0
2012-08-21 00:00:00-04:00,13.107352952140975,13.261481405448029,13.036710285036218,13.120197296142578,3424700,0.0,0.0
2012-08-22 00:00:00-04:00,13.267902298537994,13.287168812683275,13.06239771393745,13.088085174560547,2839200,0.0,0.0
2012-08-23 00:00:00-04:00,13.081663573588997,13.100928861866464,12.959644773248215,12.998176574707031,2845800,0.0,0.0
2012-08-24 00:00:00-04:00,12.991757450309118,13.075244468769403,12.959647812380807,13.049555778503418,2174800,0.0,0.0
2012-08-27 00:00:00-04:00,13.030288276922192,13.1715723747233,13.030288276922192,13.139461517333984,1875000,0.0,0.0
2012-08-28 00:00:00-04:00,13.1073522591063,13.248636360941532,13.100930087445063,13.229371070861816,3796900,0.0,0.0
2012-08-29 00:00:00-04:00,13.210107673014754,13.261483833523684,13.165153685682474,13.216529846191406,1900800,0.0,0.0
2012-08-30 00:00:00-04:00,13.16515038495537,13.216526532583426,13.094507722627798,13.177994728088379,1574200,0.0,0.0
2012-08-31 00:00:00-04:00,13.210101927149864,13.261478065312234,13.055973512662755,13.094505310058594,2560400,0.0,0.0
2012-09-04 00:00:00-04:00,13.107354975633816,13.274327798719476,13.036712297623355,13.248639106750488,2989300,0.0,0.0
2012-09-05 00:00:00-04:00,13.248640883092486,13.325705744427843,13.16515507280823,13.2550630569458,3494400,0.0,0.0
2012-09-06 00:00:00-04:00,13.306433884767754,13.47982883453369,13.287168595840823,13.479828834533691,3582000,0.0,0.0
2012-09-07 00:00:00-04:00,13.473407861135353,13.486252204831208,13.39634424876829,13.454142570495605,2807100,0.0,0.0
2012-09-10 00:00:00-04:00,13.492672721028768,13.505517063148528,13.428452235333854,13.441296577453613,1670600,0.0,0.0
2012-09-11 00:00:00-04:00,13.422032356262207,13.473408508610513,13.389922720383549,13.422032356262207,1343900,0.0,0.0
2012-09-12 00:00:00-04:00,13.42845535555949,13.447721873215883,13.287171234125115,13.293593406677246,2051200,0.0,0.0
2012-09-13 00:00:00-04:00,13.280743436399908,13.550468444824217,13.261476926904011,13.550468444824219,2503700,0.0,0.0
2012-09-14 00:00:00-04:00,13.556893278012696,13.646801223516029,13.428452305947461,13.49909496307373,3447500,0.0,0.0
2012-09-17 00:00:00-04:00,13.49909533862999,13.511939681174633,13.319278217716773,13.357810020446777,2738000,0.0,0.0
2012-09-18 00:00:00-04:00,13.370659005167083,13.42203516827908,13.280751025947172,13.364236831665039,2824700,0.0,0.0
2012-09-19 00:00:00-04:00,13.364233908995907,13.383500425288577,13.229371969659452,13.306435585021973,2474600,0.0,0.0
2012-09-20 00:00:00-04:00,13.300007026360888,13.486246253047119,13.261475237182303,13.40276050567627,3761800,0.0,0.0
2012-09-21 00:00:00-04:00,13.42203479658841,13.582585454980386,13.357814288250754,13.56332015991211,3542900,0.0,0.0
2012-09-24 00:00:00-04:00,13.492676765762122,13.685337055697238,13.486254592777051,13.672493934631348,2938300,0.0,0.0
2012-09-25 00:00:00-04:00,13.672496583813196,13.768826747445678,13.653230061124905,13.755982398986816,3994500,0.0,0.0
2012-09-26 00:00:00-04:00,13.75597819602793,13.845886157960782,13.666070234095077,13.77524471282959,3886300,0.0,0.0
2012-09-27 00:00:00-04:00,13.800931937607528,13.833042798386641,13.646803480580056,13.678913116455078,3265700,0.0,0.0
2012-09-28 00:00:00-04:00,13.666069997047524,13.711023977234191,13.55689552020672,13.678913116455078,2536500,0.0,0.0
2012-10-01 00:00:00-04:00,13.698176233037499,13.730285860942915,13.576157442170091,13.582579612731934,2864700,0.0,0.0
2012-10-02 00:00:00-04:00,13.627538670026503,13.653227361865541,13.556897217277644,13.61469554901123,1963000,0.0,0.0
2012-10-03 00:00:00-04:00,13.640381859836477,13.833043357587226,13.6275375150056,13.820199012756348,3202100,0.0,0.0
2012-10-04 00:00:00-04:00,13.852307823525106,13.94221578216922,13.7752442089456,13.813776016235352,1709400,0.0,0.0
2012-10-05 00:00:00-04:00,13.858731985534591,13.92295249017499,13.691759163431254,13.749557495117188,2458700,0.0,0.0
2012-10-08 00:00:00-04:00,13.749557495117188,13.800933653848658,13.659649523563177,13.749557495117188,1408200,0.0,0.0
2012-10-09 00:00:00-04:00,13.723865637086137,13.768819608479573,13.666067323893476,13.717443466186523,1777000,0.0,0.0
2012-10-10 00:00:00-04:00,13.743135387658622,13.762401906613833,13.646805242691064,13.672493934631348,1550700,0.0,0.0
2012-10-11 00:00:00-04:00,13.723869339849738,13.736712460210246,13.582583991746521,13.601850509643555,1907300,0.0,0.0
2012-10-12 00:00:00-04:00,13.659642771706794,13.659642771706794,13.505514371696869,13.569733619689941,1106000,0.0,0.0
2012-10-15 00:00:00-04:00,13.595429147632212,13.762401971316299,13.563319507460148,13.743135452270508,2148400,0.0,0.0
2012-10-16 00:00:00-04:00,13.807354479044296,13.807354479044296,13.646803845567037,13.76882266998291,3214800,0.0,0.0
2012-10-17 00:00:00-04:00,13.81377469785391,13.967903137207031,13.775242894241618,13.967903137207031,2954500,0.0,0.0
2012-10-18 00:00:00-04:00,13.96148051127455,13.967902682484851,13.833040761780255,13.929370880126953,1908500,0.0,0.0
2012-10-19 00:00:00-04:00,13.929374663129455,13.948639957088602,13.73671314920826,13.749557495117188,1871500,0.0,0.0
2012-10-22 00:00:00-04:00,13.678917447978794,13.717450493115487,13.582587284946024,13.640385627746582,2771500,0.0,0.0
2012-10-23 00:00:00-04:00,13.537631285186887,13.56974092647323,13.40276932189909,13.511943817138672,2870600,0.0,0.0
2012-10-24 00:00:00-04:00,13.54405363993952,13.736713940048165,13.505521824898654,13.56332015991211,2385800,0.0,0.0
2012-10-25 00:00:00-04:00,13.621115926964833,13.730290412902832,13.563318822554548,13.730290412902832,1574100,0.0,0.0
2012-10-26 00:00:00-04:00,13.743136715536831,13.807357226688348,13.563320754197825,13.788090705871582,2338300,0.0,0.0
2012-10-31 00:00:00-04:00,13.833041964920568,13.942215210279391,13.781664590769566,13.91652774810791,1985600,0.0,0.0
2012-11-01 00:00:00-04:00,13.910105897601122,13.961482048034668,13.845885403333178,13.961482048034668,2905100,0.0,0.0
2012-11-02 00:00:00-04:00,14.000014678506641,14.006436850801771,13.826620926154577,13.833043098449707,1761200,0.0,0.0
2012-11-05 00:00:00-05:00,13.80093102736076,13.80093102736076,13.659646923963392,13.723867416381836,1834200,0.0,0.0
2012-11-06 00:00:00-05:00,13.736711562684803,13.890840021078125,13.68533540988703,13.794509887695312,2381500,0.0,0.0
2012-11-07 00:00:00-05:00,13.762401921991959,13.81377808102568,13.216529466693506,13.248639106750488,5334200,0.0,0.0
2012-11-08 00:00:00-05:00,13.197257586383333,13.396341193553303,13.075240023812551,13.094505310058594,4726200,0.0,0.0
2012-11-09 00:00:00-05:00,13.068823012344039,13.113776997868717,12.921116709933166,12.94038200378418,3547600,0.0,0.0
2012-11-12 00:00:00-05:00,12.940382826978215,13.004603335343491,12.85047485020942,12.946805000305176,2040300,0.0,0.0
2012-11-13 00:00:00-05:00,12.863313615107066,13.120194312196038,12.799093134608876,12.818358421325684,4869200,0.0,0.0
2012-11-14 00:00:00-05:00,12.950071036782003,13.008463242332809,12.599719040967225,12.645134925842285,3986100,0.203,0.0
2012-11-15 00:00:00-05:00,12.64513071027977,12.71649921271389,12.29477883126333,12.411561965942383,6430300,0.0,0.0
2012-11-16 00:00:00-05:00,12.444007217976575,12.710015611062406,12.43751905747569,12.703527450561523,4976700,0.0,0.0
2012-11-19 00:00:00-05:00,12.787864265427668,12.787864265427668,12.515369094160414,12.573760032653809,4183800,0.0,0.0
2012-11-20 00:00:00-05:00,12.599712042820702,12.638639745736619,12.443999993667672,12.560784339904785,3296500,0.0,0.0
2012-11-21 00:00:00-05:00,12.586741435621624,12.619182233999908,12.424541156199979,12.52186107635498,2236000,0.0,0.0
2012-11-23 00:00:00-05:00,12.53483549817943,12.547811815566384,12.411562957982833,12.4959077835083,1238700,0.0,0.0
2012-11-26 00:00:00-05:00,12.444006898877086,12.703527124807204,12.444006898877086,12.690550804138184,3182600,0.0,0.0
2012-11-27 00:00:00-05:00,12.690545123107805,12.839770269019512,12.63864110115706,12.729474067687988,4584100,0.0,0.0
2012-11-28 00:00:00-05:00,12.671084418115129,12.807332038879395,12.54781187731193,12.807332038879395,3277600,0.0,0.0
2012-11-29 00:00:00-05:00,12.956558237182099,12.956558237182099,12.748942071712435,12.820310592651367,2223200,0.0,0.0
2012-11-30 00:00:00-05:00,12.820305803782734,12.898161218006939,12.71649775982413,12.800841331481934,7578400,0.0,0.0
2012-12-03 00:00:00-05:00,12.800846113079851,12.904654195814683,12.690549870487846,12.820310592651367,2958400,0.0,0.0
2012-12-04 00:00:00-05:00,12.813819530901041,12.820307689288866,12.664595600450097,12.735962867736816,2693500,0.0,0.0
2012-12-05 00:00:00-05:00,12.768404041152634,13.073340069552804,12.742451406825955,12.924116134643555,4100200,0.0,0.0
2012-12-06 00:00:00-05:00,12.93709021757336,12.97601792485085,12.846257250606541,12.885186195373535,2817300,0.0,0.0
2012-12-07 00:00:00-05:00,12.898161896234022,12.930602685107864,12.768402453207342,12.872210502624512,3207600,0.0,0.0
2012-12-10 00:00:00-05:00,12.872212103479914,13.021436038389165,12.800843596571266,12.924116134643555,2808900,0.0,0.0
2012-12-11 00:00:00-05:00,12.937095617510062,13.053880025577788,12.865727093137558,12.89816665649414,3214200,0.0,0.0
2012-12-12 00:00:00-05:00,12.911140767828378,13.001973757167963,12.865724891903488,12.878701210021973,2773900,0.0,0.0
2012-12-13 00:00:00-05:00,12.86572265625,12.950066234384304,12.839771262012365,12.86572265625,2936400,0.0,0.0
2012-12-14 00:00:00-05:00,12.885186775568732,12.917626326845747,12.742449779974917,12.761914253234863,1909900,0.0,0.0
2012-12-17 00:00:00-05:00,12.787865689042086,12.963042236492143,12.74244982210827,12.872210502624512,2155000,0.0,0.0
2012-12-18 00:00:00-05:00,12.89167339375125,12.969528802514136,12.84625629490192,12.911136627197266,2128300,0.0,0.0
2012-12-19 00:00:00-05:00,12.90464584159857,12.930598464226035,12.768398285271848,12.794349670410156,2690800,0.0,0.0
2012-12-20 00:00:00-05:00,12.813818277771825,12.85923414455547,12.729474701957846,12.761914253234863,2681000,0.0,0.0
2012-12-21 00:00:00-05:00,12.63215573088306,12.735963797688742,12.56078845838526,12.625667572021484,4393900,0.0,0.0
2012-12-24 00:00:00-05:00,12.586741760917558,12.619182560134254,12.489421838247388,12.580253601074219,1038400,0.0,0.0
2012-12-26 00:00:00-05:00,12.599714840545197,12.632154393929994,12.405075045257135,12.411561965942383,2172000,0.0,0.0
2012-12-27 00:00:00-05:00,12.379121761097988,12.424537628442518,12.216921527730618,12.359657287597656,4020400,0.0,0.0
2012-12-28 00:00:00-05:00,12.294776600876503,12.450488656357265,12.249359501891377,12.327216148376465,3110200,0.0,0.0
2012-12-31 00:00:00-05:00,12.268830296488792,12.508887279182753,12.190974847364842,12.489422798156738,2557300,0.0,0.0
2013-01-02 00:00:00-05:00,12.664593730877181,12.729474067687988,12.580248921776281,12.729474067687988,3043300,0.0,0.0
2013-01-03 00:00:00-05:00,12.72947534229516,12.813818922351917,12.710010868056083,12.768403053283691,1990900,0.0,0.0
2013-01-04 00:00:00-05:00,12.761915859976495,12.878700239260352,12.735963225695764,12.859235763549805,2161000,0.0,0.0
2013-01-07 00:00:00-05:00,12.807332029396521,12.839772822999524,12.671084408733137,12.716500282287598,1981800,0.0,0.0
2013-01-08 00:00:00-05:00,12.677567743787947,12.716495443810274,12.547807093727826,12.632150650024414,4052600,0.0,0.0
2013-01-09 00:00:00-05:00,12.658106204160939,12.761914253234863,12.593225864117347,12.761914253234863,2498200,0.0,0.0
2013-01-10 00:00:00-05:00,12.781383833501716,12.85275112232501,12.735966711081371,12.839776039123535,2605600,0.0,0.0
2013-01-11 00:00:00-05:00,12.969529504489461,13.15119419725114,12.911137326012117,13.001970291137695,3661500,0.0,0.0
2013-01-14 00:00:00-05:00,12.988999661374605,13.021439224731187,12.846262612629598,12.89816665649414,3053400,0.0,0.0
2013-01-15 00:00:00-05:00,12.88519126445563,13.0149507522583,12.84626230437384,13.0149507522583,2935800,0.0,0.0
2013-01-16 00:00:00-05:00,12.956555690062185,13.014947879807496,12.833284389479612,12.924116134643555,3760400,0.0,0.0
2013-01-17 00:00:00-05:00,12.924112630394246,13.027920664574973,12.91762447357178,12.917624473571777,2692100,0.0,0.0
2013-01-18 00:00:00-05:00,12.963044823133966,12.995485618481034,12.917628947137882,12.988997459411621,2759000,0.0,0.0
2013-01-22 00:00:00-05:00,12.982507430007441,13.11226688023239,12.97601927187275,13.099291801452637,2301800,0.0,0.0
2013-01-23 00:00:00-05:00,13.053879720770752,13.092807443387695,12.98899935808252,13.07983112335205,1994000,0.0,0.0
2013-01-24 00:00:00-05:00,13.099291480935106,13.209587691546847,13.014946664737515,13.131731033325195,2212200,0.0,0.0
2013-01-25 00:00:00-05:00,13.138221430230022,13.196613624474674,13.04090151898554,13.190125465393066,2073700,0.0,0.0
2013-01-28 00:00:00-05:00,13.164175333220578,13.235542615005631,12.995486893336937,13.138222694396973,1879100,0.0,0.0
2013-01-29 00:00:00-05:00,13.131731425775468,13.319884300231934,13.092803714246061,13.319884300231934,3155400,0.0,0.0
2013-01-30 00:00:00-05:00,13.306909561157225,13.371789913056247,13.255005527135966,13.306909561157227,2146000,0.0,0.0
2013-01-31 00:00:00-05:00,13.293930372036655,13.319883002186891,13.222561876613026,13.261490821838379,2409700,0.0,0.0
2013-02-01 00:00:00-05:00,13.319887458743265,13.378279658628587,13.293934819909818,13.339350700378418,2774500,0.0,0.0
2013-02-04 00:00:00-05:00,13.306907983892252,13.358812011761339,13.28744350938273,13.319884300231934,1791500,0.0,0.0
2013-02-05 00:00:00-05:00,13.345836661592271,13.456132883485171,13.345836661592271,13.410717010498047,3362000,0.0,0.0
2013-02-06 00:00:00-05:00,13.358812691446609,13.501548465976466,13.267980947426672,13.482085227966309,4258100,0.0,0.0
2013-02-07 00:00:00-05:00,13.521007562882666,13.540472030639648,13.39124691948119,13.540472030639648,3014000,0.0,0.0
2013-02-08 00:00:00-05:00,13.527505227493204,13.56643295288086,13.462624860187058,13.56643295288086,2246000,0.0,0.0
2013-02-11 00:00:00-05:00,13.566425013178389,13.605352715783745,13.495056527160775,13.57291316986084,3130100,0.0,0.0
2013-02-12 00:00:00-05:00,13.546966564476666,13.663750961690328,13.514527004135049,13.657262802124023,3336800,0.0,0.0
2013-02-13 00:00:00-05:00,13.674954164525987,13.766688000631301,13.537352160588233,13.615982055664062,3448400,0.207,0.0
2013-02-14 00:00:00-05:00,13.602880797191242,13.668405520399764,13.360439696253753,13.386650085449219,6194000,0.0,0.0
2013-02-15 00:00:00-05:00,13.386645114352737,13.478378942911458,13.314567820611067,13.373539924621582,6050500,0.0,0.0
2013-02-19 00:00:00-05:00,13.432511431304716,13.62908426941196,13.386644519065001,13.439064025878906,5022600,0.0,0.0
2013-02-20 00:00:00-05:00,13.419405908352683,13.648741713626226,13.419405908352683,13.563560485839844,3801500,0.0,0.0
2013-02-21 00:00:00-05:00,13.524248423526071,13.622536115380933,13.458724961996055,13.543906211853027,2942700,0.0,0.0
2013-02-22 00:00:00-05:00,13.570113783531523,13.707715786411667,13.550457247248485,13.694610595703125,3329500,0.0,0.0
2013-02-25 00:00:00-05:00,13.720826259763268,13.871532261595362,13.445623397827147,13.445623397827148,3592100,0.0,0.0
2013-02-26 00:00:00-05:00,13.51769232496146,13.694608624725015,13.432511097175079,13.563560485839844,4635700,0.0,0.0
2013-02-27 00:00:00-05:00,13.596318322927518,14.107409292938812,13.596318322927518,13.910835266113281,9133900,0.0,0.0
2013-02-28 00:00:00-05:00,13.94360466413761,14.100863208309335,13.86497476716184,14.041891098022461,4961900,0.0,0.0
2013-03-01 00:00:00-05:00,14.074651271409552,14.127070780343344,13.937050529125727,14.107414245605469,3290200,0.0,0.0
2013-03-04 00:00:00-05:00,14.07465306608274,14.199149884342587,14.041891337489018,14.186044692993164,2023500,0.0,0.0
2013-03-05 00:00:00-05:00,14.225364543929649,14.382624401659768,14.205707999048625,14.323652267456055,3465500,0.0,0.0
2013-03-06 00:00:00-05:00,14.343303185148047,14.34985578079777,14.159835506075126,14.225358963012695,2227000,0.0,0.0
2013-03-07 00:00:00-05:00,14.218807469609246,14.271226984483295,14.153282763571728,14.17293930053711,2092500,0.0,0.0
2013-03-08 00:00:00-05:00,14.231908208183535,14.330195870010646,14.172936110999084,14.297432899475098,2884400,0.0,0.0
2013-03-11 00:00:00-04:00,14.284330871398392,14.362960768299548,14.258121738951216,14.317093849182129,1452900,0.0,0.0
2013-03-12 00:00:00-04:00,14.336749279031324,14.376064849335975,14.245015447879899,14.264673233032227,1797700,0.0,0.0
2013-03-13 00:00:00-04:00,14.29743626339412,14.336750587507167,14.245016747983447,14.330199241638184,1769300,0.0,0.0
2013-03-14 00:00:00-04:00,14.323647298523067,14.349856432532482,14.245017396935049,14.310542106628418,2409600,0.0,0.0
2013-03-15 00:00:00-04:00,15.621032668958597,15.732424310255416,14.959235417698673,15.339277267456055,24499700,0.0,0.0
2013-03-18 00:00:00-04:00,15.096832331307823,15.411349359098509,15.044411576896469,15.142699241638184,7814300,0.0,0.0
2013-03-19 00:00:00-04:00,15.20822287128943,15.24753843757929,14.965783128066562,15.05096435546875,3221900,0.0,0.0
2013-03-20 00:00:00-04:00,15.096834333630559,15.214777297360394,15.064071357778046,15.149253845214844,2810000,0.0,0.0
2013-03-21 00:00:00-04:00,15.070622673638905,15.378587121831726,15.037860950347195,15.358930587768555,5159800,0.0,0.0
2013-03-22 00:00:00-04:00,15.332725822547,15.49653699853528,15.306516684274522,15.352383613586426,3480000,0.0,0.0
2013-03-25 00:00:00-04:00,15.39824938636496,15.4965358346198,15.201676489855277,15.339277267456055,3283400,0.0,0.0
2013-03-26 00:00:00-04:00,15.431008089983248,15.568610090351859,15.391693768354965,15.562057495117188,2971200,0.0,0.0
2013-03-27 00:00:00-04:00,15.463769014515364,15.594817152482863,15.437558637054114,15.509635925292969,2384900,0.0,0.0
2013-03-28 00:00:00-04:00,15.535846317062845,15.758629544492095,15.489979402553237,15.699657440185547,3165200,0.0,0.0
2013-04-01 00:00:00-04:00,15.65379117566392,15.719315877589702,15.529295616762647,15.594819068908691,2002900,0.0,0.0
2013-04-02 00:00:00-04:00,15.634133990760215,15.778287329187506,15.621028800963273,15.699657440185547,2891200,0.0,0.0
2013-04-03 00:00:00-04:00,15.712761304617805,15.752076870692377,15.503083284671748,15.5489501953125,2647100,0.0,0.0
2013-04-04 00:00:00-04:00,15.5817158805222,15.738974422867562,15.562058094061605,15.686554908752441,3438100,0.0,0.0
2013-04-05 00:00:00-04:00,15.489983579780741,15.680005133740973,15.411354919354457,15.640690803527832,3275800,0.0,0.0
2013-04-08 00:00:00-04:00,15.627589408402459,15.77829541899785,15.60793161362815,15.771742820739746,2957800,0.0,0.0
2013-04-09 00:00:00-04:00,15.824155664637209,15.856918642071534,15.67344971777871,15.686554908752441,4057700,0.0,0.0
2013-04-10 00:00:00-04:00,15.725868577666404,15.824155006320868,15.699658196809347,15.791393280029297,2946400,0.0,0.0
2013-04-11 00:00:00-04:00,15.843808031476934,15.896227527661152,15.797941128538165,15.876569747924805,1973800,0.0,0.0
2013-04-12 00:00:00-04:00,15.843813600446515,15.883127923958495,15.738974571228027,15.738974571228027,2731800,0.0,0.0
2013-04-15 00:00:00-04:00,15.725872060312131,15.75208244697373,15.404802322387695,15.404802322387695,3865900,0.0,0.0
2013-04-16 00:00:00-04:00,15.509638332724872,15.634135145431246,15.424457092313004,15.627582550048828,3585500,0.0,0.0
2013-04-17 00:00:00-04:00,15.555501511855567,15.621026200151098,15.345823509133455,15.444109916687012,3483200,0.0,0.0
2013-04-18 00:00:00-04:00,15.45066577537457,15.64723863201949,15.437560584990312,15.55550479888916,2736900,0.0,0.0
2013-04-19 00:00:00-04:00,15.621031187079485,15.83070925674017,15.562059073764933,15.817604064941406,1787500,0.0,0.0
2013-04-22 00:00:00-04:00,15.797946681385904,15.850366195995147,15.634135542009542,15.738974571228027,1734800,0.0,0.0
2013-04-23 00:00:00-04:00,15.79795182908886,15.85692395846258,15.666902374973876,15.850371360778809,1756700,0.0,0.0
2013-04-24 00:00:00-04:00,15.90934349015253,15.948657826474939,15.804504426772631,15.850371360778809,1915700,0.0,0.0
2013-04-25 00:00:00-04:00,15.948649202257975,16.014173893883054,15.870019322351975,15.93554401397705,1679500,0.0,0.0
2013-04-26 00:00:00-04:00,15.922440781307492,16.007623265816157,15.889679056360894,15.896231651306152,1515300,0.0,0.0
2013-04-29 00:00:00-04:00,15.96176174456995,16.18454504887,15.896237022755798,16.066600799560547,2232400,0.0,0.0
2013-04-30 00:00:00-04:00,16.092808308991504,16.17799081365905,15.96831272490815,16.171438217163086,2899100,0.0,0.0
2013-05-01 00:00:00-04:00,16.171434544934687,16.20419627019495,15.90278439850549,15.948651313781738,3023000,0.0,0.0
2013-05-02 00:00:00-04:00,15.79139493112376,15.987967808985681,15.680003300394038,15.817604064941406,3701600,0.0,0.0
2013-05-03 00:00:00-04:00,15.837259698205262,16.112462439642453,15.699657702596813,15.948651313781738,5153200,0.0,0.0
2013-05-06 00:00:00-04:00,15.922438711042206,15.935543899228762,15.804495766701798,15.843810081481934,3518800,0.0,0.0
2013-05-07 00:00:00-04:00,15.889676111380714,16.00106770524549,15.850361798775342,15.974857330322266,3903800,0.0,0.0
2013-05-08 00:00:00-04:00,15.942100075183486,16.033833913541017,15.804499317647188,15.870022773742676,1998500,0.0,0.0
2013-05-09 00:00:00-04:00,15.706206895818129,15.922437485129988,15.693102958420015,15.784836769104004,3433800,0.0,0.0
2013-05-10 00:00:00-04:00,15.791398773017388,15.876580040873359,15.745531840342618,15.86347484588623,2137500,0.0,0.0
2013-05-13 00:00:00-04:00,15.791392123367547,15.850364226196685,15.725867425804099,15.778286933898926,3067400,0.0,0.0
2013-05-14 00:00:00-04:00,15.749865719811844,16.060500470019,15.7036011038891,15.948143005371094,3969800,0.207,0.0
2013-05-15 00:00:00-04:00,15.928320566363109,16.212519014332432,15.90188291510243,16.133207321166992,2756100,0.0,0.0
2013-05-16 00:00:00-04:00,16.080328786763044,16.133202813895938,15.908487883427082,15.928316116333008,2381500,0.0,0.0
2013-05-17 00:00:00-04:00,15.967979448605062,16.10677462835537,15.915105394561346,16.060508728027344,2542500,0.0,0.0
2013-05-20 00:00:00-04:00,16.001021547496638,16.119988456649512,15.961366331317878,16.040678024291992,2061800,0.0,0.0
2013-05-21 00:00:00-04:00,16.053895524356058,16.20590822433712,15.987802662437536,16.106769561767578,1703500,0.0,0.0
2013-05-22 00:00:00-04:00,16.086940761818735,16.179470008895414,15.650729653290902,15.690384864807129,2620300,0.0,0.0
2013-05-23 00:00:00-04:00,15.57802518850047,15.822568356424647,15.49871477663379,15.769694328308105,3264600,0.0,0.0
2013-05-24 00:00:00-04:00,15.630905084769397,15.723435614173347,15.492111181588584,15.57142162322998,2005600,0.0,0.0
2013-05-28 00:00:00-04:00,15.617682889445149,15.776306259752007,15.406186743191297,15.485498428344727,2122200,0.0,0.0
2013-05-29 00:00:00-04:00,15.373145523851052,15.42601957616955,15.075728191673976,15.227742195129395,2358000,0.0,0.0
2013-05-30 00:00:00-04:00,15.293827228361518,15.597853843718168,15.240953198814664,15.333483695983887,2396200,0.0,0.0
2013-05-31 00:00:00-04:00,15.300444202067169,15.67717200636797,15.260788975461013,15.320272445678711,4218900,0.0,0.0
2013-06-03 00:00:00-04:00,15.326874284713492,15.478886962083667,15.181469757997412,15.333483695983887,3309900,0.0,0.0
2013-06-04 00:00:00-04:00,15.300435596835877,15.52515052224872,15.188078134129455,15.273999214172363,4100500,0.0,0.0
2013-06-05 00:00:00-04:00,15.22112830536026,15.353312766980288,15.009630897658562,15.102161407470703,5134900,0.0,0.0
2013-06-06 00:00:00-04:00,15.095554025798004,15.307050201331547,14.969977698843723,15.300440788269043,3955200,0.0,0.0
2013-06-07 00:00:00-04:00,15.340097557716994,15.472283311104704,15.21452247867712,15.459064483642578,1981000,0.0,0.0
2013-06-10 00:00:00-04:00,15.472283802804123,15.564813076745978,15.326880477950233,15.41940975189209,2435500,0.0,0.0
2013-06-11 00:00:00-04:00,15.326875660637738,15.373140283067466,15.20790876832334,15.280611038208008,3635000,0.0,0.0
2013-06-12 00:00:00-04:00,15.35992756294016,15.472285088038518,15.141821927233567,15.247570037841797,3651800,0.0,0.0
2013-06-13 00:00:00-04:00,15.22113075205396,15.650732527453453,15.16825670678351,15.611077308654785,2950700,0.0,0.0
2013-06-14 00:00:00-04:00,15.57802303247944,15.736645094875543,15.531758421857589,15.670552253723145,2203000,0.0,0.0
2013-06-17 00:00:00-04:00,15.763086605830296,15.79613240421205,15.48549761332778,15.558199882507324,2597700,0.0,0.0
2013-06-18 00:00:00-04:00,15.597855592904924,15.736649463299036,15.544981557428626,15.644120216369629,2153000,0.0,0.0
2013-06-19 00:00:00-04:00,15.644123202035342,15.683778421056614,15.260786056518555,15.260786056518555,2206200,0.0,0.0
2013-06-20 00:00:00-04:00,15.161644533307545,15.194690332854197,14.811353259277363,14.864227294921875,2897100,0.0,0.0
2013-06-21 00:00:00-04:00,14.969975606424516,15.148425952319396,14.685777187543739,15.042677879333496,3039800,0.0,0.0
2013-06-24 00:00:00-04:00,14.923712837964667,15.075725554208951,14.778309534680998,14.950150489807129,2138000,0.0,0.0
2013-06-25 00:00:00-04:00,15.075729042949193,15.307053507636043,14.989809175811349,15.247570037841797,3109700,0.0,0.0
2013-06-26 00:00:00-04:00,15.333491238870714,15.472285161975929,15.227743127757144,15.399582862854004,2217800,0.0,0.0
2013-06-27 00:00:00-04:00,15.452452787756249,15.61768432477964,15.406188159088353,15.525155067443848,1907200,0.0,0.0
2013-06-28 00:00:00-04:00,15.50532682917907,15.696996017222165,15.406188159088353,15.525155067443848,3130800,0.0,0.0
2013-07-01 00:00:00-04:00,15.71681880702343,15.71681880702343,15.333481824443158,15.379746437072754,2749400,0.0,0.0
2013-07-02 00:00:00-04:00,15.36653253139561,15.584638103997207,15.353313706239984,15.49871826171875,3049400,0.0,0.0
2013-07-03 00:00:00-04:00,15.399576355859223,15.505324422289608,15.353311734372978,15.43923282623291,785500,0.0,0.0
2013-07-05 00:00:00-04:00,15.478887979555623,15.478887979555623,15.254173024056247,15.426013946533203,1646600,0.0,0.0
2013-07-08 00:00:00-04:00,15.498718378148972,15.7300415170274,15.465671315011653,15.650731086730957,1770700,0.0,0.0
2013-07-09 00:00:00-04:00,15.723429711283163,15.776303739399706,15.637508627708614,15.769694328308105,1837500,0.0,0.0
2013-07-10 00:00:00-04:00,15.730038981994365,15.908489312327376,15.677164950112328,15.888662338256836,1583300,0.0,0.0
2013-07-11 00:00:00-04:00,16.06050065063704,16.093547705679388,15.86883277385641,16.067110061645508,1451500,0.0,0.0
2013-07-12 00:00:00-04:00,16.073718611489664,16.139811457417128,15.9481423302891,16.1265926361084,947600,0.0,0.0
2013-07-15 00:00:00-04:00,16.080336214992805,16.331487644738115,16.073726800970977,16.28522300720215,2520800,0.0,0.0
2013-07-16 00:00:00-04:00,16.305048853569247,16.331485245155434,16.093552678413175,16.19930076599121,1701400,0.0,0.0
2013-07-17 00:00:00-04:00,16.271995714715253,16.324869734672557,16.067107784341637,16.16624641418457,1609800,0.0,0.0
2013-07-18 00:00:00-04:00,16.212520643462124,16.410798005374915,16.186082989544833,16.351314544677734,1216400,0.0,0.0
2013-07-19 00:00:00-04:00,16.351315886803597,16.41079935238322,16.09355504303646,16.28522300720215,2350000,0.0,0.0
2013-07-22 00:00:00-04:00,16.344706008052288,16.371143663387898,16.19930268555682,16.245567321777344,1290000,0.0,0.0
2013-07-23 00:00:00-04:00,16.26539479543846,16.410798111069873,16.212520747880063,16.37775230407715,1439200,0.0,0.0
2013-07-24 00:00:00-04:00,16.351311081051065,16.377748729368186,16.10676913719999,16.159643173217773,1489700,0.0,0.0
2013-07-25 00:00:00-04:00,16.093549415097463,16.450448823150086,16.093549415097463,16.33148193359375,2547200,0.0,0.0
2013-07-26 00:00:00-04:00,16.186071267636734,16.404176712036133,16.08032324978344,16.404176712036133,2962700,0.0,0.0
2013-07-29 00:00:00-04:00,16.364529528269895,16.41740356306978,16.29182725768889,16.30504608154297,1279200,0.0,0.0
2013-07-30 00:00:00-04:00,16.390966974729352,16.450450425300765,16.364530585929007,16.410795211791992,1603400,0.0,0.0
2013-07-31 00:00:00-04:00,16.357912111802293,16.516534138582237,16.24555468525619,16.404176712036133,5029000,0.0,0.0
2013-08-01 00:00:00-04:00,16.774298043639945,16.952748331276215,16.331477659847756,16.628894805908203,2936800,0.0,0.0
2013-08-02 00:00:00-04:00,16.642114602810874,16.708207445883712,16.463664304699048,16.595849990844727,2177300,0.0,0.0
2013-08-05 00:00:00-04:00,16.529765813551165,16.556202208269983,16.23895790794344,16.245567321777344,4146900,0.0,0.0
2013-08-06 00:00:00-04:00,16.265389947578885,16.470276663224606,16.192687681123548,16.27199935913086,3107700,0.0,0.0
2013-08-07 00:00:00-04:00,16.192688548949384,16.35792006475499,16.166250901324606,16.21251678466797,2325600,0.0,0.0
2013-08-08 00:00:00-04:00,16.119983225454035,16.357916966546433,16.08032802214403,16.1265926361084,9297200,0.0,0.0
2013-08-09 00:00:00-04:00,16.126598774586157,16.153036427266922,15.94814840084096,16.0274600982666,9119800,0.0,0.0
2013-08-12 00:00:00-04:00,15.954757780243552,16.020850651188926,15.875447343602431,15.934930801391602,8489100,0.0,0.0
2013-08-13 00:00:00-04:00,15.934931236016514,15.974586455418669,15.809354903856876,15.882057189941406,3801400,0.0,0.0
2013-08-14 00:00:00-04:00,15.840053393129292,15.933386633267107,15.646718799620928,15.700052261352539,2383600,0.207,0.0
2013-08-15 00:00:00-04:00,15.633387934688617,15.646720347763155,15.493386789059654,15.526721000671387,2749300,0.0,0.0
2013-08-16 00:00:00-04:00,15.513392357638732,15.553392153001969,15.38005801100052,15.453392028808594,3565300,0.0,0.0
2013-08-19 00:00:00-04:00,15.420046578138908,15.473380023644923,15.253379401986406,15.286713600158691,2888800,0.0,0.0
2013-08-20 00:00:00-04:00,15.286725346733606,15.620059955178487,15.246725549759994,15.540059089660645,3711900,0.0,0.0
2013-08-21 00:00:00-04:00,15.45338992353873,15.506723400614092,15.313388751484403,15.333389282226562,2443800,0.0,0.0
2013-08-22 00:00:00-04:00,15.333386715884716,15.42671996725286,15.266719562805962,15.34005355834961,1605600,0.0,0.0
2013-08-23 00:00:00-04:00,15.340052242468735,15.50005263319068,15.266718253215732,15.4467191696167,1646900,0.0,0.0
2013-08-26 00:00:00-04:00,15.433383335319501,15.466717540139697,15.300050330748407,15.326716423034668,2233900,0.0,0.0
2013-08-27 00:00:00-04:00,15.206722959872483,15.473390365635758,15.153389478719829,15.360057830810547,3174000,0.0,0.0
2013-08-28 00:00:00-04:00,15.34005028338153,15.546717269390884,15.280049985577214,15.466717720031738,3174600,0.0,0.0
2013-08-29 00:00:00-04:00,15.400050590114926,15.513384344747685,15.333383451230377,15.366716384887695,1995400,0.0,0.0
2013-08-30 00:00:00-04:00,15.360047564568077,15.426713417773366,15.213379635749304,15.286713600158691,2228100,0.0,0.0
2013-09-03 00:00:00-04:00,15.393385357652651,15.420051453051085,15.106717520591715,15.173384666442871,2859700,0.0,0.0
2013-09-04 00:00:00-04:00,15.166713029877746,15.300047279427606,14.993379014090786,15.286713600158691,3224100,0.0,0.0
2013-09-05 00:00:00-04:00,15.27338474943458,15.353385578769975,15.133384887560196,15.173384666442871,2314100,0.0,0.0
2013-09-06 00:00:00-04:00,15.240055522673392,15.353389316741852,15.166721517226051,15.206721305847168,2877900,0.0,0.0
2013-09-09 00:00:00-04:00,15.2200503919619,15.433384228883194,15.2200503919619,15.346717834472656,1969400,0.0,0.0
2013-09-10 00:00:00-04:00,15.400049506164528,15.446716118628055,15.313381850243845,15.406716346740723,2033600,0.0,0.0
2013-09-11 00:00:00-04:00,15.393389625776248,15.42005572856839,15.126722240002833,15.240056037902832,3413300,0.0,0.0
2013-09-12 00:00:00-04:00,15.253386839014915,15.326720839179446,15.120053796026077,15.246721267700195,2444500,0.0,0.0
2013-09-13 00:00:00-04:00,15.260054588317871,15.373388380953838,15.226721643483314,15.260054588317871,1588200,0.0,0.0
2013-09-16 00:00:00-04:00,15.42672093931364,15.466721996623527,15.226720739045252,15.246721267700195,3118300,0.0,0.0
2013-09-17 00:00:00-04:00,15.273386248835974,15.660054206848145,15.246720150819705,15.660054206848145,3329800,0.0,0.0
2013-09-18 00:00:00-04:00,15.653383382370807,16.266718739559998,15.633384131838778,16.20671844482422,7327000,0.0,0.0
2013-09-19 00:00:00-04:00,16.24006182022197,16.420061534517846,16.013394194665103,16.140060424804688,5124000,0.0,0.0
2013-09-20 00:00:00-04:00,16.140054408122204,16.240055766261023,15.920053709042955,15.946721076965332,5236500,0.0,0.0
2013-09-23 00:00:00-04:00,15.920055161831396,16.17339009393175,15.840055593904067,16.166723251342773,3785000,0.0,0.0
2013-09-24 00:00:00-04:00,16.133391467224367,16.16005756792285,16.006723992088265,16.020057678222656,2652500,0.0,0.0
2013-09-25 00:00:00-04:00,16.006725971699325,16.146725878713823,15.966726179919533,16.000059127807617,2046800,0.0,0.0
2013-09-26 00:00:00-04:00,15.993389530532005,16.153389941676334,15.973389002300124,16.060056686401367,2766600,0.0,0.0
2013-09-27 00:00:00-04:00,15.986724975728603,16.11339246285139,15.89339170709624,15.953392028808594,2304500,0.0,0.0
2013-09-30 00:00:00-04:00,15.873386026572954,16.03338640871059,15.813385724325087,15.980052947998047,3036200,0.0,0.0
2013-10-01 00:00:00-04:00,16.01338666895114,16.25338659907785,15.960053209859653,16.126720428466797,2888700,0.0,0.0
2013-10-02 00:00:00-04:00,16.080056471920056,16.40005727942837,16.020056161565975,16.27338981628418,3749200,0.0,0.0
2013-10-03 00:00:00-04:00,16.200049975780317,16.200049975780317,15.886716123764682,15.913383483886719,3406400,0.0,0.0
2013-10-04 00:00:00-04:00,15.906717995747998,16.1200518085764,15.88671747395665,16.08671760559082,2884400,0.0,0.0
2013-10-07 00:00:00-04:00,15.993383021113397,16.093383078431604,15.913383483886719,15.913383483886719,1365900,0.0,0.0
2013-10-08 00:00:00-04:00,15.900054931640625,16.04672164490313,15.833387781404895,15.900054931640625,2870000,0.0,0.0
2013-10-09 00:00:00-04:00,15.966725716204763,16.220059418879924,15.880058019700071,15.953392028808594,2248600,0.0,0.0
2013-10-10 00:00:00-04:00,16.013386969565722,16.240054492852195,15.88671952500681,16.226720809936523,1577500,0.0,0.0
2013-10-11 00:00:00-04:00,16.160050252571175,16.306716918945312,16.10671680374697,16.306716918945312,1450800,0.0,0.0
2013-10-14 00:00:00-04:00,16.240056875674213,16.286723501156235,15.98672194938583,16.27338981628418,2343300,0.0,0.0
2013-10-15 00:00:00-04:00,16.200052832072398,16.31338658943392,16.020053205791104,16.02672004699707,2088500,0.0,0.0
2013-10-16 00:00:00-04:00,16.120055130391147,16.253388155099547,16.053387982251902,16.233388900756836,2584400,0.0,0.0
2013-10-17 00:00:00-04:00,16.18005782549384,16.50005865792522,16.1133906675114,16.453392028808594,1828600,0.0,0.0
2013-10-18 00:00:00-04:00,16.513390614217705,16.553390396189467,16.380056312218304,16.400056838989258,2679800,0.0,0.0
2013-10-21 00:00:00-04:00,16.366722627704338,16.460057147731973,16.313389161218605,16.400056838989258,1839800,0.0,0.0
2013-10-22 00:00:00-04:00,16.44005383046943,16.62672156727007,16.373386690785637,16.473386764526367,3481400,0.0,0.0
2013-10-23 00:00:00-04:00,16.460058871763867,16.680059603006725,16.393391713781426,16.453392028808594,3514400,0.0,0.0
2013-10-24 00:00:00-04:00,16.513389288619678,16.55338906738049,16.28672175635832,16.413389205932617,1846900,0.0,0.0
2013-10-25 00:00:00-04:00,16.40672684150359,16.593393374374216,16.320059147039043,16.580060958862305,2429900,0.0,0.0
2013-10-28 00:00:00-04:00,16.626729580260253,16.69339675207324,16.46672913085141,16.560062408447266,2690300,0.0,0.0
2013-10-29 00:00:00-04:00,16.560059324902497,16.620059641204847,16.366724689801515,16.53339195251465,2056500,0.0,0.0
2013-10-30 00:00:00-04:00,16.586722324096232,16.673389996580063,16.293388912103435,16.32005500793457,2753600,0.0,0.0
2013-10-31 00:00:00-04:00,16.340056530246542,16.500056929703735,16.16672244627538,16.400056838989258,3046300,0.0,0.0
2013-11-01 00:00:00-04:00,16.426723377602308,16.480056845520362,16.26005613141212,16.27338981628418,3496600,0.0,0.0
2013-11-04 00:00:00-05:00,16.3200557123636,16.386722862174114,16.14672163148432,16.30005645751953,2264600,0.0,0.0
2013-11-05 00:00:00-05:00,16.280056368750678,16.33338983571879,16.160055750179886,16.173389434814453,2911200,0.0,0.0
2013-11-06 00:00:00-05:00,16.166721444249,16.78005690660496,16.046720834201302,16.700056076049805,6943300,0.0,0.0
2013-11-07 00:00:00-05:00,16.753388335559684,16.866722095620993,16.46005494492921,16.48672103881836,3674000,0.0,0.0
2013-11-08 00:00:00-05:00,16.433381067563257,16.553381621437815,16.23338099215197,16.546714782714844,9744800,0.0,0.0
2013-11-11 00:00:00-05:00,16.58006064478759,16.753393487292485,16.506726638794497,16.66672706604004,2677500,0.0,0.0
2013-11-12 00:00:00-05:00,16.600055694580078,16.68005652370412,16.540055390629558,16.600055694580078,12282500,0.0,0.0
2013-11-13 00:00:00-05:00,16.510647194247447,16.799718183113757,16.436699726144905,16.79299545288086,3029200,0.207,0.0
2013-11-14 00:00:00-05:00,16.84004928771996,16.90055256323464,16.68543037572884,16.766101837158203,2643000,0.0,0.0
2013-11-15 00:00:00-05:00,16.752658175590188,16.853496551513672,16.66526525838437,16.853496551513672,7225800,0.0,0.0
2013-11-18 00:00:00-05:00,16.853498464905936,16.873666655272153,16.685434058543123,16.74593734741211,4160300,0.0,0.0
2013-11-19 00:00:00-05:00,16.69888500537318,16.759388314121136,16.537543276122,16.591323852539062,1856200,0.0,0.0
2013-11-20 00:00:00-05:00,16.604757287224864,16.665260552138825,16.37618968248972,16.3963565826416,2351000,0.0,0.0
2013-11-21 00:00:00-05:00,16.45014090914523,16.5845929248629,16.369470725498186,16.49720001220703,2765600,0.0,0.0
2013-11-22 00:00:00-05:00,16.49720301601133,16.84005328228148,16.443421174148124,16.79299545288086,8578100,0.0,0.0
2013-11-25 00:00:00-05:00,16.813161284634575,16.826606743213933,16.671986534010337,16.719045639038086,3862800,0.0,0.0
2013-11-26 00:00:00-05:00,16.26863653455415,16.28880344453246,15.421591695261188,15.851836204528809,22806800,0.0,0.0
2013-11-27 00:00:00-05:00,15.838388955464053,15.851834415418594,15.703938202607535,15.76444149017334,9252800,0.0,0.0
2013-11-29 00:00:00-05:00,15.7442776725137,15.865284281249508,15.697219831834216,15.75100040435791,3062100,0.0,0.0
2013-12-02 00:00:00-05:00,15.576211144736002,15.744275571726149,15.441759090251956,15.549320220947266,6728500,0.0,0.0
2013-12-03 00:00:00-05:00,15.475374659464196,15.576213071687155,15.408148623905563,15.4955415725708,5254800,0.0,0.0
2013-12-04 00:00:00-05:00,15.327472246056148,15.522427558898926,15.26024751412512,15.522427558898926,3277300,0.0,0.0
2013-12-05 00:00:00-05:00,15.461925612747041,15.616544561139388,15.347641763450595,15.589654922485352,4889300,0.0,0.0
2013-12-06 00:00:00-05:00,15.636708667076237,15.79805030354277,15.46864430214493,15.703934669494629,6625800,0.0,0.0
2013-12-09 00:00:00-05:00,15.703937249804959,15.71738142671417,15.468646843794748,15.656879425048828,3158000,0.0,0.0
2013-12-10 00:00:00-05:00,15.60982647769433,15.798059133224939,15.569491366591365,15.623271942138672,4628500,0.0,0.0
2013-12-11 00:00:00-05:00,15.589657441952964,15.64343801018228,15.30058640688418,15.361089706420898,3826200,0.0,0.0
2013-12-12 00:00:00-05:00,15.340921512498696,15.488819036801733,15.334198781191295,15.361089706420898,2201800,0.0,0.0
2013-12-13 00:00:00-05:00,15.35436152091911,15.394696612205745,15.206465331381821,15.246800422668457,3138100,0.0,0.0
2013-12-16 00:00:00-05:00,15.354368335843027,15.468652213737085,15.213193530336246,15.320755958557129,3075100,0.0,0.0
2013-12-17 00:00:00-05:00,15.293861936953002,15.4753718149289,15.226635913751215,15.387977600097656,4905400,0.0,0.0
2013-12-18 00:00:00-05:00,15.36108929237705,15.482095888188864,15.098907907374835,15.455204963684082,3646500,0.0,0.0
2013-12-19 00:00:00-05:00,15.374533547442766,15.387977726409686,15.172855476181937,15.30058479309082,2527600,0.0,0.0
2013-12-20 00:00:00-05:00,15.314029005054456,15.804776758632764,15.314029005054456,15.629989624023438,6128700,0.0,0.0
2013-12-23 00:00:00-05:00,15.663607663099496,15.70394405800301,15.475376282470217,15.502265930175781,2700100,0.0,0.0
2013-12-24 00:00:00-05:00,15.515706337966318,15.609821997604973,15.435034856683403,15.562764167785645,745000,0.0,0.0
2013-12-26 00:00:00-05:00,15.569489774666728,15.629993076249962,15.461928634569855,15.508986473083496,1472800,0.0,0.0
2013-12-27 00:00:00-05:00,15.508985069732828,15.623268931023375,15.468649966403758,15.542598724365234,1436900,0.0,0.0
2013-12-30 00:00:00-05:00,15.55603650063697,15.616539771840445,15.50897868575189,15.535869598388672,2159200,0.0,0.0
2013-12-31 00:00:00-05:00,15.542600226025874,15.61654770890203,15.482096924071787,15.582935333251953,1945900,0.0,0.0
2014-01-02 00:00:00-05:00,15.576210898820655,15.656882386683414,15.334197717462175,15.340920448303223,2980400,0.0,0.0
2014-01-03 00:00:00-05:00,15.367806874042977,15.461922513813644,15.260245776525235,15.334193229675293,3187900,0.0,0.0
2014-01-06 00:00:00-05:00,15.414864812215335,15.42158754114046,15.253523164700658,15.354361534118652,2697800,0.0,0.0
2014-01-07 00:00:00-05:00,15.381254023310587,15.596377542166612,15.334196194327282,15.515706062316895,2760300,0.0,0.0
2014-01-08 00:00:00-05:00,15.475368090312019,15.529148639483578,15.300580984947093,15.354361534118652,2521700,0.0,0.0
2014-01-09 00:00:00-05:00,15.361084674539018,15.53587178458617,15.266967749295494,15.529149055480957,3654400,0.0,0.0
2014-01-10 00:00:00-05:00,15.616543097949407,15.919059518398615,15.609820368358363,15.717381477355957,5118800,0.0,0.0
2014-01-13 00:00:00-05:00,15.656885487282363,15.703943330258953,15.461930100973575,15.488821029663086,5265600,0.0,0.0
2014-01-14 00:00:00-05:00,15.488811019428907,15.650152640602638,15.461920108118672,15.616539001464844,3566000,0.0,0.0
2014-01-15 00:00:00-05:00,15.603096696469004,15.777883808591785,15.522426510707403,15.771161079406738,6575700,0.0,0.0
2014-01-16 00:00:00-05:00,15.764447624647223,15.878731514273246,15.636718269834578,15.838395118713379,5048000,0.0,0.0
2014-01-17 00:00:00-05:00,15.851834300124732,15.865279759981481,15.737550455801603,15.74427318572998,2868100,0.0,0.0
2014-01-21 00:00:00-05:00,15.798053623447695,15.959395293819606,15.777885433815099,15.939227104187012,2551900,0.0,0.0
2014-01-22 00:00:00-05:00,15.925787346754182,16.04679395367507,15.919064615010804,15.993013381958008,1708000,0.0,0.0
2014-01-23 00:00:00-05:00,15.939222706411103,15.972836346524454,15.73754599464805,15.845107078552246,2523700,0.0,0.0
2014-01-24 00:00:00-05:00,15.764442229878084,15.89217025875063,15.562764167785645,15.562764167785645,2767400,0.0,0.0
2014-01-27 00:00:00-05:00,15.57621260167595,15.66360554770411,15.522432031297866,15.582935333251953,2559900,0.0,0.0
2014-01-28 00:00:00-05:00,15.582935304146876,15.710664639392489,15.55604437789309,15.690496444702148,2212800,0.0,0.0
2014-01-29 00:00:00-05:00,15.596377819249232,15.710661669766038,15.475371238439708,15.562764167785645,2779400,0.0,0.0
2014-01-30 00:00:00-05:00,15.636712897111215,15.878726058394955,15.629990166827813,15.831666946411133,2780100,0.0,0.0
2014-01-31 00:00:00-05:00,15.690495088900496,15.979566110000649,15.683772357917954,15.730830192565918,7158900,0.0,0.0
2014-02-03 00:00:00-05:00,15.777889896133074,15.892173771913756,15.435038268791029,15.4955415725708,4106100,0.0,0.0
2014-02-04 00:00:00-05:00,15.562769240300938,15.582937437752694,15.37453785967166,15.502265930175781,3668600,0.0,0.0
2014-02-05 00:00:00-05:00,15.441761904456442,15.52243340829492,15.206472689573497,15.488821029663086,5107600,0.0,0.0
2014-02-06 00:00:00-05:00,15.48881965564779,15.603102245750023,15.4283163536937,15.582935333251953,4360200,0.0,0.0
2014-02-07 00:00:00-05:00,15.623267841533538,15.77788679537079,15.58293274101724,15.683771133422852,3168100,0.0,0.0
2014-02-10 00:00:00-05:00,15.656882716217615,15.750998385513544,15.529153392008979,15.730830192565918,3059400,0.0,0.0
2014-02-11 00:00:00-05:00,15.703944313537557,15.845117851306691,15.66360791797769,15.838395118713379,3701500,0.0,0.0
2014-02-12 00:00:00-05:00,15.809865853337246,15.972854000858499,15.809865853337246,15.823447227478027,3341000,0.238,0.0
2014-02-13 00:00:00-05:00,15.769112289482631,15.972848373593576,15.721574258451005,15.95926570892334,3591300,0.0,0.0
2014-02-14 00:00:00-05:00,15.918523622745914,16.33957598701292,15.877775616928147,16.33278465270996,5238300,0.0,0.0
2014-02-18 00:00:00-05:00,16.29883220225211,16.400699644453226,16.108678693579172,16.359952926635742,5914600,0.0,0.0
2014-02-19 00:00:00-05:00,16.292038214033543,16.61801449412704,16.251291502850506,16.393905639648438,5924300,0.0,0.0
2014-02-20 00:00:00-05:00,16.42106920542804,16.665552036774983,16.33957449654091,16.488981246948242,3884500,0.0,0.0
2014-02-21 00:00:00-05:00,16.475403763038194,16.658765944237427,16.407491700151642,16.62480926513672,3749600,0.0,0.0
2014-02-24 00:00:00-05:00,16.67234055916327,16.774209259838095,16.550100449919288,16.5568904876709,3178600,0.0,0.0
2014-02-25 00:00:00-05:00,16.54331610229705,16.62480954287045,16.292041854013483,16.427865982055664,5774500,0.0,0.0
2014-02-26 00:00:00-05:00,16.488983103527758,16.55010381824639,15.979644677748892,15.993226051330566,10724700,0.0,0.0
2014-02-27 00:00:00-05:00,15.972862644584795,16.14943355711296,15.925324571080164,16.00002670288086,7500600,0.0,0.0
2014-02-28 00:00:00-05:00,16.02718277603893,16.115467533524523,15.993226103687082,16.061138153076172,2565700,0.0,0.0
2014-03-03 00:00:00-05:00,15.97964492043706,16.020391632430115,15.823446816386879,15.945688247680664,4131900,0.0,0.0
2014-03-04 00:00:00-05:00,16.067927158614676,16.142630531646414,15.959268413467289,16.033971786499023,2064900,0.0,0.0
2014-03-05 00:00:00-05:00,16.033980806253744,16.033980806253744,15.782706507177062,15.843827247619629,3139300,0.0,0.0
2014-03-06 00:00:00-05:00,15.884567747822642,15.952479798943386,15.76232631486823,15.789491653442383,3322500,0.0,0.0
2014-03-07 00:00:00-05:00,15.77590996321926,15.77590996321926,15.626504477733125,15.748745918273926,2119500,0.0,0.0
2014-03-10 00:00:00-04:00,15.76232916369899,15.782703171311933,15.626506332223974,15.680835723876953,3435500,0.0,0.0
2014-03-11 00:00:00-04:00,15.728375651101048,15.891363845453155,15.578970130107042,15.830243110656738,5707400,0.0,0.0
2014-03-12 00:00:00-04:00,15.803076973748437,15.932108467677214,15.755538918583639,15.90494441986084,8262500,0.0,0.0
2014-03-13 00:00:00-04:00,15.959269224165645,16.38032285448626,15.932103888841645,16.258081436157227,10242900,0.0,0.0
2014-03-14 00:00:00-04:00,16.237712127419694,16.312415525835753,16.142636016937335,16.230920791625977,4598900,0.0,0.0
2014-03-17 00:00:00-04:00,16.258080789720196,16.475398282413508,16.230915455476318,16.46860694885254,4702700,0.0,0.0
2014-03-18 00:00:00-04:00,16.475400082443,16.48219141674596,16.31241194511565,16.33278465270996,3043900,0.0,0.0
2014-03-19 00:00:00-04:00,16.3463673868416,16.366741389832153,16.122258535203816,16.21054458618164,6345700,0.0,0.0
2014-03-20 00:00:00-04:00,16.142630813354778,16.16300351885393,16.00680673189304,16.0950927734375,2241600,0.0,0.0
2014-03-21 00:00:00-04:00,16.149424919022007,16.319204402334755,16.02718348378648,16.10867691040039,6313200,0.0,0.0
2014-03-24 00:00:00-04:00,16.149426919957637,16.21054764514834,15.904944019194826,15.986438751220703,5560800,0.0,0.0
2014-03-25 00:00:00-04:00,16.020392320647694,16.054347699548156,15.80307478692953,15.884568214416504,5681800,0.0,0.0
2014-03-26 00:00:00-04:00,15.918526637684717,16.04755812793558,15.809867858886717,15.809867858886719,5426300,0.0,0.0
2014-03-27 00:00:00-04:00,15.884568214416504,15.938897597846045,15.728371398970909,15.884568214416504,6396000,0.0,0.0
2014-03-28 00:00:00-04:00,15.972856079997253,16.04076814079968,15.904944019194826,15.986438751220703,2740000,0.0,0.0
2014-03-31 00:00:00-04:00,16.040768372348488,16.176591200599123,15.972856310565748,16.088306427001953,3592000,0.0,0.0
2014-04-01 00:00:00-04:00,16.10867980856264,16.39390944365719,16.054350415940583,16.176591873168945,5407900,0.0,0.0
2014-04-02 00:00:00-04:00,16.149428049249018,16.339580278414925,15.966065860854826,16.278459548950195,4847400,0.0,0.0
2014-04-03 00:00:00-04:00,16.33278471818123,16.366741389832153,16.074720490207103,16.21054458618164,6579500,0.0,0.0
2014-04-04 00:00:00-04:00,16.26487263280008,16.407486756104735,16.149422549275826,16.16300392150879,3865600,0.0,0.0
2014-04-07 00:00:00-04:00,16.163006466407236,16.224127184679805,15.870986840045125,15.884568214416504,4901400,0.0,0.0
2014-04-08 00:00:00-04:00,15.952482303436474,16.09509776271171,15.748747413403096,16.088306427001953,5740800,0.0,0.0
2014-04-09 00:00:00-04:00,16.088302429946964,16.237707892498108,15.979643676216218,16.203752517700195,3842100,0.0,0.0
2014-04-10 00:00:00-04:00,16.2309150533809,16.448232540690512,16.18337701494622,16.27166175842285,4125800,0.0,0.0
2014-04-11 00:00:00-04:00,16.244498749729246,16.529728293729324,16.190169374458492,16.298828125,7084800,0.0,0.0
2014-04-14 00:00:00-04:00,16.35315865561884,16.414279369030922,16.196961852594455,16.33278465270996,5813400,0.0,0.0
2014-04-15 00:00:00-04:00,16.373532991954157,16.618014555266456,16.346367654189127,16.611223220825195,4810200,0.0,0.0
2014-04-16 00:00:00-04:00,16.672341271171067,16.79458268094982,16.53651848999476,16.77420997619629,5560700,0.0,0.0
2014-04-17 00:00:00-04:00,16.72667226932475,16.84891369099113,16.61122218167479,16.713090896606445,3965900,0.0,0.0
2014-04-21 00:00:00-04:00,16.726675263727262,16.747049269423844,16.536523058484836,16.570478439331055,3559300,0.0,0.0
2014-04-22 00:00:00-04:00,16.618009123261196,16.74025051261704,16.5025590661267,16.672338485717773,5425500,0.0,0.0
2014-04-23 00:00:00-04:00,16.71309353734705,16.869290358460734,16.685928196989163,16.719884872436523,2971700,0.0,0.0
2014-04-24 00:00:00-04:00,16.733463746177012,16.828541127903833,16.590849616558575,16.679134368896484,3745600,0.0,0.0
2014-04-25 00:00:00-04:00,16.685930582695754,16.910039491431885,16.624809853466363,16.882875442504883,4498100,0.0,0.0
2014-04-28 00:00:00-04:00,16.9032490428808,16.950787102485236,16.713096804463067,16.855710983276367,5253400,0.0,0.0
2014-04-29 00:00:00-04:00,16.862498727685967,16.937202117045505,16.68592790440005,16.69951057434082,4381300,0.0,0.0
2014-04-30 00:00:00-04:00,16.719880588774554,16.882868703219877,16.706297922075514,16.814956665039062,5082900,0.0,0.0
2014-05-01 00:00:00-04:00,17.134145896572917,17.35146343749472,16.685928144593024,16.80137825012207,4730300,0.0,0.0
2014-05-02 00:00:00-04:00,16.740254862352515,16.767420198296445,16.45502531151379,16.495773315429688,4531300,0.0,0.0
2014-05-05 00:00:00-04:00,16.48219626394468,16.651975785504927,16.461822255044066,16.618019104003906,3146000,0.0,0.0
2014-05-06 00:00:00-04:00,16.624803734811554,16.624803734811554,16.46181561529157,16.46860694885254,2743500,0.0,0.0
2014-05-07 00:00:00-04:00,16.502564317135974,16.665553751682065,16.482191609303655,16.645179748535156,3346100,0.0,0.0
2014-05-08 00:00:00-04:00,16.679134872398116,16.73346425131871,16.488982693833307,16.543312072753906,3067300,0.0,0.0
2014-05-09 00:00:00-04:00,16.52973487466134,16.577272935035122,16.25129655363063,16.26487922668457,3727200,0.0,0.0
2014-05-12 00:00:00-04:00,16.26487383496899,16.339575921372322,16.115467071533203,16.115467071533203,3760000,0.0,0.0
2014-05-13 00:00:00-04:00,16.135843010539627,16.20375506613078,15.993227564266737,16.074722290039062,5308700,0.0,0.0
2014-05-14 00:00:00-04:00,16.08707525910016,16.37520202312341,16.059633991825738,16.25857925415039,3903900,0.238,0.0
2014-05-15 00:00:00-04:00,16.25857741286653,16.340898588423645,16.15567398071289,16.15567398071289,2965300,0.0,0.0
2014-05-16 00:00:00-04:00,16.17625296753008,16.382057189941406,16.087071486744197,16.382057189941406,5125100,0.0,0.0
2014-05-19 00:00:00-04:00,16.340899437740433,16.347759754138675,16.10079359768829,16.12823486328125,3287700,0.0,0.0
2014-05-20 00:00:00-04:00,16.12822957427149,16.24485229785378,16.045907112960585,16.217411041259766,3624200,0.0,0.0
2014-05-21 00:00:00-04:00,16.23799365853258,16.279154239197872,16.135091552633718,16.244853973388672,3494100,0.0,0.0
2014-05-22 00:00:00-04:00,16.244854758350023,16.539841769059645,16.19683386050824,16.484960556030273,3863000,0.0,0.0
2014-05-23 00:00:00-04:00,16.46437601055714,16.498676270524047,16.354613608497772,16.375194549560547,2563800,0.0,0.0
2014-05-27 00:00:00-04:00,16.46437285960608,16.54669529963126,16.368331103302364,16.436931610107422,2888400,0.0,0.0
2014-05-28 00:00:00-04:00,16.457522271806383,16.512403494761635,16.409501365279482,16.471242904663086,2664600,0.0,0.0
2014-05-29 00:00:00-04:00,16.47123677218135,16.51925766082937,16.368334681011145,16.505537033081055,1822800,0.0,0.0
2014-05-30 00:00:00-04:00,16.471241174310258,16.57414329298224,16.430080588535752,16.546703338623047,4123800,0.0,0.0
2014-06-02 00:00:00-04:00,16.52612072150855,16.56728130312371,16.443798249806928,16.51926040649414,1709300,0.0,0.0
2014-06-03 00:00:00-04:00,16.484962046154394,16.53984326414464,16.423220512356433,16.47810173034668,5392900,0.0,0.0
2014-06-04 00:00:00-04:00,16.45751421561997,16.471234841760232,16.382052080319443,16.423213958740234,2108600,0.0,0.0
2014-06-05 00:00:00-04:00,16.41636291614747,16.53298568725586,16.36148168906539,16.53298568725586,3267600,0.0,0.0
2014-06-06 00:00:00-04:00,16.581000672841807,16.629021565821343,16.478098572389772,16.49867820739746,3430800,0.0,0.0
2014-06-09 00:00:00-04:00,16.47124016156933,16.51926106009891,16.382057371324674,16.416358947753906,2401000,0.0,0.0
2014-06-10 00:00:00-04:00,16.395782054652496,16.51240482639634,16.340900827271376,16.3889217376709,3554300,0.0,0.0
2014-06-11 00:00:00-04:00,16.347760321382918,16.41636217927414,16.18997696416323,16.33403968811035,2832000,0.0,0.0
2014-06-12 00:00:00-04:00,16.320316085999494,16.457518457351654,16.210552357058,16.430078506469727,3110200,0.0,0.0
2014-06-13 00:00:00-04:00,16.43008231456454,16.491823853948144,16.320319868654032,16.471242904663086,2173800,0.0,0.0
2014-06-16 00:00:00-04:00,16.587860106036402,16.972028537933358,16.539839215608172,16.89656639099121,5627000,0.0,0.0
2014-06-17 00:00:00-04:00,16.841683911695895,16.88284579335125,16.58099853690046,16.793663024902344,4779900,0.0,0.0
2014-06-18 00:00:00-04:00,16.800518501657756,17.026903551702045,16.773078563591813,16.992603302001953,5618200,0.0,0.0
2014-06-19 00:00:00-04:00,17.01318762025107,17.143530960304062,16.97202704756576,17.129810333251953,5703200,0.0,0.0
2014-06-20 00:00:00-04:00,17.143536762634,17.157257394329932,16.82797008445623,16.86227035522461,12311000,0.0,0.0
2014-06-23 00:00:00-04:00,16.910282959032493,16.999465712818523,16.84854145517165,16.882843017578125,3397700,0.0,0.0
2014-06-24 00:00:00-04:00,16.896569315079976,17.09551453382159,16.84854841634134,16.98575210571289,9087400,0.0,0.0
2014-06-25 00:00:00-04:00,16.951451120008134,17.21213787720652,16.951451120008134,17.191556930541992,3452700,0.0,0.0
2014-06-26 00:00:00-04:00,17.157250735930184,17.29445307422957,17.047488341902294,17.26015281677246,5318200,0.0,0.0
2014-06-27 00:00:00-04:00,17.260156174560542,17.43166011215234,17.205274966870018,17.39735984802246,3334900,0.0,0.0
2014-06-30 00:00:00-04:00,17.41108356896336,17.664910036477107,17.363062663656535,17.52084732055664,6810900,0.0,0.0
2014-07-01 00:00:00-04:00,17.54828692683489,17.575728191303362,17.411083221435547,17.411083221435547,4410300,0.0,0.0
2014-07-02 00:00:00-04:00,17.383644449928813,17.39050476651338,17.05435710469915,17.08865737915039,2982100,0.0,0.0
2014-07-03 00:00:00-04:00,17.095505359572876,17.15724685580956,16.917141182496973,16.992603302001953,1931600,0.0,0.0
2014-07-07 00:00:00-04:00,16.985756752089966,17.102379527416012,16.95831548332068,16.99947738647461,2465900,0.0,0.0
2014-07-08 00:00:00-04:00,16.97202999092165,17.170975192266024,16.97202999092165,17.033771514892578,2977100,0.0,0.0
2014-07-09 00:00:00-04:00,17.0817928314209,17.16411530157291,16.992611354854887,17.0817928314209,2051900,0.0,0.0
2014-07-10 00:00:00-04:00,17.04749422930452,17.191556930541992,16.992613013337184,17.191556930541992,2049800,0.0,0.0
2014-07-11 00:00:00-04:00,17.17783252793433,17.253293359778894,17.088649760566646,17.129810333251953,1817400,0.0,0.0
2014-07-14 00:00:00-04:00,17.15039020017825,17.212131709576568,16.9377257280679,16.95830535888672,2253600,0.0,0.0
2014-07-15 00:00:00-04:00,16.985751039969614,17.116094405847267,16.958309780428518,17.0817928314209,2708000,0.0,0.0
2014-07-16 00:00:00-04:00,17.081787949590144,17.116089514213414,16.937725303585104,17.095508575439453,2523400,0.0,0.0
2014-07-17 00:00:00-04:00,17.033774495357736,17.246439054873196,16.999474224248342,17.02005386352539,3407500,0.0,0.0
2014-07-18 00:00:00-04:00,17.150394859973066,17.218996701107216,17.01319117770477,17.198415756225586,2906300,0.0,0.0
2014-07-21 00:00:00-04:00,17.143534547204364,17.3081781808646,17.10923428086855,17.23957633972168,2195700,0.0,0.0
2014-07-22 00:00:00-04:00,17.267015869588736,17.34247801813254,17.232715606689453,17.232715606689453,1288900,0.0,0.0
2014-07-23 00:00:00-04:00,17.232716908735167,17.23957591505634,17.143534124904836,17.150394439697266,1192200,0.0,0.0
2014-07-24 00:00:00-04:00,17.18469068020168,17.30131338741518,17.088648912545015,17.26015281677246,2250300,0.0,0.0
2014-07-25 00:00:00-04:00,17.19841298400552,17.246433872517528,17.054350318469492,17.06121063232422,1339600,0.0,0.0
2014-07-28 00:00:00-04:00,17.04063326556094,17.315039334959796,17.033772950267046,17.253297805786133,2244700,0.0,0.0
2014-07-29 00:00:00-04:00,17.273872800602277,17.30817305678351,17.074927651032606,17.136669158935547,2983300,0.0,0.0
2014-07-30 00:00:00-04:00,17.16410714481859,17.218988329348782,16.7936581678868,16.848539352416992,3241200,0.0,0.0
2014-07-31 00:00:00-04:00,16.773081685151915,16.910284017957014,16.67017829995947,16.68389892578125,4623500,0.0,0.0
2014-08-01 00:00:00-04:00,16.6633214077379,16.91028616148033,16.63588015261593,16.80052375793457,3434700,0.0,0.0
2014-08-04 00:00:00-04:00,16.79366236470191,16.79366236470191,16.450654548551277,16.773082733154297,5408500,0.0,0.0
2014-08-05 00:00:00-04:00,16.670178686910354,16.71134056533115,16.375193075720237,16.423213958740234,4632300,0.0,0.0
2014-08-06 00:00:00-04:00,16.450661452571637,16.47124240122765,16.10079317624861,16.162534713745117,9841000,0.0,0.0
2014-08-07 00:00:00-04:00,16.18997359794986,16.471239979198625,16.18997359794986,16.382057189941406,3876000,0.0,0.0
2014-08-08 00:00:00-04:00,16.45751612855017,16.70448219389718,16.4437955008151,16.69076156616211,2854600,0.0,0.0
2014-08-11 00:00:00-04:00,16.711347579956055,16.841689657587157,16.642745728929885,16.711347579956055,4147700,0.0,0.0
2014-08-12 00:00:00-04:00,16.711346326521227,16.827969071976984,16.66332542694616,16.73192596435547,3571700,0.0,0.0
2014-08-13 00:00:00-04:00,16.74439306098512,16.869092930718125,16.67511520875955,16.785959243774414,2980500,0.238,0.0
2014-08-14 00:00:00-04:00,16.820598891144055,17.000720779033145,16.772103469455924,16.97300910949707,2438800,0.0,0.0
2014-08-15 00:00:00-04:00,16.97301249566255,17.111568228254935,16.827530165669405,16.97994041442871,4625800,0.0,0.0
2014-08-18 00:00:00-04:00,17.028430686380254,17.104636454266547,16.862164637563414,16.89680290222168,2434200,0.0,0.0
2014-08-19 00:00:00-04:00,16.903731306695935,17.08385319511434,16.88987547188718,17.07692527770996,2548900,0.0,0.0
2014-08-20 00:00:00-04:00,17.201630704033466,17.257052739803534,16.993798400237104,17.132352828979492,2588500,0.0,0.0
2014-08-21 00:00:00-04:00,17.139277323266334,17.25012137265383,17.090783216829966,17.104639053344727,1732300,0.0,0.0
2014-08-22 00:00:00-04:00,17.076932038542264,17.146209918648317,16.945304198477324,16.98687171936035,2102600,0.0,0.0
2014-08-25 00:00:00-04:00,17.00765603330209,17.215489696531126,16.993801512846133,17.17392349243164,2845300,0.0,0.0
2014-08-26 00:00:00-04:00,17.22240566251617,17.236260173355028,16.986861800512088,17.014572143554688,1718700,0.0,0.0
2014-08-27 00:00:00-04:00,17.04921959470379,17.1254240642738,17.007652078903238,17.063074111938477,1759500,0.0,0.0
2014-08-28 00:00:00-04:00,17.007647670675734,17.215481231713422,17.007647670675734,17.208553314208984,993200,0.0,0.0
2014-08-29 00:00:00-04:00,17.229337066722298,17.25011949787046,17.111565111877155,17.208553314208984,2789100,0.0,0.0
2014-09-02 00:00:00-04:00,17.215484196171325,17.250122468292975,17.049218111529715,17.139278411865234,2273100,0.0,0.0
2014-09-03 00:00:00-04:00,17.153130909693527,17.298613209918766,17.153130909693527,17.236263275146484,1577300,0.0,0.0
2014-09-04 00:00:00-04:00,17.208555847452836,17.263977874281775,17.056145604014585,17.14620590209961,2362100,0.0,0.0
2014-09-05 00:00:00-04:00,17.16005799193398,17.36096229980573,17.16005799193398,17.333251953125,2073500,0.0,0.0
2014-09-08 00:00:00-04:00,17.333256597159323,17.381750707867248,17.146206751829844,17.215484619140625,2578200,0.0,0.0
2014-09-09 00:00:00-04:00,17.173916914553235,17.28476096394073,17.090783216829966,17.104639053344727,2935500,0.0,0.0
2014-09-10 00:00:00-04:00,17.104635422352526,17.13927368492108,16.973007646134988,17.049213409423828,3226700,0.0,0.0
2014-09-11 00:00:00-04:00,17.056145604014585,17.166989657672467,17.021506011393157,17.14620590209961,1775700,0.0,0.0
2014-09-12 00:00:00-04:00,17.090785952852606,17.111569710951972,16.758253751455843,16.799819946289062,2217800,0.0,0.0
2014-09-15 00:00:00-04:00,16.827526946942555,16.93144306582733,16.78595944229653,16.813671112060547,2884600,0.0,0.0
2014-09-16 00:00:00-04:00,16.785960959245354,16.993794537161993,16.779033041178277,16.924516677856445,2780800,0.0,0.0
2014-09-17 00:00:00-04:00,16.973012466041993,17.05614616972542,16.737468513865238,16.87602424621582,4665200,0.0,0.0
2014-09-18 00:00:00-04:00,16.882953033529066,16.924519226826497,16.72361353671891,16.779035568237305,2475700,0.0,0.0
2014-09-19 00:00:00-04:00,16.779028295387082,16.820595792032588,16.647401853437643,16.668184280395508,7954100,0.0,0.0
2014-09-22 00:00:00-04:00,16.74439508226417,16.74439508226417,16.508851149082904,16.522706985473633,4821000,0.0,0.0
2014-09-23 00:00:00-04:00,16.488066967612024,16.54348899037475,16.439572862865294,16.529634475708008,5104800,0.0,0.0
2014-09-24 00:00:00-04:00,16.550414571304096,16.633548254391492,16.481138043657175,16.53656005859375,3851000,0.0,0.0
2014-09-25 00:00:00-04:00,16.515778446945355,16.772104803719806,16.488066775204747,16.58505630493164,4138900,0.0,0.0
2014-09-26 00:00:00-04:00,16.585054556202017,16.973008670107973,16.49499295390638,16.89680290222168,6338500,0.0,0.0
2014-09-29 00:00:00-04:00,16.869100388695283,16.97994447271529,16.82753418752921,16.94530487060547,3074000,0.0,0.0
2014-09-30 00:00:00-04:00,16.966084383516968,17.111568033217285,16.896806518010404,16.952228546142578,3960300,0.0,0.0
2014-10-01 00:00:00-04:00,16.986867048647298,17.146205204123603,16.96608329392049,17.000722885131836,2987000,0.0,0.0
2014-10-02 00:00:00-04:00,17.000725221440426,17.09771344743012,16.92451943166825,16.993797302246094,3064400,0.0,0.0
2014-10-03 00:00:00-04:00,17.021508757439356,17.201630704033466,16.94530296274343,17.132352828979492,2168500,0.0,0.0
2014-10-06 00:00:00-04:00,17.146203090323024,17.208553025451593,16.97993703710189,17.056142807006836,1999300,0.0,0.0
2014-10-07 00:00:00-04:00,17.028431984993173,17.12542019052485,16.952226211295315,16.95915412902832,3213800,0.0,0.0
2014-10-08 00:00:00-04:00,16.952228147515644,17.173917576196754,16.910661957735275,17.14620590209961,4941800,0.0,0.0
2014-10-09 00:00:00-04:00,17.146215123374073,17.208565102259264,16.69591074804352,16.75826072692871,4097900,0.0,0.0
2014-10-10 00:00:00-04:00,16.827526696930832,16.94529732758272,16.585054875558733,16.682043075561523,5240900,0.0,0.0
2014-10-13 00:00:00-04:00,16.65434060844541,16.730545092494108,16.023913046012183,16.044696807861328,10151100,0.0,0.0
2014-10-14 00:00:00-04:00,16.127822020101995,16.14860444961446,15.677516667311208,15.802216529846191,9142700,0.0,0.0
2014-10-15 00:00:00-04:00,15.59438129585015,15.649803299458593,14.596783909533384,15.338053703308105,9788900,0.0,0.0
2014-10-16 00:00:00-04:00,15.171793842044835,15.816075720991856,15.081733545188898,15.622097969055176,9922700,0.0,0.0
2014-10-17 00:00:00-04:00,15.746791179209268,16.155528943644306,15.608236833476992,16.051612854003906,7457600,0.0,0.0
2014-10-20 00:00:00-04:00,16.04468967061082,16.384149701615083,15.975411816630015,16.307945251464844,3750900,0.0,0.0
2014-10-21 00:00:00-04:00,16.370292692418957,16.619692420316085,16.301016164772033,16.53656005859375,3943400,0.0,0.0
2014-10-22 00:00:00-04:00,16.536565983427263,16.737470364041844,16.28716616617347,16.29409408569336,5155000,0.0,0.0
2014-10-23 00:00:00-04:00,16.411864213954463,16.64048024672715,16.335658429241768,16.501924514770508,3148200,0.0,0.0
2014-10-24 00:00:00-04:00,16.543489456517364,16.723611365912802,16.48806743219302,16.626623153686523,2016700,0.0,0.0
2014-10-27 00:00:00-04:00,16.64047856195385,16.779032958517096,16.557344866923696,16.6335506439209,3847700,0.0,0.0
2014-10-28 00:00:00-04:00,16.695900202992895,16.82752799987793,16.654334017111125,16.82752799987793,3193000,0.0,0.0
2014-10-29 00:00:00-04:00,16.855240890983428,16.93837459664482,16.54349114645998,16.765180587768555,2371000,0.0,0.0
2014-10-30 00:00:00-04:00,16.7790357826858,17.014579749990755,16.751325427255175,16.910663604736328,4420500,0.0,0.0
2014-10-31 00:00:00-04:00,16.973012103700725,17.028434131184724,16.79289018403638,17.00765037536621,5079900,0.0,0.0
2014-11-03 00:00:00-05:00,17.063069305526838,17.38867481408545,17.01457520545176,17.236263275146484,6256500,0.0,0.0
2014-11-04 00:00:00-05:00,17.173928662496923,17.263989018718682,16.896817028102774,17.070011138916016,4808700,0.0,0.0
2014-11-05 00:00:00-05:00,17.284761499349433,17.464882094159513,16.924517666998597,17.409460067749023,9388400,0.0,0.0
2014-11-06 00:00:00-05:00,17.37482599259457,17.395609753029568,16.99379963417923,17.2778377532959,5957100,0.0,0.0
2014-11-07 00:00:00-05:00,17.305544778627556,17.50645046003143,17.26397858713087,17.47873878479004,4157700,0.0,0.0
2014-11-10 00:00:00-05:00,17.492594651051757,17.58958287182462,17.388678511457204,17.58265495300293,3213700,0.0,0.0
2014-11-11 00:00:00-05:00,17.61729283097415,17.707353124152363,17.40945925066514,17.527231216430664,3106600,0.0,0.0
2014-11-12 00:00:00-05:00,17.30203780121455,17.441909296471792,17.176153722265717,17.183147430419922,5329600,0.238,0.0
2014-11-13 00:00:00-05:00,17.218127151131462,17.295055322951256,16.896423036718762,16.917404174804688,4326600,0.0,0.0
2014-11-14 00:00:00-05:00,16.86145273869542,16.931387185093175,16.77053582411584,16.812498092651367,3989700,0.0,0.0
2014-11-17 00:00:00-05:00,16.819479278150155,17.09922221325101,16.749544878288113,17.05026626586914,2971500,0.0,0.0
2014-11-18 00:00:00-05:00,17.04327833799116,17.246090551529296,16.952361460197825,17.19713592529297,2906000,0.0,0.0
2014-11-19 00:00:00-05:00,17.134189413182032,17.22510493335059,17.022292772706958,17.05026626586914,2604800,0.0,0.0
2014-11-20 00:00:00-05:00,17.00131333580976,17.141184817209762,16.93837130257109,17.015300750732422,1806000,0.0,0.0
2014-11-21 00:00:00-05:00,17.197131761569153,17.21111917536823,16.910396448254108,17.022293090820312,6072900,0.0,0.0
2014-11-24 00:00:00-05:00,17.06425836248144,17.169161324976994,16.994322609513222,17.0292911529541,2973200,0.0,0.0
2014-11-25 00:00:00-05:00,17.078243615113244,17.092231030716626,16.889417506207682,17.001314163208008,3464500,0.0,0.0
2014-11-26 00:00:00-05:00,17.043274818382944,17.08523572736108,16.938370545067727,16.973339080810547,1887800,0.0,0.0
2014-11-28 00:00:00-05:00,16.959351385954854,17.043274536436037,16.679609774206284,16.742551803588867,3599900,0.0,0.0
2014-12-01 00:00:00-05:00,16.67961371701568,16.700593509160367,16.36490349571002,16.434839248657227,5473000,0.0,0.0
2014-12-02 00:00:00-05:00,16.413857603747537,16.71458039817503,16.37189668687104,16.62366485595703,5478200,0.0,0.0
2014-12-03 00:00:00-05:00,16.651643709550804,16.88942453815539,16.616676489897042,16.847463607788086,3590000,0.0,0.0
2014-12-04 00:00:00-05:00,16.82647445153574,16.90340389878506,16.693598013085648,16.728565216064453,4794300,0.0,0.0
2014-12-05 00:00:00-05:00,16.602680624595035,16.735558392744757,16.420848240262057,16.469802856445312,3944600,0.0,0.0
2014-12-08 00:00:00-05:00,16.44883042448685,16.66563010763841,16.232029407421447,16.294971466064453,4249200,0.0,0.0
2014-12-09 00:00:00-05:00,16.218039404435828,16.504774787273647,16.218039404435828,16.399871826171875,3913300,0.0,0.0
2014-12-10 00:00:00-05:00,16.385883629960027,16.42085083736036,15.749470851097099,15.840386390686035,6864200,0.0,0.0
2014-12-11 00:00:00-05:00,15.875356507921142,16.085162440977147,15.77744591643656,15.791433334350586,4688400,0.0,0.0
2014-12-12 00:00:00-05:00,15.742476227179147,15.798424556113538,15.385805130004883,15.385805130004883,5688700,0.0,0.0
2014-12-15 00:00:00-05:00,15.434755433441353,15.469723962939288,15.022136122756777,15.064098358154297,5500300,0.0,0.0
2014-12-16 00:00:00-05:00,15.05711113024317,15.560646166431154,14.973187957255048,15.18299388885498,5647900,0.0,0.0
2014-12-17 00:00:00-05:00,15.28790063019834,15.756468530592484,15.176003937618884,15.728493690490723,5405400,0.0,0.0
2014-12-18 00:00:00-05:00,15.770449129679829,16.085159301757812,15.72848821804054,16.085159301757812,4709000,0.0,0.0
2014-12-19 00:00:00-05:00,16.141110543715403,16.246013508716086,16.022220161004345,16.15509796142578,6554700,0.0,0.0
2014-12-22 00:00:00-05:00,16.16209015305475,16.28797423280355,16.0012375323127,16.27398681640625,3546000,0.0,0.0
2014-12-23 00:00:00-05:00,16.343923491323363,16.469806244297374,16.28797515647485,16.399871826171875,2715900,0.0,0.0
2014-12-24 00:00:00-05:00,16.399874753718006,16.64464792867883,16.3858873340306,16.616674423217773,1894200,0.0,0.0
2014-12-26 00:00:00-05:00,16.651638203948956,16.86144545424385,16.644644495547777,16.73556137084961,2806900,0.0,0.0
2014-12-29 00:00:00-05:00,16.735557558893184,17.029286575270863,16.735557558893184,16.98732566833496,2916200,0.0,0.0
2014-12-30 00:00:00-05:00,16.994320339811367,17.05026866793097,16.644642955585507,16.65863037109375,2260600,0.0,0.0
2014-12-31 00:00:00-05:00,16.693599819684216,16.71457961017664,16.357908498757688,16.385883331298828,2303100,0.0,0.0
2015-01-02 00:00:00-05:00,16.399872172953017,16.546736054818282,16.294967875719486,16.525754928588867,2275600,0.0,0.0
2015-01-05 00:00:00-05:00,16.273985219239364,16.39287557912134,15.875353228433132,16.001235961914062,4125900,0.0,0.0
2015-01-06 00:00:00-05:00,16.001237264388976,16.099147843617217,15.532669494232689,15.644567489624023,4766400,0.0,0.0
2015-01-07 00:00:00-05:00,15.763461649813154,15.994248736347748,15.651563627513772,15.847383499145508,5264500,0.0,0.0
2015-01-08 00:00:00-05:00,15.987255813097905,16.25301012760948,15.882351495400941,16.22503662109375,3429700,0.0,0.0
2015-01-09 00:00:00-05:00,16.218041351257707,16.225035060692488,15.840389045261528,15.882349967956543,2127100,0.0,0.0
2015-01-12 00:00:00-05:00,15.903330925396926,15.959279266360403,15.644570348658473,15.917318344116211,2481200,0.0,0.0
2015-01-13 00:00:00-05:00,16.036207606003014,16.190065199338257,15.728491085418952,15.833394050598145,3044900,0.0,0.0
2015-01-14 00:00:00-05:00,15.679542574707781,15.840393939667006,15.532677299025897,15.819414138793945,4441500,0.0,0.0
2015-01-15 00:00:00-05:00,15.847383499145508,15.917319262864968,15.735486810759872,15.847383499145508,3755700,0.0,0.0
2015-01-16 00:00:00-05:00,15.812411375232447,16.092153009349918,15.693521013993356,16.085159301757812,4188100,0.0,0.0
2015-01-20 00:00:00-05:00,16.141107988738796,16.16908281973141,15.81940543580387,16.008230209350586,3195900,0.0,0.0
2015-01-21 00:00:00-05:00,16.008231067107587,16.211044600931178,15.917315529336845,16.1900634765625,3247900,0.0,0.0
2015-01-22 00:00:00-05:00,16.246010937134383,16.315946680702563,15.903327260954997,16.008230209350586,3462000,0.0,0.0
2015-01-23 00:00:00-05:00,16.050192385275416,16.17607512244867,15.994244057449519,16.064178466796875,2327500,0.0,0.0
2015-01-26 00:00:00-05:00,15.924308028879434,16.092153009349918,15.665546183624944,16.085159301757812,2689400,0.0,0.0
2015-01-27 00:00:00-05:00,15.99424633684794,16.301961516787312,15.945290375849202,16.18307113647461,3045700,0.0,0.0
2015-01-28 00:00:00-05:00,16.204053758293238,16.25300838989707,15.847382584433449,15.917318344116211,4317000,0.0,0.0
2015-01-29 00:00:00-05:00,15.945290180389353,16.406864278553908,15.875355761932655,16.343923568725586,4108100,0.0,0.0
2015-01-30 00:00:00-05:00,16.19705834042924,16.3928781801027,16.127122588123466,16.148103713989258,4888800,0.0,0.0
2015-02-02 00:00:00-05:00,16.169085290277195,16.29496804723807,15.868362480724608,16.015226364135742,4296400,0.0,0.0
2015-02-03 00:00:00-05:00,15.812412456660379,16.02921207118941,15.742476709869697,15.97326374053955,5485000,0.0,0.0
2015-02-04 00:00:00-05:00,15.896337839316063,16.029215654531946,15.749473938746183,15.945292472839355,4895000,0.0,0.0
2015-02-05 00:00:00-05:00,16.078163280376035,16.280976769620377,15.96626664283196,16.218034744262695,3555300,0.0,0.0
2015-02-06 00:00:00-05:00,16.176074096337675,16.19006151088521,15.462733295285789,15.539661407470703,4395700,0.0,0.0
2015-02-09 00:00:00-05:00,15.546660753557846,15.777447841646193,15.4697326134709,15.51868724822998,4030600,0.0,0.0
2015-02-10 00:00:00-05:00,15.532672821804852,15.88934400689307,15.462738393834137,15.854376792907715,3669000,0.0,0.0
2015-02-11 00:00:00-05:00,15.760336833612051,15.80275997198124,15.279536770070386,15.307818412780762,4704600,0.247,0.0
2015-02-12 00:00:00-05:00,15.392661448899513,15.640132154717891,15.321955340293284,15.633061408996582,4691900,0.0,0.0
2015-02-13 00:00:00-05:00,15.62599535391608,15.661347744527916,15.3361014353558,15.385595321655273,6230700,0.0,0.0
2015-02-17 00:00:00-05:00,15.279535499438675,15.406806252569783,15.20882937563171,15.272464752197266,5676200,0.0,0.0
2015-02-18 00:00:00-05:00,15.23004378696639,15.534077870015663,15.23004378696639,15.512866973876953,4501100,0.0,0.0
2015-02-19 00:00:00-05:00,15.527003731538482,15.527003731538482,15.201757474758743,15.279534339904785,3713900,0.0,0.0
2015-02-20 00:00:00-05:00,15.30074451405956,15.371450629185825,15.16640437878733,15.3643798828125,2851100,0.0,0.0
2015-02-23 00:00:00-05:00,15.371452217267814,15.420946098387503,15.187616838389598,15.329029083251953,2247800,0.0,0.0
2015-02-24 00:00:00-05:00,15.35024175209222,15.654277169700437,15.272466222165127,15.583572387695312,3994200,0.0,0.0
2015-02-25 00:00:00-05:00,15.54114897725602,15.54821972566803,15.208831893535688,15.25125503540039,4439000,0.0,0.0
2015-02-26 00:00:00-05:00,15.265396572343034,15.3361027080416,14.728031829084241,14.862373352050781,6704800,0.0,0.0
2015-02-27 00:00:00-05:00,14.848229688802187,14.876512678398013,14.586617429469468,14.699748039245605,6445100,0.0,0.0
2015-03-02 00:00:00-05:00,14.713890819538323,14.756315311526958,14.515915251354345,14.629044532775879,5389800,0.0,0.0
2015-03-03 00:00:00-05:00,14.621973269659776,14.784596437405662,14.522985489050518,14.692679405212402,4019800,0.0,0.0
2015-03-04 00:00:00-05:00,14.63611464119622,14.763384065772595,14.621973144485283,14.664396286010742,3900600,0.0,0.0
2015-03-05 00:00:00-05:00,14.805808048791864,14.93307881761644,14.735101916266286,14.819948196411133,4178100,0.0,0.0
2015-03-06 00:00:00-05:00,14.593691618182236,14.763385549950925,14.494703828469039,14.600762367248535,5344800,0.0,0.0
2015-03-09 00:00:00-04:00,14.600761105593772,14.763384274243862,14.57247946037989,14.657325744628906,4399700,0.0,0.0
2015-03-10 00:00:00-04:00,14.643183807610324,14.728031437916576,14.586619170275267,14.593689918518066,5046100,0.0,0.0
2015-03-11 00:00:00-04:00,14.579549843815965,14.636114481434925,14.423996078908319,14.466419219970703,3562000,0.0,0.0
2015-03-12 00:00:00-04:00,14.537125512827014,14.720960924247136,14.487631622946088,14.664396286010742,3567600,0.0,0.0
2015-03-13 00:00:00-04:00,14.64317836596593,14.671461348426707,14.303790668077603,14.522979736328125,3938600,0.0,0.0
2015-03-16 00:00:00-04:00,14.586616032408251,14.812875881682883,14.55126364740658,14.63611125946045,4175200,0.0,0.0
2015-03-17 00:00:00-04:00,14.61489901929522,14.699746631349088,14.508840515683168,14.63611125946045,3459300,0.0,0.0
2015-03-18 00:00:00-04:00,14.643180951284023,15.180545575451381,14.593687071846134,15.095699310302734,2924600,0.0,0.0
2015-03-19 00:00:00-04:00,14.989643233739413,15.032066373188702,14.728030951819672,14.735101699829102,4611200,0.0,0.0
2015-03-20 00:00:00-04:00,14.827019205240594,15.032066858309566,14.791666812659829,14.96843147277832,5819000,0.0,0.0
2015-03-23 00:00:00-04:00,14.982573353079424,15.053279488659648,14.77752569475751,14.78459644317627,3640800,0.0,0.0
2015-03-24 00:00:00-04:00,14.763382068621876,14.933077308982497,14.678535797048736,14.699748039245605,2932000,0.0,0.0
2015-03-25 00:00:00-04:00,14.742174757923232,14.798739402255006,14.544197828458275,14.551268577575684,2684700,0.0,0.0
2015-03-26 00:00:00-04:00,14.558339958463439,14.657327753187818,14.438139915466309,14.438139915466309,3288300,0.0,0.0
2015-03-27 00:00:00-04:00,14.438137521605162,14.60783143382902,14.374502135945297,14.579549789428711,3085500,0.0,0.0
2015-03-30 00:00:00-04:00,14.621972162865847,14.75631367538627,14.544195284784456,14.586618423461914,3102100,0.0,0.0
2015-03-31 00:00:00-04:00,14.565408030210056,14.664395806736708,14.317937240286119,14.431066513061523,5408300,0.0,0.0
2015-04-01 00:00:00-04:00,14.423996359833893,14.728031798685032,14.339150076056633,14.692679405212402,3401000,0.0,0.0
2015-04-02 00:00:00-04:00,14.685605122120517,14.742169747226615,14.53712213833761,14.650251388549805,3017900,0.0,0.0
2015-04-06 00:00:00-04:00,14.671463004816825,14.918933734860433,14.650250765576407,14.890650749206543,2772900,0.0,0.0
2015-04-07 00:00:00-04:00,14.834087892895754,14.897723269587498,14.7138878867677,14.756312370300293,2745200,0.0,0.0
2015-04-08 00:00:00-04:00,14.756315311526958,14.798738454908179,14.586620040787244,14.629044532775879,4118100,0.0,0.0
2015-04-09 00:00:00-04:00,14.607835039377846,14.636118039366382,14.466422736650495,14.5088472366333,3725200,0.0,0.0
2015-04-10 00:00:00-04:00,14.522980237323013,14.763378853498415,14.522980237323013,14.678532600402832,1962900,0.0,0.0
2015-04-13 00:00:00-04:00,14.650255825612897,14.664397323324158,14.522986392033882,14.537126541137695,2332800,0.0,0.0
2015-04-14 00:00:00-04:00,14.53712213833761,14.671463628692232,14.53712213833761,14.650251388549805,1941100,0.0,0.0
2015-04-15 00:00:00-04:00,14.720962348186337,15.187620995927706,14.614903809810114,15.067420959472656,6226300,0.0,0.0
2015-04-16 00:00:00-04:00,14.933077214304275,14.940146613051239,14.58661733698786,14.749241828918457,5229500,0.0,0.0
2015-04-17 00:00:00-04:00,14.607830097742776,14.918936249335262,14.607830097742776,14.7775239944458,3597700,0.0,0.0
2015-04-20 00:00:00-04:00,14.86237263358858,15.010854297631184,14.86237263358858,14.93307876586914,1981400,0.0,0.0
2015-04-21 00:00:00-04:00,14.961357381501465,15.017922006156011,14.586615900285697,14.607828140258789,4114700,0.0,0.0
2015-04-22 00:00:00-04:00,14.664395774076912,14.841160430970714,14.544195753444834,14.728031158447266,2883600,0.0,0.0
2015-04-23 00:00:00-04:00,14.742168665963119,14.848227161682319,14.671462552614672,14.827014923095703,2875500,0.0,0.0
2015-04-24 00:00:00-04:00,14.834087281358537,14.947216535567389,14.75631176196938,14.883581161499023,3069700,0.0,0.0
2015-04-27 00:00:00-04:00,14.918931928987316,14.918931928987316,14.671461228898982,14.713884353637695,3093900,0.0,0.0
2015-04-28 00:00:00-04:00,14.65025044659217,14.904791917507042,14.621968810161047,14.855298042297363,2841400,0.0,0.0
2015-04-29 00:00:00-04:00,14.770456328814271,14.940150260925293,14.607833145783813,14.940150260925293,3283900,0.0,0.0
2015-04-30 00:00:00-04:00,14.855297907877858,14.883579544053072,14.68560404500575,14.827014923095703,4198000,0.0,0.0
2015-05-01 00:00:00-04:00,14.86943985857311,14.94721537190734,14.770450757391476,14.890650749206543,2686700,0.0,0.0
2015-05-04 00:00:00-04:00,14.890656386384654,15.053280918245571,14.883585637294397,14.926010131835938,2220400,0.0,0.0
2015-05-05 00:00:00-04:00,14.897722145129709,14.954286770296607,14.607828272573478,14.63611125946045,3199700,0.0,0.0
2015-05-06 00:00:00-04:00,14.671466233934618,14.699749225813456,14.275513787881842,14.395713806152344,4399700,0.0,0.0
2015-05-07 00:00:00-04:00,14.416925946476884,14.473490586512112,14.303796666406427,14.353290557861328,3484700,0.0,0.0
2015-05-08 00:00:00-04:00,14.558334378480037,14.650251388549805,14.438134381553699,14.650251388549805,3458400,0.0,0.0
2015-05-11 00:00:00-04:00,14.423996204381758,14.735102388296005,14.367431566270746,14.494702339172363,3564600,0.0,0.0
2015-05-12 00:00:00-04:00,14.38156773709999,14.388638482821314,14.112884794117107,14.169450759887695,7664900,0.0,0.0
2015-05-13 00:00:00-04:00,14.132226222461625,14.289727747343143,14.053474777268013,14.203818321228027,6702900,0.248,0.0
2015-05-14 00:00:00-04:00,14.304048750434356,14.511665733838422,14.28257207318975,14.461551666259766,4580400,0.0,0.0
2015-05-15 00:00:00-04:00,14.518819404024628,14.63336618955692,14.447227321690596,14.597569465637207,4626800,0.0,0.0
2015-05-18 00:00:00-04:00,14.568939770919282,14.676327258244264,14.525985049090488,14.619053840637207,4941800,0.0,0.0
2015-05-19 00:00:00-04:00,14.597569465637207,14.647683513619409,14.533136728087118,14.597569465637207,2862500,0.0,0.0
2015-05-20 00:00:00-04:00,14.61904825145116,14.755073078327355,14.475864079423008,14.697799682617188,4351700,0.0,0.0
2015-05-21 00:00:00-04:00,14.726434009564205,14.776548054377626,14.611887231274867,14.683479309082031,2915400,0.0,0.0
2015-05-22 00:00:00-04:00,14.712122401356632,14.712122401356632,14.576098890115274,14.63337230682373,2188600,0.0,0.0
2015-05-26 00:00:00-04:00,14.633366710515764,14.662002725165603,14.418590455867475,14.5116605758667,2640900,0.0,0.0
2015-05-27 00:00:00-04:00,14.51166473255276,14.547460102494558,14.4329132800738,14.49018669128418,2855300,0.0,0.0
2015-05-28 00:00:00-04:00,14.47587006944508,14.597576256378606,14.447234042493324,14.59041690826416,2908500,0.0,0.0
2015-05-29 00:00:00-04:00,14.583256721496582,14.683484848937976,14.490186575581724,14.583256721496582,3535300,0.0,0.0
2015-06-01 00:00:00-04:00,14.604730857235037,14.619049548809649,14.447229346431069,14.475865364074707,3308600,0.0,0.0
2015-06-02 00:00:00-04:00,14.475865558790936,14.475865558790936,14.103589131382616,14.125065803527832,5056000,0.0,0.0
2015-06-03 00:00:00-04:00,14.117905918265986,14.146543300706314,13.974723102581,14.04631519317627,4083500,0.0,0.0
2015-06-04 00:00:00-04:00,13.996203135613143,14.132228003865016,13.80290621973571,13.81722354888916,4208000,0.0,0.0
2015-06-05 00:00:00-04:00,13.738471337824544,13.924610243135227,13.645401202416366,13.83154010772705,4800100,0.0,0.0
2015-06-08 00:00:00-04:00,13.810061321658207,13.888811387063882,13.73130989074707,13.73130989074707,3023900,0.0,0.0
2015-06-09 00:00:00-04:00,13.731314764282827,13.831542900647944,13.709836721273467,13.810066223144531,3668200,0.0,0.0
2015-06-10 00:00:00-04:00,13.881650924682617,14.031994429275844,13.881650924682617,13.881650924682617,3652300,0.0,0.0
2015-06-11 00:00:00-04:00,13.946087723673887,14.024839171192887,13.903133009347956,13.9532470703125,2417700,0.0,0.0
2015-06-12 00:00:00-04:00,13.895976010576666,13.953249427856754,13.77426982816823,13.788588523864746,1611200,0.0,0.0
2015-06-15 00:00:00-04:00,13.745632971888295,13.78142834346116,13.638244126157906,13.695517539978027,3275400,0.0,0.0
2015-06-16 00:00:00-04:00,13.681199415510688,13.731313479002463,13.623926005019257,13.659721374511719,3005500,0.0,0.0
2015-06-17 00:00:00-04:00,13.70267140738447,13.910288302892889,13.688354083784684,13.881650924682617,3856400,0.0,0.0
2015-06-18 00:00:00-04:00,13.953246806271903,14.125067025829985,13.867337379245722,14.082112312316895,3742600,0.0,0.0
2015-06-19 00:00:00-04:00,14.04631591016764,14.110747292936162,13.94608643201585,13.974723815917969,3827500,0.0,0.0
2015-06-22 00:00:00-04:00,13.989042551891181,14.189498777814334,13.931767783906707,14.110747337341309,4178900,0.0,0.0
2015-06-23 00:00:00-04:00,14.031999409172837,14.117908843281844,13.802905764207702,13.845860481262207,2679600,0.0,0.0
2015-06-24 00:00:00-04:00,13.853019027899995,13.93892845704498,13.724153518676758,13.724153518676758,4494800,0.0,0.0
2015-06-25 00:00:00-04:00,13.752790609935683,13.83154206403403,13.68835921581669,13.716995239257812,4704300,0.0,0.0
2015-06-26 00:00:00-04:00,13.716994851712117,13.867338408424416,13.63824339983873,13.853019714355469,3511600,0.0,0.0
2015-06-29 00:00:00-04:00,13.795747871713004,13.98188681924979,13.788588523864746,13.788588523864746,4244400,0.0,0.0
2015-06-30 00:00:00-04:00,13.845857552625617,13.860176243783748,13.545171865832605,13.623923301696777,6446600,0.0,0.0
2015-07-01 00:00:00-04:00,13.652562027512063,13.724154132002807,13.595288617020632,13.659721374511719,3134400,0.0,0.0
2015-07-02 00:00:00-04:00,13.70267615764317,13.860179061389944,13.674040135011099,13.853019714355469,3589000,0.0,0.0
2015-07-06 00:00:00-04:00,13.817222137750916,13.88881423823006,13.681198648896858,13.75994873046875,4107200,0.0,0.0
2015-07-07 00:00:00-04:00,13.802901249607038,14.074949522646156,13.795741904855298,14.031994819641113,5090600,0.0,0.0
2015-07-08 00:00:00-04:00,14.017679745991371,14.031998439188348,13.681198648896858,13.75994873046875,4985000,0.0,0.0
2015-07-09 00:00:00-04:00,13.824385843964626,13.946092043508335,13.55949676381466,13.566656112670898,7152700,0.0,0.0
2015-07-10 00:00:00-04:00,13.595289111683027,13.81006543296986,13.573811069902582,13.688359260559082,2918900,0.0,0.0
2015-07-13 00:00:00-04:00,13.738472212036175,13.795745619968084,13.652561417385433,13.724153518676758,2202100,0.0,0.0
2015-07-14 00:00:00-04:00,13.731315106584656,13.817224549751801,13.702677715191623,13.788588523864746,2129400,0.0,0.0
2015-07-15 00:00:00-04:00,13.788586502810492,13.802905196408256,13.695516359930815,13.795745849609375,1667300,0.0,0.0
2015-07-16 00:00:00-04:00,13.831540602993531,13.895973355812286,13.716993790317016,13.774267196655273,5125300,0.0,0.0
2015-07-17 00:00:00-04:00,13.752789695220265,13.817222450559616,13.595288163005057,13.602447509765625,3744000,0.0,0.0
2015-07-20 00:00:00-04:00,13.60244623819987,13.609605584291177,13.401988644160156,13.423466682434082,3683800,0.0,0.0
2015-07-21 00:00:00-04:00,13.423467675211876,13.466422389430946,13.28028347380732,13.308920860290527,2245600,0.0,0.0
2015-07-22 00:00:00-04:00,13.301762125444329,13.473582355728706,13.287443431544178,13.330399513244629,2780600,0.0,0.0
2015-07-23 00:00:00-04:00,13.308922484831735,13.33755850930463,13.051191437046128,13.129942893981934,3371300,0.0,0.0
2015-07-24 00:00:00-04:00,13.108464057131494,13.187215509295,13.029713970473816,13.094146728515625,2845800,0.0,0.0
2015-07-27 00:00:00-04:00,13.079829432145706,13.387674561130353,13.079829432145706,13.373355865478516,3452800,0.0,0.0
2015-07-28 00:00:00-04:00,13.430625275434002,13.5738080927146,13.323237821097162,13.523694038391113,4595200,0.0,0.0
2015-07-29 00:00:00-04:00,13.473582449038112,13.724154132002807,13.437787079545648,13.659721374511719,3367200,0.0,0.0
2015-07-30 00:00:00-04:00,13.63108413313931,13.745630943879497,13.573809362263521,13.702674865722656,2423300,0.0,0.0
2015-07-31 00:00:00-04:00,13.795746417114312,13.938929262464605,13.74563235296642,13.845860481262207,3686000,0.0,0.0
2015-08-03 00:00:00-04:00,13.867337563940335,13.924610971222503,13.66687995569988,13.75994873046875,2634700,0.0,0.0
2015-08-04 00:00:00-04:00,13.75278659165671,13.917448798979272,13.480738303676524,13.502216339111328,2147600,0.0,0.0
2015-08-05 00:00:00-04:00,13.552332995904962,13.738471908953723,13.530854956339661,13.631084442138672,2940000,0.0,0.0
2015-08-06 00:00:00-04:00,13.666880721511376,13.681199415510688,13.394830997547713,13.659721374511719,4578300,0.0,0.0
2015-08-07 00:00:00-04:00,13.63108413313931,13.788585656530644,13.552332688690795,13.702674865722656,4399200,0.0,0.0
2015-08-10 00:00:00-04:00,13.631081432582157,14.024835845803661,13.545170658794605,13.981881141662598,4787900,0.0,0.0
2015-08-11 00:00:00-04:00,13.974727691158828,14.074955831598611,13.788588740694946,13.860180854797363,4562600,0.0,0.0
2015-08-12 00:00:00-04:00,13.807964178384267,14.235835724804707,13.77895518772536,14.206828117370605,4325700,0.248,0.0
2015-08-13 00:00:00-04:00,14.177822720947832,14.286605080271473,14.018277381551737,14.243091583251953,5087300,0.0,0.0
2015-08-14 00:00:00-04:00,14.206828321550613,14.453399212795812,14.17781933047479,14.446146965026855,3747500,0.0,0.0
2015-08-17 00:00:00-04:00,14.446146965026857,14.504163563953679,14.39538261386899,14.446146965026855,3332000,0.0,0.0
2015-08-18 00:00:00-04:00,14.424388824043795,14.475153170282761,14.388128971937302,14.43889331817627,2802700,0.0,0.0
2015-08-19 00:00:00-04:00,14.388130428770198,14.467903771351356,14.28660172601224,14.431642532348633,3316100,0.0,0.0
2015-08-20 00:00:00-04:00,14.344617195941959,14.576683574391117,14.28660060132967,14.373624801635742,4707700,0.0,0.0
2015-08-21 00:00:00-04:00,14.293850929409368,14.373624262719563,13.989264856533362,14.003767967224121,4218600,0.0,0.0
2015-08-24 00:00:00-04:00,13.459860102882653,13.829716349149473,13.235046010015385,13.409095764160156,7274400,0.0,0.0
2015-08-25 00:00:00-04:00,13.662922971284985,13.728191821723042,12.981226857390219,12.995731353759766,5067800,0.0,0.0
2015-08-26 00:00:00-04:00,13.18428686140046,13.227798971259446,12.850690330548149,13.22054672241211,5287800,0.0,0.0
2015-08-27 00:00:00-04:00,13.329321079206808,13.61215311110796,13.256801393143057,13.597648620605469,4020700,0.0,0.0
2015-08-28 00:00:00-04:00,13.590402774086579,13.684680623516995,13.517881670653567,13.648419380187988,3995500,0.0,0.0
2015-08-31 00:00:00-04:00,13.583148920200975,13.597653415818476,13.293065923975147,13.503376960754395,5289600,0.0,0.0
2015-09-01 00:00:00-04:00,13.278559979853144,13.285812226870775,12.872443829438556,12.937712669372559,4717400,0.0,0.0
2015-09-02 00:00:00-04:00,13.090002730213204,13.104507220949936,12.676634426786904,12.85068416595459,5898100,0.0,0.0
2015-09-03 00:00:00-04:00,12.879697142095257,13.104511285343753,12.872444894477589,13.010234832763672,3506400,0.0,0.0
2015-09-04 00:00:00-04:00,12.886948216300867,12.901452710215505,12.720150685956545,12.770915031433105,3504700,0.0,0.0
2015-09-08 00:00:00-04:00,12.966720701430512,13.060998532541195,12.908704106602682,13.039241790771484,2542500,0.0,0.0
2015-09-09 00:00:00-04:00,13.104511501194997,13.119015996669244,12.850688363294978,12.872445106506348,3845000,0.0,0.0
2015-09-10 00:00:00-04:00,12.857937812805176,13.060996555579209,12.821677965235484,12.857937812805176,3279300,0.0,0.0
2015-09-11 00:00:00-04:00,12.778166512364026,12.8796951972307,12.74190527975122,12.828930854797363,3233500,0.0,0.0
2015-09-14 00:00:00-04:00,12.850689552093801,12.952219646581105,12.81442969327866,12.915958404541016,2862600,0.0,0.0
2015-09-15 00:00:00-04:00,12.944966253368055,12.988478356743165,12.843436167859698,12.959470748901367,3002000,0.0,0.0
2015-09-16 00:00:00-04:00,12.9957328767835,13.177034952975667,12.930464018696314,13.155278205871582,1809800,0.0,0.0
2015-09-17 00:00:00-04:00,13.155273446048055,13.467113125585174,13.104509104397746,13.256803512573242,2496400,0.0,0.0
2015-09-18 00:00:00-04:00,13.111766437002819,13.307573016373393,13.061002075660472,13.090009689331055,4632300,0.0,0.0
2015-09-21 00:00:00-04:00,13.148024368105414,13.300318812981487,13.09726001422169,13.191537857055664,2875200,0.0,0.0
2015-09-22 00:00:00-04:00,13.082755870838502,13.169780075435883,12.872444840482716,12.923209190368652,3422000,0.0,0.0
2015-09-23 00:00:00-04:00,12.923209457441388,13.017487294799164,12.850688363294978,12.872445106506348,3123500,0.0,0.0
2015-09-24 00:00:00-04:00,12.836184985771272,12.99573028301633,12.828932738184026,12.923209190368652,5344800,0.0,0.0
2015-09-25 00:00:00-04:00,12.95221791514009,13.090006466798133,12.821680227695825,12.973973274230957,6715400,0.0,0.0
2015-09-28 00:00:00-04:00,12.923208333653312,12.995729421493365,12.712898700464326,12.7201509475708,6013700,0.0,0.0
2015-09-29 00:00:00-04:00,12.749160018218713,12.807176618514509,12.676638922042754,12.712900161743164,5777900,0.0,0.0
2015-09-30 00:00:00-04:00,12.792671668083933,13.090006906938052,12.741907317531984,13.082756042480469,3367400,0.0,0.0
2015-10-01 00:00:00-04:00,13.126264294905624,13.155271893901334,12.763660316500632,12.886945724487305,3464600,0.0,0.0
2015-10-02 00:00:00-04:00,12.879698697011241,13.075505256652832,12.778169984556328,13.075505256652832,4183100,0.0,0.0
2015-10-05 00:00:00-04:00,13.169777425647986,13.474364846904747,13.097256347591706,13.452608108520508,3812200,0.0,0.0
2015-10-06 00:00:00-04:00,13.438104748129861,13.525128933590002,13.307567086715162,13.409095764160156,3052900,0.0,0.0
2015-10-07 00:00:00-04:00,13.46711540222168,13.648417443464782,13.42360329962628,13.46711540222168,4415000,0.0,0.0
2015-10-08 00:00:00-04:00,13.452609814666586,13.641164088236765,13.401845468556285,13.590399742126465,3545500,0.0,0.0
2015-10-09 00:00:00-04:00,13.59765512582831,13.641167234927957,13.452612917862803,13.53963851928711,2330500,0.0,0.0
2015-10-12 00:00:00-04:00,13.539633756449316,13.662919174884374,13.401843845674952,13.445357322692871,2881700,0.0,0.0
2015-10-13 00:00:00-04:00,13.459859968636003,13.503373444156564,13.314819199907554,13.33657455444336,4469300,0.0,0.0
2015-10-14 00:00:00-04:00,13.365584502987659,13.387339859093988,13.22779458700775,13.24229907989502,3805400,0.0,0.0
2015-10-15 00:00:00-04:00,13.278558918974177,13.575894106818318,13.24955131644587,13.532382011413574,4947500,0.0,0.0
2015-10-16 00:00:00-04:00,13.590400390469222,13.670173728576607,13.467114951223605,13.561392784118652,3066100,0.0,0.0
2015-10-19 00:00:00-04:00,13.278558604576652,13.43810525599074,13.242298756468655,13.401844024658203,5051100,0.0,0.0
2015-10-20 00:00:00-04:00,13.36558474876852,13.54688676351964,13.36558474876852,13.48161792755127,3329000,0.0,0.0
2015-10-21 00:00:00-04:00,13.510623003421912,13.728186210362002,13.46711091532363,13.612153053283691,4191700,0.0,0.0
2015-10-22 00:00:00-04:00,13.662922234696671,13.967509725911878,13.662922234696671,13.873231887817383,5540200,0.0,0.0
2015-10-23 00:00:00-04:00,13.894988659853052,13.960257506906968,13.467115721710645,13.503376960754395,3988200,0.0,0.0
2015-10-26 00:00:00-04:00,13.53963198430366,13.626657543724566,13.42359882722535,13.612153053283691,4498200,0.0,0.0
2015-10-27 00:00:00-04:00,13.554139010096636,13.604903352911014,13.423601338159894,13.48161792755127,4322900,0.0,0.0
2015-10-28 00:00:00-04:00,13.532381060137025,13.604902136196685,13.278557985540456,13.438104629516602,4340600,0.0,0.0
2015-10-29 00:00:00-04:00,13.387338908017707,13.481616721862608,13.249550385051277,13.438104629516602,5457300,0.0,0.0
2015-10-30 00:00:00-04:00,13.459860354648589,13.525129186576788,13.365583921432584,13.452608108520508,5422200,0.0,0.0
2015-11-02 00:00:00-05:00,13.452613086541533,13.496126579411794,13.314824508794118,13.416353225708008,5130400,0.0,0.0
2015-11-03 00:00:00-05:00,13.409096333738,13.583146095275879,13.343827500258227,13.583146095275879,4075300,0.0,0.0
2015-11-04 00:00:00-05:00,13.575895957923992,13.641164801542956,13.481619507821463,13.54688835144043,4442600,0.0,0.0
2015-11-05 00:00:00-05:00,13.60490702894879,13.706435742010543,13.39459597106376,13.423604965209961,5799800,0.0,0.0
2015-11-06 00:00:00-05:00,13.387342351201193,13.583148891955773,12.517093364333332,12.662134170532227,10387300,0.0,0.0
2015-11-09 00:00:00-05:00,12.640377735201453,12.741906429227258,12.524344546822041,12.691142082214355,6192500,0.0,0.0
2015-11-10 00:00:00-05:00,12.689669323853227,12.822083489121246,12.564611657001054,12.60139274597168,3397200,0.248,0.0
2015-11-11 00:00:00-05:00,12.63082061886154,12.792659398762877,12.51311943291351,12.74852180480957,5128900,0.0,0.0
2015-11-12 00:00:00-05:00,12.660243558498301,12.785301227605702,12.432197715929028,12.439554214477539,3381900,0.0,0.0
2015-11-13 00:00:00-05:00,12.432200787448512,12.53519038946379,12.402776189093416,12.476338386535645,3838200,0.0,0.0
2015-11-16 00:00:00-05:00,12.454270730045582,12.682316637040378,12.417488226911566,12.674960136413574,3017200,0.0,0.0
2015-11-17 00:00:00-05:00,12.660245844339379,12.74116593987469,12.513120056131129,12.557257652282715,3482600,0.0,0.0
2015-11-18 00:00:00-05:00,12.527831000511801,12.638175674341563,12.410129828012236,12.623462677001953,3038400,0.0,0.0
2015-11-19 00:00:00-05:00,12.623461352896198,12.719094422463817,12.542541279124906,12.579323768615723,2664900,0.0,0.0
2015-11-20 00:00:00-05:00,12.630817704333362,12.741162365309297,12.498403549918844,12.571967124938965,3251000,0.0,0.0
2015-11-23 00:00:00-05:00,12.579323768744977,12.667598937306833,12.476334201278137,12.505760192871094,4644100,0.0,0.0
2015-11-24 00:00:00-05:00,12.491051362577432,12.579327963686183,12.395419664226177,12.549901962280273,4707000,0.0,0.0
2015-11-25 00:00:00-05:00,12.54990224859517,12.616109350159947,12.446914047542855,12.564615249633789,3043800,0.0,0.0
2015-11-27 00:00:00-05:00,12.55725427505026,12.623461353025906,12.505760192871094,12.505760192871094,1181200,0.0,0.0
2015-11-30 00:00:00-05:00,12.51312029352214,12.571970890543694,12.461626196516894,12.468982696533203,4070000,0.0,0.0
2015-12-01 00:00:00-05:00,12.513117499616177,12.616105670631658,12.388059833479408,12.498404502868652,4259500,0.0,0.0
2015-12-02 00:00:00-05:00,12.461625070100542,12.505762663099848,12.1894402065358,12.211509704589844,5754900,0.0,0.0
2015-12-03 00:00:00-05:00,12.152660824763021,12.233579522808832,12.027603124391515,12.101166725158691,4726900,0.0,0.0
2015-12-04 00:00:00-05:00,12.123232322237659,12.233576999070264,12.042313640885052,12.145301818847656,4627200,0.0,0.0
2015-12-07 00:00:00-05:00,12.108519334374334,12.137945329878333,11.92461107180042,12.071738243103027,3844800,0.0,0.0
2015-12-08 00:00:00-05:00,11.983464456513953,12.049670147880445,11.880474863380714,12.020245552062988,3236300,0.0,0.0
2015-12-09 00:00:00-05:00,12.012887655203723,12.240933507924943,11.961393566180417,12.071738243103027,2873100,0.0,0.0
2015-12-10 00:00:00-05:00,12.071738714989468,12.16001530184352,11.821623355863196,11.873117446899414,5313100,0.0,0.0
2015-12-11 00:00:00-05:00,11.873117596225471,12.851509547544921,11.806910506029444,12.277716636657715,20470300,0.0,0.0
2015-12-14 00:00:00-05:00,12.26300535472473,12.388063053366308,11.990820456584013,12.167373657226562,5570500,0.0,0.0
2015-12-15 00:00:00-05:00,12.218868336470125,12.47633884315908,12.204155335199605,12.424844741821289,4938000,0.0,0.0
2015-12-16 00:00:00-05:00,12.468979538577292,12.96920878501549,12.454266542270963,12.94714069366455,7606300,0.0,0.0
2015-12-17 00:00:00-05:00,12.969211684004298,13.160476469414048,12.829442397177413,13.123695373535156,10916700,0.0,0.0
2015-12-18 00:00:00-05:00,13.042772812972592,13.101623397117706,12.807370476392137,12.822083473205566,8626900,0.0,0.0
2015-12-21 00:00:00-05:00,12.844154409722195,12.903006410008995,12.697028618331936,12.895649909973145,4986900,0.0,0.0
2015-12-22 00:00:00-05:00,12.910360912222844,13.028062101156737,12.697028033445985,12.939786911010742,9144400,0.0,0.0
2015-12-23 00:00:00-05:00,13.00599472668364,13.344385312863622,13.00599472668364,13.278178215026855,8384000,0.0,0.0
2015-12-24 00:00:00-05:00,13.278176222058967,13.403233898857078,13.226682132161281,13.322315216064453,3405300,0.0,0.0
2015-12-28 00:00:00-05:00,13.270818791751037,13.395875043442295,13.167829226963427,13.373806953430176,4482900,0.0,0.0
2015-12-29 00:00:00-05:00,13.484158403225548,13.594503118179407,13.417951293631397,13.579790115356445,4442500,0.0,0.0
2015-12-30 00:00:00-05:00,13.535651235303511,13.594501837944042,13.403237028585055,13.462087631225586,3638600,0.0,0.0
2015-12-31 00:00:00-05:00,13.454728637902436,13.594497901761425,13.285531976580092,13.50622272491455,4090500,0.0,0.0
2016-01-04 00:00:00-05:00,13.43265643471779,13.454725926035612,13.204610636867052,13.44001293182373,5118100,0.0,0.0
2016-01-05 00:00:00-05:00,13.46944277770967,13.601856971115037,13.270822890710523,13.565075874328613,4854700,0.0,0.0
2016-01-06 00:00:00-05:00,13.447372375485601,13.572430047472217,13.314958204781105,13.39587688446045,4372800,0.0,0.0
2016-01-07 00:00:00-05:00,13.226680827550812,13.322313902021238,13.079555071370388,13.131049156188965,3701400,0.0,0.0
2016-01-08 00:00:00-05:00,13.197260454884528,13.417949861233124,13.072202750457915,13.101627349853516,4660200,0.0,0.0
2016-01-11 00:00:00-05:00,13.02805936713225,13.153117029518938,12.829439529431028,12.94714069366455,6813900,0.0,0.0
2016-01-12 00:00:00-05:00,12.97657015344725,13.013352658018034,12.601397025479745,12.726454734802246,5609100,0.0,0.0
2016-01-13 00:00:00-05:00,12.74116593987469,12.88093663131508,12.527833055884619,12.557257652282715,7041800,0.0,0.0
2016-01-14 00:00:00-05:00,12.586685264865427,13.028064089164987,12.461627557151468,12.969213485717773,6195400,0.0,0.0
2016-01-15 00:00:00-05:00,12.719099636997171,12.822087843577203,12.513121820728026,12.726454734802246,6491900,0.0,0.0
2016-01-19 00:00:00-05:00,12.822085883524519,12.89564947831168,12.741165788947756,12.873579978942871,4798000,0.0,0.0
2016-01-20 00:00:00-05:00,12.704384350590988,12.829442037424874,12.04966991805649,12.432199478149414,8473300,0.0,0.0
2016-01-21 00:00:00-05:00,12.468979968334882,12.954497638309222,12.432197476301308,12.822083473205566,9739900,0.0,0.0
2016-01-22 00:00:00-05:00,13.07219710667591,13.14576067806816,12.954495953691675,13.079553604125977,6390700,0.0,0.0
2016-01-25 00:00:00-05:00,13.013347322847823,13.101622491408772,12.520473188538922,12.579323768615723,4858100,0.0,0.0
2016-01-26 00:00:00-05:00,12.65288502237012,12.858861313282906,12.65288502237012,12.777942657470703,3556400,0.0,0.0
2016-01-27 00:00:00-05:00,12.763235470709294,12.836799066547714,12.630821278821914,12.733809471130371,3908800,0.0,0.0
2016-01-28 00:00:00-05:00,12.873579601679511,13.005993787794198,12.697027821229536,12.903005599975586,4402600,0.0,0.0
2016-01-29 00:00:00-05:00,13.020707610118546,13.197259401730221,13.005994610040343,13.14576530456543,5865900,0.0,0.0
2016-02-01 00:00:00-05:00,13.4253029887701,13.829900599790935,13.417946489992254,13.697487831115723,10143200,0.0,0.0
2016-02-02 00:00:00-05:00,13.62392905865177,13.690136167929202,13.395881725314316,13.550365447998047,5600800,0.0,0.0
2016-02-03 00:00:00-05:00,13.6459945321144,14.17565130434764,13.638639435263517,14.013811111450195,6606100,0.0,0.0
2016-02-04 00:00:00-05:00,14.021168139441388,14.153582337486363,13.910823442106894,13.9402494430542,4189900,0.0,0.0
2016-02-05 00:00:00-05:00,14.006455602541415,14.006455602541415,13.726914224729095,13.866684913635254,6012200,0.0,0.0
2016-02-08 00:00:00-05:00,13.881400163640501,14.021169472097867,13.447376430178167,13.557721138000488,8203300,0.0,0.0
2016-02-09 00:00:00-05:00,13.55771615282301,13.778405487320098,13.47679607539008,13.645991325378418,6138800,0.0,0.0
2016-02-10 00:00:00-05:00,13.675422987201165,13.771054697630008,13.329675845670236,13.616572380065918,6144800,0.0,0.0
2016-02-11 00:00:00-05:00,13.50317139494527,13.629996815882885,13.070473151089095,13.16745662689209,6796100,0.258,0.0
2016-02-12 00:00:00-05:00,13.197301002205382,13.42110994015864,13.092855597943673,13.40618896484375,7357400,0.0,0.0
2016-02-16 00:00:00-05:00,13.488254758110049,13.585238265087908,13.279365343848028,13.503175735473633,6571600,0.0,0.0
2016-02-17 00:00:00-05:00,13.622537984407419,13.779203946568511,13.458411535056403,13.682220458984375,4172400,0.0,0.0
2016-02-18 00:00:00-05:00,13.712059043294884,13.920948386208554,13.652376577168441,13.846344947814941,3643900,0.0,0.0
2016-02-19 00:00:00-05:00,13.749363052743645,13.794124551742692,13.652378144812914,13.756823539733887,2863500,0.0,0.0
2016-02-22 00:00:00-05:00,13.853807712650475,14.062697089922686,13.79412523670734,13.90602970123291,5069500,0.0,0.0
2016-02-23 00:00:00-05:00,13.779201262334713,13.868725668231715,13.7195187993841,13.861265182495117,3282100,0.0,0.0
2016-02-24 00:00:00-05:00,13.734445039881102,14.09253995496279,13.697144019830274,14.070159912109375,3920000,0.0,0.0
2016-02-25 00:00:00-05:00,14.099995799068624,14.301424656055577,13.973170380551903,14.279043197631836,5659000,0.0,0.0
2016-02-26 00:00:00-05:00,13.988091500646883,14.159678414882011,13.726980174713026,13.823965072631836,6866900,0.0,0.0
2016-02-29 00:00:00-05:00,13.801587512036107,14.040317446735637,13.801587512036107,13.898571014404297,5603900,0.0,0.0
2016-03-01 00:00:00-05:00,14.02539497580011,14.12237989077807,13.876189493980748,13.928411483764648,4188800,0.0,0.0
2016-03-02 00:00:00-05:00,13.8538086538648,14.085078085988863,13.667300726003523,14.040316581726074,5520500,0.0,0.0
2016-03-03 00:00:00-05:00,14.0552357033752,14.077617164025442,13.786663867341796,14.01047420501709,4531100,0.0,0.0
2016-03-04 00:00:00-05:00,13.965713497201856,14.659523234958085,13.950793944012743,14.54015827178955,7060400,0.0,0.0
2016-03-07 00:00:00-05:00,14.48047316676833,14.823648440911525,14.43571166942525,14.689362525939941,6150500,0.0,0.0
2016-03-08 00:00:00-05:00,14.681902889507297,14.846029337898635,14.555077453905037,14.81618881225586,3918500,0.0,0.0
2016-03-09 00:00:00-05:00,14.823643127403738,15.047451956837612,14.793801191243576,14.883325576782227,5377300,0.0,0.0
2016-03-10 00:00:00-05:00,14.868405783449322,15.151897084660227,14.801262844725853,15.062374114990234,6677100,0.0,0.0
2016-03-11 00:00:00-05:00,15.174287650017911,15.263810673442405,15.032541202829194,15.129526138305664,3223300,0.0,0.0
2016-03-14 00:00:00-04:00,15.114601033550587,15.330949466878739,15.084759085261235,15.241426467895508,3783400,0.0,0.0
2016-03-15 00:00:00-04:00,15.151898637272462,15.35332747408324,15.11459763324473,15.301105499267578,5307400,0.0,0.0
2016-03-16 00:00:00-04:00,15.21904474483582,15.450314148329674,15.159362272226362,15.390631675720215,3559100,0.0,0.0
2016-03-17 00:00:00-04:00,15.420468391580512,15.793484074567035,15.420468391580512,15.718880653381348,4062700,0.0,0.0
2016-03-18 00:00:00-04:00,15.763648084535781,15.830791046641728,15.457775222916444,15.465235710144043,7773400,0.0,0.0
2016-03-21 00:00:00-04:00,15.435395609240082,15.651744053028535,15.338410695552945,15.629364013671875,3092400,0.0,0.0
2016-03-22 00:00:00-04:00,15.651738057206943,15.703960026290757,15.547294119039314,15.644277572631836,2698600,0.0,0.0
2016-03-23 00:00:00-04:00,15.606981491967057,15.681584938290952,15.509998007805665,15.621902465820312,3025600,0.0,0.0
2016-03-24 00:00:00-04:00,15.547298230973475,15.72634563930452,15.457773815336795,15.66666316986084,2021200,0.0,0.0
2016-03-28 00:00:00-04:00,15.711425780856977,15.726346755012047,15.442855360777806,15.509998321533203,2826400,0.0,0.0
2016-03-29 00:00:00-04:00,15.509998431892189,15.883014250768568,15.472695996239096,15.853172302246094,3483400,0.0,0.0
2016-03-30 00:00:00-04:00,15.89793190122109,15.957614368187567,15.405551193012094,15.554758071899414,7644600,0.0,0.0
2016-03-31 00:00:00-04:00,15.592066020393002,15.711431007456952,15.495082502007127,15.606986999511719,6063300,0.0,0.0
2016-04-01 00:00:00-04:00,15.547299394639028,15.860632738405934,15.465235459408374,15.815871238708496,4669700,0.0,0.0
2016-04-04 00:00:00-04:00,15.800942864704039,15.808403348316839,15.599514075983713,15.636815071105957,3055000,0.0,0.0
2016-04-05 00:00:00-04:00,15.584596829527788,15.644279289737415,15.293645013873613,15.301105499267578,3407400,0.0,0.0
2016-04-06 00:00:00-04:00,15.316029183521161,15.472695135723887,15.271266263226943,15.45777416229248,3750400,0.0,0.0
2016-04-07 00:00:00-04:00,15.375712709297744,15.554760133932787,15.375712709297744,15.465235710144043,3196200,0.0,0.0
2016-04-08 00:00:00-04:00,15.592062102952266,15.674126044544089,15.532379624415265,15.599522590637207,3524000,0.0,0.0
2016-04-11 00:00:00-04:00,15.629364493114217,15.778569977524713,15.517458601128189,15.56222152709961,2329100,0.0,0.0
2016-04-12 00:00:00-04:00,15.592058237101554,15.935233470810308,15.584597751266344,15.86063003540039,3648200,0.0,0.0
2016-04-13 00:00:00-04:00,15.912854725210014,15.935236186529943,15.741267790584486,15.815871238708496,2396600,0.0,0.0
2016-04-14 00:00:00-04:00,15.800942864704039,15.838243859826283,15.592053592370913,15.636815071105957,2916400,0.0,0.0
2016-04-15 00:00:00-04:00,15.629365860065903,15.71142838563902,15.592063418493895,15.65920639038086,2740700,0.0,0.0
2016-04-18 00:00:00-04:00,15.592058993119872,15.689043890737963,15.487615032247076,15.681583404541016,3955300,0.0,0.0
2016-04-19 00:00:00-04:00,15.74126661240102,15.793488595296452,15.599520213868907,15.66666316986084,4859500,0.0,0.0
2016-04-20 00:00:00-04:00,15.65174491864437,15.703966910621347,15.330951055994307,15.35333251953125,3448800,0.0,0.0
2016-04-21 00:00:00-04:00,15.368252219456846,15.480156681966912,15.263806821230665,15.330949783325195,4541900,0.0,0.0
2016-04-22 00:00:00-04:00,15.420472683897758,15.614441063795237,15.413012197408358,15.524916648864746,2565600,0.0,0.0
2016-04-25 00:00:00-04:00,15.487613100331036,15.718882451819066,15.405549185343448,15.711421966552734,3855700,0.0,0.0
2016-04-26 00:00:00-04:00,15.733802904566588,15.830786363953134,15.644278507258834,15.741263389587402,3080100,0.0,0.0
2016-04-27 00:00:00-04:00,15.771104607970402,16.047136874245876,15.771104607970402,15.987454414367676,3577800,0.0,0.0
2016-04-28 00:00:00-04:00,15.86809206738159,16.047139476046006,15.778567651578223,15.935235023498535,3039800,0.0,0.0
2016-04-29 00:00:00-04:00,15.845709198409851,16.039677562947393,15.733804755814935,16.002376556396484,4204000,0.0,0.0
2016-05-02 00:00:00-04:00,16.00983025734598,16.226180007119595,15.994910713487776,16.188879013061523,4366700,0.0,0.0
2016-05-03 00:00:00-04:00,16.10682040405661,16.15904238205124,15.905391554984034,15.994915962219238,2559000,0.0,0.0
2016-05-04 00:00:00-04:00,15.979998950162837,16.293332318712796,15.905395496138079,16.173967361450195,3601000,0.0,0.0
2016-05-05 00:00:00-04:00,16.18142275193346,16.33062819004013,16.076977380022498,16.151580810546875,3166200,0.0,0.0
2016-05-06 00:00:00-04:00,16.136659622192383,16.188883018914485,16.00983421889427,16.136659622192383,2182100,0.0,0.0
2016-05-09 00:00:00-04:00,16.21872886468804,16.293332318712796,16.151585898360008,16.173967361450195,3982700,0.0,0.0
2016-05-10 00:00:00-04:00,16.19634379450152,16.502218030175868,16.19634379450152,16.48729705810547,5953600,0.0,0.0
2016-05-11 00:00:00-04:00,16.51713612823753,16.636501048429835,16.375391174847977,16.42015266418457,6124400,0.0,0.0
2016-05-12 00:00:00-04:00,16.418649383264746,16.73569922205163,16.396002451987055,16.690406799316406,4730000,0.258,0.0
2016-05-13 00:00:00-04:00,16.660202212144874,16.79608084938743,16.539421521222472,16.60736083984375,3532400,0.0,0.0
2016-05-16 00:00:00-04:00,16.630010025919212,16.79608313861768,16.52432582709328,16.78853416442871,3818800,0.0,0.0
2016-05-17 00:00:00-04:00,16.750788450246382,16.79608084938743,16.50922706840158,16.60736083984375,4290000,0.0,0.0
2016-05-18 00:00:00-04:00,16.51678577559724,16.546981688665536,16.154443457699983,16.252578735351562,5176000,0.0,0.0
2016-05-19 00:00:00-04:00,16.15444454025428,16.53943381875196,16.041212738300956,16.524335861206055,3391200,0.0,0.0
2016-05-20 00:00:00-04:00,16.584715634133932,16.66020393371582,16.46393493073074,16.66020393371582,2592700,0.0,0.0
2016-05-23 00:00:00-04:00,16.667750557002176,16.713042954435895,16.562067816383713,16.592262268066406,3231700,0.0,0.0
2016-05-24 00:00:00-04:00,16.622465443372263,16.7205992541165,16.516781216624636,16.630014419555664,2923500,0.0,0.0
2016-05-25 00:00:00-04:00,16.630012930759438,16.750793659241026,16.562073591011064,16.697952270507812,2492900,0.0,0.0
2016-05-26 00:00:00-04:00,16.69795228449523,16.87912337736937,16.62246396917604,16.87157440185547,2480100,0.0,0.0
2016-05-27 00:00:00-04:00,16.894218207236733,16.992353439331055,16.80363338972474,16.992353439331055,3541900,0.0,0.0
2016-05-31 00:00:00-04:00,16.977259918877603,17.158431040985697,16.909320568109557,17.007455825805664,3771200,0.0,0.0
2016-06-01 00:00:00-04:00,17.007451502684034,17.052743911743164,16.871572835686923,17.052743911743164,2324200,0.0,0.0
2016-06-02 00:00:00-04:00,16.954605197074354,17.082934862903638,16.871569370822062,17.06028938293457,1896500,0.0,0.0
2016-06-03 00:00:00-04:00,17.173526974871784,17.362247051518725,17.135783535470363,17.294307708740234,2809900,0.0,0.0
2016-06-06 00:00:00-04:00,17.294311706473724,17.460384893977153,17.24147030316901,17.41509246826172,3501500,0.0,0.0
2016-06-07 00:00:00-04:00,17.490574391531148,17.52831782581892,17.384891623669603,17.445281982421875,3783300,0.0,0.0
2016-06-08 00:00:00-04:00,17.460378408965717,17.558513641357422,17.43018394964346,17.558513641357422,2915600,0.0,0.0
2016-06-09 00:00:00-04:00,17.54341499089646,17.679293651967324,17.475475660361028,17.656646728515625,2968400,0.0,0.0
2016-06-10 00:00:00-04:00,17.573612143237934,17.62645352857739,17.377343112105837,17.467927932739258,3069800,0.0,0.0
2016-06-13 00:00:00-04:00,17.415086010105075,17.520768777523436,17.309403242686717,17.339597702026367,3358100,0.0,0.0
2016-06-14 00:00:00-04:00,17.354702087367723,17.422641445851,17.24147030316901,17.41509246826172,2549600,0.0,0.0
2016-06-15 00:00:00-04:00,17.422632911197343,17.475474288617175,17.256559805046514,17.324499130249023,4216000,0.0,0.0
2016-06-16 00:00:00-04:00,17.301854536831996,17.437733205521788,17.15087791832784,17.392440795898438,2692900,0.0,0.0
2016-06-17 00:00:00-04:00,17.324504745796638,17.460382000425223,17.271661911428836,17.43773651123047,4244100,0.0,0.0
2016-06-20 00:00:00-04:00,17.53586738022237,17.581161230648387,17.377343223190636,17.528318405151367,4082600,0.0,0.0
2016-06-21 00:00:00-04:00,17.535870825785754,17.868018595073583,17.43773701022029,17.739688873291016,3439200,0.0,0.0
2016-06-22 00:00:00-04:00,17.634003241170813,17.732137040931583,17.520770050913228,17.54341697692871,3749600,0.0,0.0
2016-06-23 00:00:00-04:00,17.618904030365805,17.73968474750366,17.520768797803978,17.732135772705078,2829600,0.0,0.0
2016-06-24 00:00:00-04:00,17.460386082637623,17.75479046938091,17.332056334523973,17.618911743164062,3324700,0.0,0.0
2016-06-27 00:00:00-04:00,17.566064104838006,17.679295856577184,17.392441989516612,17.490575790405273,3554300,0.0,0.0
2016-06-28 00:00:00-04:00,17.626456540922028,17.83027458190918,17.475479894304875,17.83027458190918,4954200,0.0,0.0
2016-06-29 00:00:00-04:00,17.913310332448418,18.139775300992824,17.87556689093435,18.117128372192383,4266800,0.0,0.0
2016-06-30 00:00:00-04:00,18.139775300992824,18.20016567130733,18.00389660783018,18.117128372192383,8554300,0.0,0.0
2016-07-01 00:00:00-04:00,18.17751409525175,18.268100347474274,18.064282359838323,18.15486717224121,3579300,0.0,0.0
2016-07-05 00:00:00-04:00,17.981245081952647,18.207709992599135,17.89066026954976,18.15486717224121,7099300,0.0,0.0
2016-07-06 00:00:00-04:00,18.117123740376613,18.20016101826229,17.958599598761744,18.15486717224121,5879800,0.0,0.0
2016-07-07 00:00:00-04:00,18.117125800830962,18.15486923698811,17.732136704784928,17.754783630371094,8357500,0.0,0.0
2016-07-08 00:00:00-04:00,17.77742716967461,18.04918448767451,17.686842356887734,18.041635513305664,4040900,0.0,0.0
2016-07-11 00:00:00-04:00,17.981252361792517,18.03409376372403,17.86047160314328,17.973703384399414,3499200,0.0,0.0
2016-07-12 00:00:00-04:00,17.93595747263597,18.018994772729567,17.860469148898154,17.89066505432129,4811600,0.0,0.0
2016-07-13 00:00:00-04:00,18.011449901464722,18.08693680258716,17.90576564821668,18.071840286254883,6518200,0.0,0.0
2016-07-14 00:00:00-04:00,17.99634659611122,18.05673696295106,17.777430616429353,17.8604679107666,3415300,0.0,0.0
2016-07-15 00:00:00-04:00,17.920856916466438,18.200163241774035,17.875564504731624,18.162418365478516,4717800,0.0,0.0
2016-07-18 00:00:00-04:00,18.18507046887255,18.2228139160945,18.018997285347673,18.079387664794922,3871800,0.0,0.0
2016-07-19 00:00:00-04:00,18.079382918711815,18.13222430687905,17.981247677984232,18.05673599243164,4065300,0.0,0.0
2016-07-20 00:00:00-04:00,18.06428830816953,18.23791045562957,18.00389793340864,18.20771598815918,5258600,0.0,0.0
2016-07-21 00:00:00-04:00,18.169966282440775,18.320942899189703,18.117124898524565,18.298295974731445,3335400,0.0,0.0
2016-07-22 00:00:00-04:00,18.283198237353623,18.653089368881098,18.275649262446564,18.63799285888672,4146100,0.0,0.0
2016-07-25 00:00:00-04:00,18.60779418825801,18.637990083389592,18.39642868161504,18.502111434936523,3452600,0.0,0.0
2016-07-26 00:00:00-04:00,18.517213963511903,18.547408426293824,18.31339594040936,18.358688354492188,2983900,0.0,0.0
2016-07-27 00:00:00-04:00,18.358685237699003,18.388881135174387,17.920854803043405,18.041635513305664,5296800,0.0,0.0
2016-07-28 00:00:00-04:00,18.034091076423294,18.07938493403258,17.85291996544616,17.943506240844727,5025000,0.0,0.0
2016-07-29 00:00:00-04:00,17.951053216097172,18.094479429745423,17.928406289816998,18.05673599243164,5192600,0.0,0.0
2016-08-01 00:00:00-04:00,18.03409034839165,18.124676620133275,17.83782129280142,17.868017196655273,3536600,0.0,0.0
2016-08-02 00:00:00-04:00,17.830274218188016,17.86801765916237,17.634005157517432,17.717041015625,5490100,0.0,0.0
2016-08-03 00:00:00-04:00,17.709492967073917,17.80762822245944,17.581164685111403,17.739688873291016,2869200,0.0,0.0
2016-08-04 00:00:00-04:00,17.754783740664745,17.86801548965938,17.694393378546284,17.815174102783203,5560400,0.0,0.0
2016-08-05 00:00:00-04:00,17.815177179615084,17.815177179615084,16.743246987016157,17.11313819885254,12014600,0.0,0.0
2016-08-08 00:00:00-04:00,17.060297568963268,17.25656664851424,16.992358216817927,17.143333435058594,17377800,0.0,0.0
2016-08-09 00:00:00-04:00,17.120682385604447,17.264110020213135,17.090486487868027,17.135780334472656,6491900,0.0,0.0
2016-08-10 00:00:00-04:00,17.15087559440425,17.264108762849276,17.022545918010163,17.10558319091797,4436500,0.0,0.0
2016-08-11 00:00:00-04:00,17.11313341117034,17.135780334472656,16.984803725429863,17.135780334472656,6784800,0.0,0.0
2016-08-12 00:00:00-04:00,17.180069727664076,17.355687868684118,17.15716244373307,17.233518600463867,3926700,0.258,0.0
2016-08-15 00:00:00-04:00,17.271694580431014,17.363320788414914,17.12661805202213,17.141889572143555,5462300,0.0,0.0
2016-08-16 00:00:00-04:00,17.141894419502925,17.141894419502925,16.813563925909115,16.897554397583008,7132000,0.0,0.0
2016-08-17 00:00:00-04:00,16.83647021542848,17.309877291368377,16.775385572375534,17.24879264831543,6759800,0.0,0.0
2016-08-18 00:00:00-04:00,17.225880651892513,17.45494909299887,17.172431785879407,17.424406051635742,5187300,0.0,0.0
2016-08-19 00:00:00-04:00,17.363320784056057,17.523668832546107,17.279328879781634,17.43204116821289,5258700,0.0,0.0
2016-08-22 00:00:00-04:00,17.432043166055532,17.57711971105485,17.386230056824555,17.516035079956055,3355600,0.0,0.0
2016-08-23 00:00:00-04:00,17.561852560534113,17.645844495341194,17.43968326792718,17.44731903076172,2243700,0.0,0.0
2016-08-24 00:00:00-04:00,17.41677270279036,17.45495150978044,17.294603433167243,17.37859535217285,4070100,0.0,0.0
2016-08-25 00:00:00-04:00,17.393862456099768,17.432039797018415,17.294599039515763,17.340412139892578,1842700,0.0,0.0
2016-08-26 00:00:00-04:00,17.40150080057893,17.485491254351313,17.019721509189722,17.042627334594727,2242400,0.0,0.0
2016-08-29 00:00:00-04:00,17.07317082188717,17.340415167726004,17.07317082188717,17.309873580932617,2742100,0.0,0.0
2016-08-30 00:00:00-04:00,17.286968658424886,17.332783229427857,17.126622029032458,17.157163619995117,1723600,0.0,0.0
2016-08-31 00:00:00-04:00,17.157163619995117,17.225884020126916,17.05026586706683,17.157163619995117,2325900,0.0,0.0
2016-09-01 00:00:00-04:00,17.11134717452398,17.21824490664389,17.05026254811655,17.134254455566406,2641800,0.0,0.0
2016-09-02 00:00:00-04:00,17.149531860597023,17.416777761661454,17.11899026250643,17.27933692932129,3180800,0.0,0.0
2016-09-06 00:00:00-04:00,17.393867658718563,17.531307000958016,17.317511497670445,17.409137725830078,5097300,0.0,0.0
2016-09-07 00:00:00-04:00,17.39386438170136,17.836728284697397,17.33277975564578,17.783279418945312,5334100,0.0,0.0
2016-09-08 00:00:00-04:00,17.75273638779142,18.06579527855021,17.72982910686796,18.05052375793457,3992500,0.0,0.0
2016-09-09 00:00:00-04:00,17.836733884001212,17.86727547843043,17.26406478881836,17.26406478881836,5075000,0.0,0.0
2016-09-12 00:00:00-04:00,17.187707751218657,17.577122891065194,17.08844429749181,17.52367401123047,4185100,0.0,0.0
2016-09-13 00:00:00-04:00,17.454949108298507,17.462584868645983,17.042626787769077,17.134254455566406,3604300,0.0,0.0
2016-09-14 00:00:00-04:00,17.18770779599574,17.31751284294942,17.00445386906809,17.126623153686523,2932000,0.0,0.0
2016-09-15 00:00:00-04:00,17.12662096696906,17.340416459567653,17.088442160167478,17.29460334777832,2497000,0.0,0.0
2016-09-16 00:00:00-04:00,17.279334251397266,17.638207803861814,17.187708014952577,17.60002899169922,5743400,0.0,0.0
2016-09-19 00:00:00-04:00,17.66874717208188,17.806187965812892,17.60002677521637,17.790916442871094,2063100,0.0,0.0
2016-09-20 00:00:00-04:00,17.905456705036915,18.00471872077536,17.87491365011861,17.920726776123047,2934700,0.0,0.0
2016-09-21 00:00:00-04:00,17.943630186229324,18.386494192145182,17.90545283221196,18.340681076049805,3073500,0.0,0.0
2016-09-22 00:00:00-04:00,18.478119425792322,18.623194516882474,18.35595016152035,18.409399032592773,3959700,0.0,0.0
2016-09-23 00:00:00-04:00,18.371222238932667,18.501027278481917,18.333044885806927,18.47048568725586,3008600,0.0,0.0
2016-09-26 00:00:00-04:00,18.49338465233666,18.607919581946938,18.424664277119344,18.523927688598633,1913200,0.0,0.0
2016-09-27 00:00:00-04:00,18.569748063245935,18.653739989506793,18.226147508890296,18.233781814575195,3285000,0.0,0.0
2016-09-28 00:00:00-04:00,18.28723481009316,18.432309941180378,18.157429748970497,18.41703987121582,3150200,0.0,0.0
2016-09-29 00:00:00-04:00,18.34068316092903,18.417039334016255,17.935996463027728,18.004716873168945,3571300,0.0,0.0
2016-09-30 00:00:00-04:00,18.065799202165206,18.14979112742062,17.6611125561932,17.737468719482422,5115800,0.0,0.0
2016-10-03 00:00:00-04:00,17.699287720853984,17.699287720853984,17.302236918620824,17.485490798950195,2697100,0.0,0.0
2016-10-04 00:00:00-04:00,17.47785480919568,17.508397850369285,16.943364696008857,17.073169708251953,2772200,0.0,0.0
2016-10-05 00:00:00-04:00,17.126621134129604,17.24879040434194,17.012087625352116,17.065536499023438,3477300,0.0,0.0
2016-10-06 00:00:00-04:00,16.973910130983867,17.172435574526524,16.874648137398882,17.027359008789062,3201500,0.0,0.0
2016-10-07 00:00:00-04:00,17.13425767010148,17.279332774803738,16.714299510436785,16.721935272216797,5147400,0.0,0.0
2016-10-10 00:00:00-04:00,16.72193493145185,17.027358114565025,16.72193493145185,16.935731887817383,2946200,0.0,0.0
2016-10-11 00:00:00-04:00,16.874646178554045,16.88228193969308,16.668484996917602,16.67612075805664,2752200,0.0,0.0
2016-10-12 00:00:00-04:00,16.714302230016983,16.8975561734365,16.70666646699456,16.859378814697266,2449200,0.0,0.0
2016-10-13 00:00:00-04:00,16.844102539863343,17.195340258007395,16.798289431017587,17.057899475097656,2896000,0.0,0.0
2016-10-14 00:00:00-04:00,17.042627927886276,17.20297599316547,16.981543297392406,17.080806732177734,2499200,0.0,0.0
2016-10-17 00:00:00-04:00,17.11135162901603,17.21061508300148,17.06553851137731,17.126623153686523,1642000,0.0,0.0
2016-10-18 00:00:00-04:00,17.22587952178198,17.25642256114132,16.99681255207602,17.187702178955078,1384900,0.0,0.0
2016-10-19 00:00:00-04:00,17.218252276767103,17.325151511016674,17.088447208042837,17.27933692932129,2463500,0.0,0.0
2016-10-20 00:00:00-04:00,17.264061115349165,17.401501901967876,17.21061224419134,17.30223846435547,2790600,0.0,0.0
2016-10-21 00:00:00-04:00,17.20297598405369,17.386229875438232,17.13425559273793,17.348051071166992,2541300,0.0,0.0
2016-10-24 00:00:00-04:00,17.424403778451946,17.424403778451946,17.126616445872557,17.218242645263672,1819700,0.0,0.0
2016-10-25 00:00:00-04:00,17.164797038639783,17.40150125405769,17.065535061095712,17.309873580932617,1784400,0.0,0.0
2016-10-26 00:00:00-04:00,17.264061115349165,17.32514574758276,17.065535696496866,17.30223846435547,2204400,0.0,0.0
2016-10-27 00:00:00-04:00,17.24879012308454,17.256425884394872,16.935731191223574,17.233518600463867,3836000,0.0,0.0
2016-10-28 00:00:00-04:00,17.24115166366266,17.370956672879732,17.118982414560985,17.202974319458008,2193300,0.0,0.0
2016-10-31 00:00:00-04:00,17.264062621848552,17.65347773245859,17.256426860106476,17.409137725830078,4297800,0.0,0.0
2016-11-01 00:00:00-04:00,17.43204519168406,17.493129829880978,17.157163591611607,17.180070877075195,4955000,0.0,0.0
2016-11-02 00:00:00-04:00,17.141890378518728,17.141890378518728,16.729568054078083,16.882280349731445,3376200,0.0,0.0
2016-11-03 00:00:00-04:00,16.836464486232416,17.241151018982404,16.81355866311505,17.210609436035156,3823700,0.0,0.0
2016-11-04 00:00:00-04:00,17.569478854716376,18.01234266583881,17.44730962794964,17.508394241333008,5814100,0.0,0.0
2016-11-07 00:00:00-05:00,17.790911684827474,18.06579319877454,17.485488589537514,18.03525161743164,4580800,0.0,0.0
2016-11-08 00:00:00-05:00,17.874907476878253,18.218509444178416,17.867271715785748,18.09634017944336,3399000,0.0,0.0
2016-11-09 00:00:00-05:00,17.523672600256084,17.92072201407553,17.493129553453944,17.722196578979492,6024300,0.0,0.0
2016-11-10 00:00:00-05:00,17.653472900390625,17.73746334381851,17.11898137572621,17.653472900390625,5916900,0.0,0.0
2016-11-11 00:00:00-05:00,17.638203718660133,17.790914562822696,17.386229442238093,17.500762939453125,3435800,0.0,0.0
2016-11-14 00:00:00-05:00,17.406547993813763,17.846731074621985,17.236651735991142,17.730892181396484,5035500,0.258,0.0
2016-11-15 00:00:00-05:00,17.831287537155056,18.20969060143433,17.80039676964514,17.970293045043945,3427600,0.0,0.0
2016-11-16 00:00:00-05:00,17.99345308947616,18.062955818088273,17.72316633704274,17.931673049926758,2636700,0.0,0.0
2016-11-17 00:00:00-05:00,17.86989301037736,18.032066534789738,17.86989301037736,17.931673049926758,2410200,0.0,0.0
2016-11-18 00:00:00-05:00,17.962569154701495,18.14018663717425,17.947123771977054,18.024349212646484,3979800,0.0,0.0
2016-11-21 00:00:00-05:00,18.124745223088492,18.26375075213991,18.086133230775584,18.163358688354492,2294300,0.0,0.0
2016-11-22 00:00:00-05:00,18.209690744698225,18.340973561742498,18.147910682145206,18.240581512451172,2525500,0.0,0.0
2016-11-23 00:00:00-05:00,18.03979955426661,18.325531848448836,18.03979955426661,18.23286247253418,2492900,0.0,0.0
2016-11-25 00:00:00-05:00,18.25602335912394,18.510866272458568,18.25602335912394,18.49542236328125,1219400,0.0,0.0
2016-11-28 00:00:00-05:00,18.534036624408017,18.71937681389775,18.43364457412508,18.665319442749023,2567900,0.0,0.0
2016-11-29 00:00:00-05:00,18.541760353912128,18.85838337945926,18.425922913118562,18.603540420532227,3963200,0.0,0.0
2016-11-30 00:00:00-05:00,18.649878437689235,18.657601131517033,18.425926208496094,18.425926208496094,4935700,0.0,0.0
2016-12-01 00:00:00-05:00,18.37958526611328,18.441365327717165,18.201967773121222,18.37958526611328,3532800,0.0,0.0
2016-12-02 00:00:00-05:00,18.518586744378183,18.680760291404255,18.433640098747894,18.611257553100586,4181500,0.0,0.0
2016-12-05 00:00:00-05:00,18.572644471525635,18.618980613284013,18.395027013642874,18.518587112426758,3686700,0.0,0.0
2016-12-06 00:00:00-05:00,18.580370944651712,18.657596390352335,18.333250696772,18.3641414642334,2609100,0.0,0.0
2016-12-07 00:00:00-05:00,18.410477528225293,18.603540420532227,18.395032143332024,18.603540420532227,3910900,0.0,0.0
2016-12-08 00:00:00-05:00,18.464536153749908,18.634430980230796,18.34097601213597,18.572650909423828,4739700,0.0,0.0
2016-12-09 00:00:00-05:00,18.541758441437178,18.896993419624074,18.50314498318676,18.866104125976562,4378600,0.0,0.0
2016-12-12 00:00:00-05:00,18.827495326896976,18.99739163933678,18.781160638483026,18.927888870239258,3196500,0.0,0.0
2016-12-13 00:00:00-05:00,19.02827972329148,19.105505181009683,18.896996887056464,18.981945037841797,3741100,0.0,0.0
2016-12-14 00:00:00-05:00,19.09005540916378,19.190448923019165,18.63442693354998,18.67304039001465,5227400,0.0,0.0
2016-12-15 00:00:00-05:00,18.6344281786475,18.850659130439293,18.49542414494512,18.773433685302734,6275900,0.0,0.0
2016-12-16 00:00:00-05:00,18.66532095205666,18.86610654181127,18.634430181500715,18.757991790771484,12803100,0.0,0.0
2016-12-19 00:00:00-05:00,18.904714256907198,18.951050402262577,18.75026485791397,18.88926887512207,4417400,0.0,0.0
2016-12-20 00:00:00-05:00,18.92016013375263,19.252228486058275,18.889269369374098,19.043720245361328,4508000,0.0,0.0
2016-12-21 00:00:00-05:00,19.05916928317196,19.290844168636216,19.02827851286846,19.036001205444336,3527600,0.0,0.0
2016-12-22 00:00:00-05:00,19.051437419639026,19.23677753338224,19.012825448299633,19.182720184326172,2292900,0.0,0.0
2016-12-23 00:00:00-05:00,19.182731467204373,19.221343461254527,19.097783312750245,19.17500877380371,1767700,0.0,0.0
2016-12-27 00:00:00-05:00,19.128669575734893,19.182726943839427,19.028276058152642,19.120946884155273,1190700,0.0,0.0
2016-12-28 00:00:00-05:00,19.128669915432695,19.159559209346916,18.85065890544053,18.87382698059082,1722300,0.0,0.0
2016-12-29 00:00:00-05:00,18.935604329000164,19.136389866016625,18.90471356655796,19.097776412963867,1629100,0.0,0.0
2016-12-30 00:00:00-05:00,19.151836565351882,19.175004640559905,18.989664457754248,19.028276443481445,2036500,0.0,0.0
2017-01-03 00:00:00-05:00,19.090056122412296,19.105501505575237,18.88154934152381,18.98966407775879,2246400,0.0,0.0
2017-01-04 00:00:00-05:00,19.074612586719496,19.39895827474555,19.074612586719496,19.15955924987793,3758700,0.0,0.0
2017-01-05 00:00:00-05:00,19.144115339364568,19.306287446901173,19.020553744587787,19.15955924987793,3079600,0.0,0.0
2017-01-06 00:00:00-05:00,19.151831578583867,19.65379610005257,19.144110361811155,19.584293365478516,3202300,0.0,0.0
2017-01-09 00:00:00-05:00,19.62291116400099,19.6538019320681,19.2136173248291,19.2136173248291,2497700,0.0,0.0
2017-01-10 00:00:00-05:00,19.198168846419904,19.368063611511637,19.10549803721825,19.267671585083008,2923500,0.0,0.0
2017-01-11 00:00:00-05:00,19.244508535852216,19.661523603686533,19.244508535852216,19.630634307861328,2703000,0.0,0.0
2017-01-12 00:00:00-05:00,19.622908671667567,19.66924334493031,19.437568505663886,19.561128616333008,2354600,0.0,0.0
2017-01-13 00:00:00-05:00,19.514796870849178,19.661523603686533,19.499351486460114,19.630634307861328,3594300,0.0,0.0
2017-01-17 00:00:00-05:00,19.67696397054132,19.885472187766318,19.60746123146632,19.6846866607666,2603500,0.0,0.0
2017-01-18 00:00:00-05:00,19.64607502659713,19.931807205173055,19.630629645876116,19.8314151763916,2759300,0.0,0.0
2017-01-19 00:00:00-05:00,19.76963630965049,19.800525599988635,19.545682694650107,19.646076202392578,2460600,0.0,0.0
2017-01-20 00:00:00-05:00,19.68468423043991,19.76963233947754,19.599736121402277,19.76963233947754,2922900,0.0,0.0
2017-01-23 00:00:00-05:00,19.77735900047319,19.82369367245674,19.561128076295514,19.646076202392578,1844800,0.0,0.0
2017-01-24 00:00:00-05:00,19.700141333204694,19.900926954909185,19.599747785875824,19.78508949279785,3809500,0.0,0.0
2017-01-25 00:00:00-05:00,19.738747449615534,20.124873190265816,19.731024758048193,20.039926528930664,4044700,0.0,0.0
2017-01-26 00:00:00-05:00,20.055370656736777,20.117150716993095,19.877753167618962,20.070816040039062,3078700,0.0,0.0
2017-01-27 00:00:00-05:00,20.07853943640994,20.124874114990234,19.97042469540496,20.124874114990234,3104600,0.0,0.0
2017-01-30 00:00:00-05:00,20.12487742754178,20.12487742754178,19.76191968517308,19.9472599029541,2448500,0.0,0.0
2017-01-31 00:00:00-05:00,19.978150821136147,20.256160413354586,19.900925361593696,20.24071502685547,4814200,0.0,0.0
2017-02-01 00:00:00-05:00,20.148050532451055,20.271610708456798,19.916375570678657,20.024490356445312,3624700,0.0,0.0
2017-02-02 00:00:00-05:00,20.009034570782752,20.240709412191617,19.90864253229297,20.225265502929688,3369700,0.0,0.0
2017-02-03 00:00:00-05:00,20.27160491208283,20.356553061154635,20.217547534656433,20.310216903686523,2056700,0.0,0.0
2017-02-06 00:00:00-05:00,20.379717550299564,20.410608318736656,20.101707999130277,20.148042678833008,2696900,0.0,0.0
2017-02-07 00:00:00-05:00,20.16348702373537,20.248433686653026,20.140318948601738,20.209821701049805,1937500,0.0,0.0
2017-02-08 00:00:00-05:00,20.155768952116805,20.426057332153192,20.109434264181562,20.402889251708984,2140600,0.0,0.0
2017-02-09 00:00:00-05:00,20.371987442608898,20.51871559336894,20.317930090474242,20.441490173339844,2441500,0.0,0.0
2017-02-10 00:00:00-05:00,20.43377543505349,20.534168962041274,20.39516344649077,20.45694351196289,2013400,0.0,0.0
2017-02-13 00:00:00-05:00,20.44922285784415,20.61139646646798,20.433777471698434,20.595951080322266,4105900,0.0,0.0
2017-02-14 00:00:00-05:00,20.53197867317528,20.648991933219264,20.204340652309533,20.321353912353516,2620400,0.268,0.0
2017-02-15 00:00:00-05:00,20.17313775811585,20.3603592712795,20.09512842232158,20.336956024169922,4074200,0.0,0.0
2017-02-16 00:00:00-05:00,20.31355600542283,20.586586472239436,20.290152756308068,20.570985794067383,1927700,0.0,0.0
2017-02-17 00:00:00-05:00,20.602187424204065,20.687997844663485,20.43056807118958,20.68019676208496,2342200,0.0,0.0
2017-02-21 00:00:00-05:00,20.648993646546973,20.8284155805997,20.586586470151726,20.758207321166992,2217200,0.0,0.0
2017-02-22 00:00:00-05:00,20.750404437266837,20.789408361164668,20.602186848227298,20.727001190185547,2071200,0.0,0.0
2017-02-23 00:00:00-05:00,20.81281154344016,21.046838061907092,20.7816072140956,20.937625885009766,3625800,0.0,0.0
2017-02-24 00:00:00-05:00,20.953226742874946,21.078041076660156,20.85961524858393,21.078041076660156,2578200,0.0,0.0
2017-02-27 00:00:00-05:00,21.054633935181617,21.085838256806014,20.883014629959288,20.898616790771484,3093900,0.0,0.0
2017-02-28 00:00:00-05:00,20.212141622664614,21.397879357120946,19.90010576830882,21.312068939208984,4792700,0.0,0.0
2017-03-01 00:00:00-05:00,21.210660828140593,21.72552043222732,21.101447147825102,21.60850715637207,3461700,0.0,0.0
2017-03-02 00:00:00-05:00,21.499290975564442,21.811326837521708,21.483690298394844,21.663110733032227,2950100,0.0,0.0
2017-03-03 00:00:00-05:00,21.678713617544517,21.780124718081964,21.52269493743601,21.764522552490234,3263100,0.0,0.0
2017-03-06 00:00:00-05:00,21.764525779477598,21.819131879240604,21.64751249599907,21.811330795288086,2489000,0.0,0.0
2017-03-07 00:00:00-05:00,21.842527389526367,21.904934551123134,21.678709148298886,21.842527389526367,3184600,0.0,0.0
2017-03-08 00:00:00-05:00,21.70992026766917,21.725522435996748,21.35107932356282,21.405685424804688,2920100,0.0,0.0
2017-03-09 00:00:00-05:00,21.41347947631114,21.56949664463347,21.296464740189165,21.351072311401367,2603500,0.0,0.0
2017-03-10 00:00:00-05:00,21.452495591278097,21.639717192435192,21.405690562965077,21.616313934326172,3190200,0.0,0.0
2017-03-13 00:00:00-04:00,21.600702916379714,21.670911169214115,21.4914892520238,21.53829574584961,2364900,0.0,0.0
2017-03-14 00:00:00-04:00,21.49148614148276,21.530491547358874,21.335468981690592,21.452482223510742,2635200,0.0,0.0
2017-03-15 00:00:00-04:00,21.5850970246658,21.982943226063085,21.53049094586885,21.912734985351562,2624300,0.0,0.0
2017-03-16 00:00:00-04:00,21.647506056989833,21.819125389183526,21.42127915337143,21.52269172668457,4063900,0.0,0.0
2017-03-17 00:00:00-04:00,21.553895819428348,21.702113403254,21.51489189690257,21.5929012298584,6295600,0.0,0.0
2017-03-20 00:00:00-04:00,21.65531028007506,21.702115288753312,21.390079417724298,21.413482666015625,2933000,0.0,0.0
2017-03-21 00:00:00-04:00,21.41348338196273,21.67871425318133,21.41348338196273,21.514894485473633,6466000,0.0,0.0
2017-03-22 00:00:00-04:00,21.62410229863498,21.803524196104632,21.46028405196321,21.748916625976562,4599500,0.0,0.0
2017-03-23 00:00:00-04:00,21.77232104795985,21.91273754579015,21.577298464952037,21.647506713867188,2982300,0.0,0.0
2017-03-24 00:00:00-04:00,21.68650990617125,21.772320315938956,21.60850206591426,21.741117477416992,2125700,0.0,0.0
2017-03-27 00:00:00-04:00,21.795728723106073,21.87373806974386,21.522696753826082,21.600706100463867,2004000,0.0,0.0
2017-03-28 00:00:00-04:00,21.56950176664694,21.624107862922035,21.421284156825596,21.600706100463867,2801400,0.0,0.0
2017-03-29 00:00:00-04:00,21.624104690825217,21.842530531788654,21.514892514295653,21.72551727294922,3482600,0.0,0.0
2017-03-30 00:00:00-04:00,21.678712941879517,21.725517949291525,21.358874508835108,21.46028709411621,2028000,0.0,0.0
2017-03-31 00:00:00-04:00,21.421284903829658,21.647511868177787,21.405684224281696,21.507095336914062,2643800,0.0,0.0
2017-04-03 00:00:00-04:00,21.491491317749023,21.499292400803153,21.29646870510918,21.491491317749023,2247700,0.0,0.0
2017-04-04 00:00:00-04:00,21.483690298394844,21.702114657812754,21.444684885709965,21.663110733032227,2132100,0.0,0.0
2017-04-05 00:00:00-04:00,21.655312850126,21.772326129660954,21.58510458482411,21.71772003173828,2323900,0.0,0.0
2017-04-06 00:00:00-04:00,21.663111451952787,21.78792580087783,21.5694999463068,21.764522552490234,2909800,0.0,0.0
2017-04-07 00:00:00-04:00,21.811327561361022,21.975147324265397,21.709916460823578,21.764522552490234,5284900,0.0,0.0
2017-04-10 00:00:00-04:00,21.756716984366772,21.897133469935525,21.631902661173235,21.842527389526367,2995100,0.0,0.0
2017-04-11 00:00:00-04:00,21.819130528660377,21.8425337790693,21.655312239511535,21.77232551574707,2883200,0.0,0.0
2017-04-12 00:00:00-04:00,21.787928807860773,21.93614642562914,21.639711190092406,21.87373924255371,2092200,0.0,0.0
2017-04-13 00:00:00-04:00,21.85033286752025,21.990749381344145,21.741120684725843,21.795726776123047,1960000,0.0,0.0
2017-04-17 00:00:00-04:00,21.826930938435044,22.029754638671875,21.795728093424103,22.029754638671875,1895500,0.0,0.0
2017-04-18 00:00:00-04:00,22.045354317933246,22.201371501194792,22.02195107088707,22.076557159423828,3478500,0.0,0.0
2017-04-19 00:00:00-04:00,22.10776214029005,22.15456714785733,21.74891978119592,21.819128036499023,2106800,0.0,0.0
2017-04-20 00:00:00-04:00,21.81912864415689,21.81912864415689,21.592903194694397,21.764522552490234,1938700,0.0,0.0
2017-04-21 00:00:00-04:00,21.819129118544375,22.029753894898903,21.819129118544375,21.93614387512207,3182800,0.0,0.0
2017-04-24 00:00:00-04:00,21.998549259088243,22.146765359646285,21.850331670625884,22.092159271240234,2544300,0.0,0.0
2017-04-25 00:00:00-04:00,22.029753396571316,22.162368828175676,22.014151230993296,22.146766662597656,2443300,0.0,0.0
2017-04-26 00:00:00-04:00,22.131160836347863,22.22477083222982,22.014146109639334,22.099956512451172,2352100,0.0,0.0
2017-04-27 00:00:00-04:00,22.11555813246834,22.513404324977763,22.107757051685333,22.34178352355957,3379400,0.0,0.0
2017-04-28 00:00:00-04:00,22.3261858792847,22.372990882429605,22.185769381945768,22.255977630615234,2269400,0.0,0.0
2017-05-01 00:00:00-04:00,22.294986825861596,22.302787909548485,22.037557015812535,22.084362030029297,1931700,0.0,0.0
2017-05-02 00:00:00-04:00,22.115561789139633,22.18577003989121,21.92053920103065,21.990747451782227,2109600,0.0,0.0
2017-05-03 00:00:00-04:00,21.951736967085548,22.060950602955813,21.889329812832795,21.920534133911133,1748300,0.0,0.0
2017-05-04 00:00:00-04:00,21.897137347624543,21.90493843019362,21.655309739600657,21.826929092407227,2826400,0.0,0.0
2017-05-05 00:00:00-04:00,21.912736995759403,22.037551326719107,21.616301843801967,21.881532669067383,3052000,0.0,0.0
2017-05-08 00:00:00-04:00,21.87373288891973,21.936140053867828,21.616301659616614,21.741117477416992,3171600,0.0,0.0
2017-05-09 00:00:00-04:00,21.68651312322576,21.725518537044636,21.319871160754722,21.413482666015625,2725500,0.0,0.0
2017-05-10 00:00:00-04:00,21.40567902408528,21.577298360657103,21.351072939171708,21.483688354492188,4105200,0.0,0.0
2017-05-11 00:00:00-04:00,21.499293598673482,21.51489576565104,21.296469891678836,21.39008140563965,2328300,0.0,0.0
2017-05-12 00:00:00-04:00,21.490914566968648,21.593326619296064,21.443646078887955,21.49879264831543,2221700,0.268,0.0
2017-05-15 00:00:00-04:00,21.514552228461504,21.632720470505717,21.49879756475547,21.60120964050293,2732100,0.0,0.0
2017-05-16 00:00:00-04:00,21.60120479170305,21.656349858772614,21.40425726497439,21.420013427734375,2163300,0.0,0.0
2017-05-17 00:00:00-04:00,21.420011074358964,21.52242311586628,21.191551247210775,21.404254913330078,2852000,0.0,0.0
2017-05-18 00:00:00-04:00,21.412137291094023,21.538183599441187,21.16792275649521,21.43577003479004,2542100,0.0,0.0
2017-05-19 00:00:00-04:00,21.475160441326114,21.70361881169197,21.30972372253175,21.648473739624023,9770200,0.0,0.0
2017-05-22 00:00:00-04:00,21.62483935089518,21.845419622387062,21.601205106410873,21.821786880493164,1810600,0.0,0.0
2017-05-23 00:00:00-04:00,21.821792344409324,21.995105672918594,21.80603617747463,21.861181259155273,1513800,0.0,0.0
2017-05-24 00:00:00-04:00,21.90056430013393,22.06600100339624,21.884809640015447,22.034488677978516,2298500,0.0,0.0
2017-05-25 00:00:00-04:00,22.05812201562212,22.223557209495933,21.98722078893611,22.19992446899414,2027300,0.0,0.0
2017-05-26 00:00:00-04:00,22.207804116511223,22.349606579885656,22.168413708579198,22.31809425354004,2109800,0.0,0.0
2017-05-30 00:00:00-04:00,22.302342818593573,22.412634481595287,22.215686907952414,22.365365982055664,1333500,0.0,0.0
2017-05-31 00:00:00-04:00,22.388996662743107,22.633211194404055,22.373240498741627,22.538677215576172,3581600,0.0,0.0
2017-06-01 00:00:00-04:00,22.538675079903314,22.79864575093198,22.428383444934234,22.790767669677734,2747800,0.0,0.0
2017-06-02 00:00:00-04:00,22.861674489702125,22.908941486197424,22.696237748082485,22.75138282775879,1845100,0.0,0.0
2017-06-05 00:00:00-04:00,22.704113013474267,22.79077041511961,22.467776557738567,22.491409301757812,2170300,0.0,0.0
2017-06-06 00:00:00-04:00,22.52292570991931,22.57807079273947,22.389001293388567,22.452024459838867,3510900,0.0,0.0
2017-06-07 00:00:00-04:00,22.49928828370267,22.60170185385003,22.278707983552536,22.310218811035156,2523400,0.0,0.0
2017-06-08 00:00:00-04:00,22.310215819393935,22.310215819393935,22.050245141512494,22.22355842590332,2481200,0.0,0.0
2017-06-09 00:00:00-04:00,22.231441938085645,22.302343185972273,22.042372444584903,22.2471981048584,2228200,0.0,0.0
2017-06-12 00:00:00-04:00,22.247198917298125,22.318100167773974,21.979350082742876,22.144786834716797,2391400,0.0,0.0
2017-06-13 00:00:00-04:00,22.121146906706823,22.231437044658275,22.0738799193834,22.16053581237793,2738200,0.0,0.0
2017-06-14 00:00:00-04:00,22.176292671046944,22.452019527161767,22.176292671046944,22.349607467651367,2730700,0.0,0.0
2017-06-15 00:00:00-04:00,22.302339263325464,22.688356265818733,22.278706519913747,22.538677215576172,3360800,0.0,0.0
2017-06-16 00:00:00-04:00,22.522924425872567,22.75138282775879,22.522924425872567,22.75138282775879,3592100,0.0,0.0
2017-06-19 00:00:00-04:00,22.76713507832215,22.814402066687837,22.554431376790856,22.617454528808594,2624700,0.0,0.0
2017-06-20 00:00:00-04:00,22.601702490718964,22.664725650050663,22.262952445839588,22.381120681762695,4119900,0.0,0.0
2017-06-21 00:00:00-04:00,22.35748369321586,22.428384926597584,21.98722286534831,22.042367935180664,2372700,0.0,0.0
2017-06-22 00:00:00-04:00,22.0581251761191,22.262950804493926,22.010858185752763,22.129026412963867,3049400,0.0,0.0
2017-06-23 00:00:00-04:00,22.113269362540127,22.19992676023139,22.010857303751752,22.09751319885254,2529300,0.0,0.0
2017-06-26 00:00:00-04:00,22.113272167084965,22.357486724853516,22.0896394211468,22.357486724853516,2761300,0.0,0.0
2017-06-27 00:00:00-04:00,22.23931337155734,22.40475006802147,22.12114516127743,22.19992446899414,3478200,0.0,0.0
2017-06-28 00:00:00-04:00,22.29446283122495,22.310218996392464,21.884813055003857,21.92420196533203,2927400,0.0,0.0
2017-06-29 00:00:00-04:00,21.806035775168134,21.837546605865384,21.546065035905123,21.632720947265625,3909800,0.0,0.0
2017-06-30 00:00:00-04:00,21.64059766923866,21.758767409044193,21.5696964263916,21.5696964263916,3194100,0.0,0.0
2017-07-03 00:00:00-04:00,21.64059745989213,21.93995859403723,21.63271937714193,21.72725486755371,2749700,0.0,0.0
2017-07-05 00:00:00-04:00,21.766642664536757,21.82966582072174,21.577573195981813,21.624841690063477,2501100,0.0,0.0
2017-07-06 00:00:00-04:00,21.561820357688294,21.601209270164162,21.43577253206599,21.49091911315918,2649700,0.0,0.0
2017-07-07 00:00:00-04:00,21.49091578064831,21.585449756967662,21.364869477162202,21.52242660522461,2063800,0.0,0.0
2017-07-10 00:00:00-04:00,21.522428766280036,21.569695759185766,21.45940560820886,21.48303985595703,2413500,0.0,0.0
2017-07-11 00:00:00-04:00,21.51455344157833,21.52243152517092,21.25458269338609,21.396385192871094,2463300,0.0,0.0
2017-07-12 00:00:00-04:00,21.58545058546201,21.766641965853985,21.546061677582195,21.648473739624023,3148300,0.0,0.0
2017-07-13 00:00:00-04:00,21.616962973672393,21.687864210124726,21.443648172304243,21.553939819335938,2517700,0.0,0.0
2017-07-14 00:00:00-04:00,21.695743017872086,21.79027700124328,21.609085614289686,21.758766174316406,2482400,0.0,0.0
2017-07-17 00:00:00-04:00,21.75876392586672,21.892688307295593,21.664228449673814,21.87693214416504,2796600,0.0,0.0
2017-07-18 00:00:00-04:00,21.90056606275365,21.947834554684544,21.7902759200959,21.884811401367188,2654200,0.0,0.0
2017-07-19 00:00:00-04:00,21.9242002509951,21.9242002509951,21.711496545637605,21.76664161682129,3415800,0.0,0.0
2017-07-20 00:00:00-04:00,21.884810999431995,22.168414432856213,21.74300853142465,22.09751319885254,3752600,0.0,0.0
2017-07-21 00:00:00-04:00,22.081762241330942,22.192052400461087,22.018739078600756,22.17629623413086,2173800,0.0,0.0
2017-07-24 00:00:00-04:00,22.176294768548953,22.325975333612615,22.081760781996575,22.19205093383789,2890000,0.0,0.0
2017-07-25 00:00:00-04:00,22.231440309979853,22.286586889645864,21.947836841793645,21.99510383605957,1657800,0.0,0.0
2017-07-26 00:00:00-04:00,21.987224667146815,22.14478331037118,21.947835757636014,22.12114906311035,1795900,0.0,0.0
2017-07-27 00:00:00-04:00,22.081758001035713,22.223558963005967,22.081758001035713,22.16053581237793,2772700,0.0,0.0
2017-07-28 00:00:00-04:00,22.16054270752244,22.247200130070436,22.129031873699198,22.168420791625977,1832500,0.0,0.0
2017-07-31 00:00:00-04:00,22.215685623694736,22.239318369507632,22.121150132671197,22.207807540893555,3866500,0.0,0.0
2017-08-01 00:00:00-04:00,22.23931738246022,22.341730951739525,22.168416142987038,22.25507354736328,2098000,0.0,0.0
2017-08-02 00:00:00-04:00,22.176294768548953,22.29446300303474,21.932080216932917,22.19205093383789,5069100,0.0,0.0
2017-08-03 00:00:00-04:00,21.774519023737405,22.48353135294832,21.75088628115734,22.42838478088379,2868900,0.0,0.0
2017-08-04 00:00:00-04:00,22.38900026995207,22.538680846900956,22.286588192623302,22.483535766601562,2701100,0.0,0.0
2017-08-07 00:00:00-04:00,22.515045976749082,22.7277497114069,22.499289810643162,22.64109230041504,2867700,0.0,0.0
2017-08-08 00:00:00-04:00,22.59382386325294,22.956206645025684,22.578067698152225,22.885305404663086,4919300,0.0,0.0
2017-08-09 00:00:00-04:00,22.948322092184412,23.200416154945945,22.869544294073503,22.893177032470703,3691400,0.0,0.0
2017-08-10 00:00:00-04:00,22.893184846999773,23.090132414684952,22.782894689925094,22.94832992553711,3019500,0.0,0.0
2017-08-11 00:00:00-04:00,22.853791643304184,22.92469287456517,22.64896603106027,22.704111099243164,2026100,0.0,0.0
2017-08-14 00:00:00-04:00,22.956989444585567,23.139881613268965,22.758193213400602,22.901325225830078,3577800,0.268,0.0
2017-08-15 00:00:00-04:00,22.8218029770545,22.94903241597191,22.77409079993956,22.933128356933594,2497900,0.0,0.0
2017-08-16 00:00:00-04:00,22.933122856153208,23.052400236941367,22.87746017956501,23.020593643188477,2789300,0.0,0.0
2017-08-17 00:00:00-04:00,23.004689889805615,23.092160677988577,22.869508452020224,22.877460479736328,2514600,0.0,0.0
2017-08-18 00:00:00-04:00,22.845657507882734,23.251201912463998,22.82180293606266,23.068309783935547,3520600,0.0,0.0
2017-08-21 00:00:00-04:00,23.10012061874403,23.362531573717863,23.10012061874403,23.28301429748535,2396900,0.0,0.0
2017-08-22 00:00:00-04:00,23.314816800196514,23.47385435805352,23.251202080392627,23.46590232849121,2408400,0.0,0.0
2017-08-23 00:00:00-04:00,23.45794841523256,23.656744588243008,23.378429642689497,23.640840530395508,1606100,0.0,0.0
2017-08-24 00:00:00-04:00,23.616990900564037,23.632893445043628,23.473857383384477,23.569278717041016,2072700,0.0,0.0
2017-08-25 00:00:00-04:00,23.688552703938008,23.752167418633572,23.585177844623693,23.640840530395508,1495800,0.0,0.0
2017-08-28 00:00:00-04:00,23.69650231138082,23.815781223988296,23.585176944087845,23.799877166748047,1949800,0.0,0.0
2017-08-29 00:00:00-04:00,23.8555410233752,23.950963854814262,23.68855296422491,23.768070220947266,3252100,0.0,0.0
2017-08-30 00:00:00-04:00,23.70445002741101,23.76806472810409,23.513605925331763,23.585172653198242,2518500,0.0,0.0
2017-08-31 00:00:00-04:00,23.609036027505777,23.62493857007074,23.505661159013403,23.553373336791992,3481200,0.0,0.0
2017-09-01 00:00:00-04:00,23.616989283541127,23.648795887017304,23.465903746119015,23.561325073242188,1941400,0.0,0.0
2017-09-05 00:00:00-04:00,23.632890599700502,23.64084262933027,23.48975861644844,23.553373336791992,2638800,0.0,0.0
2017-09-06 00:00:00-04:00,23.70445382775734,23.70445382775734,23.346621647750656,23.410236358642578,3406800,0.0,0.0
2017-09-07 00:00:00-04:00,23.442042215452012,23.839634525144323,23.434090187254853,23.82373046875,3179400,0.0,0.0
2017-09-08 00:00:00-04:00,23.744217462168645,23.879398932282527,23.640842593831493,23.863494873046875,3076300,0.0,0.0
2017-09-11 00:00:00-04:00,23.87939745178323,24.213375091552734,23.8396373061592,24.213375091552734,2638700,0.0,0.0
2017-09-12 00:00:00-04:00,24.189515590290394,24.205419646295454,23.744212639008552,23.83963394165039,2970000,0.0,0.0
2017-09-13 00:00:00-04:00,23.823735260794265,23.990724853135323,23.79192865830215,23.807832717895508,3681000,0.0,0.0
2017-09-14 00:00:00-04:00,23.791925457641838,24.00662568318536,23.68060008885382,23.96686553955078,3753100,0.0,0.0
2017-09-15 00:00:00-04:00,24.006627210931313,24.094096499105003,23.935060464529073,24.070241928100586,5332100,0.0,0.0
2017-09-18 00:00:00-04:00,24.08614225964603,24.12590088296442,23.712404526998434,23.83963394165039,2239100,0.0,0.0
2017-09-19 00:00:00-04:00,23.89530265062437,23.9112067106426,23.744218630535112,23.831687927246094,3556700,0.0,0.0
2017-09-20 00:00:00-04:00,23.89530453184762,23.950968746293743,23.54542428406914,23.61699104309082,2274500,0.0,0.0
2017-09-21 00:00:00-04:00,23.601082468025037,23.72831190046497,23.394334261136525,23.449996948242188,2836700,0.0,0.0
2017-09-22 00:00:00-04:00,23.521562281216617,23.521562281216617,23.195536690578788,23.219392776489258,2626000,0.0,0.0
2017-09-25 00:00:00-04:00,23.23529104103924,23.609028734718436,23.19553242186635,23.585172653198242,2800400,0.0,0.0
2017-09-26 00:00:00-04:00,23.513616019625577,23.640845475630798,23.338675896792086,23.569278717041016,3296400,0.0,0.0
2017-09-27 00:00:00-04:00,23.45794378240746,23.5692691319649,23.036495432849236,23.123966217041016,3461700,0.0,0.0
2017-09-28 00:00:00-04:00,23.116019377828664,23.251200839785913,22.980837915871412,23.17963409423828,2937100,0.0,0.0
2017-09-29 00:00:00-04:00,23.19554172288332,23.275060509808878,23.116022935957766,23.22734832763672,2771600,0.0,0.0
2017-10-02 00:00:00-04:00,23.259149642569707,23.283005726674585,22.97288270008822,23.028545379638672,3035300,0.0,0.0
2017-10-03 00:00:00-04:00,23.04445205960843,23.04445205960843,22.742282543345507,22.88541603088379,2139700,0.0,0.0
2017-10-04 00:00:00-04:00,22.885414450206582,23.06830655312021,22.797943654598182,23.05240249633789,2433000,0.0,0.0
2017-10-05 00:00:00-04:00,23.05240387346888,23.147826703168914,22.909270387266037,23.10806655883789,3088000,0.0,0.0
2017-10-06 00:00:00-04:00,22.996739601307148,23.05240228283539,22.909268806508866,22.96493148803711,2363400,0.0,0.0
2017-10-09 00:00:00-04:00,22.988794683930955,23.0444573826769,22.813854556915878,22.845661163330078,2737800,0.0,0.0
2017-10-10 00:00:00-04:00,22.92517459632879,23.171681426030656,22.845655823836257,23.155778884887695,2294300,0.0,0.0
2017-10-11 00:00:00-04:00,23.17963814443715,23.450001115592414,23.17963814443715,23.306867599487305,2266600,0.0,0.0
2017-10-12 00:00:00-04:00,23.306857544401065,23.672643207383413,23.243242844320754,23.632883071899414,4504500,0.0,0.0
2017-10-13 00:00:00-04:00,23.72831074578693,23.83168408585355,23.338670438313677,23.346622467041016,2650600,0.0,0.0
2017-10-16 00:00:00-04:00,23.267105700728383,23.50566051632048,23.219395040948868,23.4261417388916,2816500,0.0,0.0
2017-10-17 00:00:00-04:00,23.40228702444829,23.497708343424648,23.2750575880168,23.4818058013916,2240900,0.0,0.0
2017-10-18 00:00:00-04:00,23.465907503172204,23.696510344553175,23.44205140922456,23.521570205688477,2165900,0.0,0.0
2017-10-19 00:00:00-04:00,23.545422431250774,23.656747817993164,23.434095527813746,23.656747817993164,1874100,0.0,0.0
2017-10-20 00:00:00-04:00,23.60903901245566,23.65674967957186,23.473857525047457,23.61699104309082,1545300,0.0,0.0
2017-10-23 00:00:00-04:00,23.616990017260868,23.640844591435435,23.46590447514491,23.5931339263916,2624000,0.0,0.0
2017-10-24 00:00:00-04:00,23.60108296693993,23.680601743069495,23.42614135611599,23.529516220092773,3426000,0.0,0.0
2017-10-25 00:00:00-04:00,23.418190143253728,23.44999674273774,23.116019106336108,23.362525939941406,2002000,0.0,0.0
2017-10-26 00:00:00-04:00,23.465901006470794,23.672649213359307,23.41819034847944,23.449996948242188,2390700,0.0,0.0
2017-10-27 00:00:00-04:00,23.36252877442374,23.656747817993164,23.290963537728377,23.656747817993164,1603700,0.0,0.0
2017-10-30 00:00:00-04:00,23.616987116150117,23.648793716707317,23.39433484547167,23.434093475341797,2565500,0.0,0.0
2017-10-31 00:00:00-04:00,23.39434073802417,23.57723290820475,23.338678035507897,23.521570205688477,2495200,0.0,0.0
2017-11-01 00:00:00-04:00,23.624937057495117,23.67264923221896,23.418190367136365,23.624937057495117,3732900,0.0,0.0
2017-11-02 00:00:00-04:00,23.624934274944923,23.704453040091114,23.410235580752794,23.64879035949707,3326500,0.0,0.0
2017-11-03 00:00:00-04:00,22.71842743362133,23.744216460634245,22.424209933644796,23.529516220092773,3003800,0.0,0.0
2017-11-06 00:00:00-05:00,23.537461780125994,23.752161961657322,23.449990998755286,23.632883071899414,2010600,0.0,0.0
2017-11-07 00:00:00-05:00,23.616982587678585,23.847585326758207,23.609030559890428,23.815778732299805,2565900,0.0,0.0
2017-11-08 00:00:00-05:00,23.791922648935337,23.88734546569898,23.688549321077762,23.815778732299805,2137800,0.0,0.0
2017-11-09 00:00:00-05:00,23.720362296548995,23.791929049200338,23.57722879124631,23.704458236694336,2319000,0.0,0.0
2017-11-10 00:00:00-05:00,23.58517924142451,23.624937871703477,23.32276833817756,23.386383056640625,2403700,0.0,0.0
2017-11-13 00:00:00-05:00,23.394336992429313,23.585181163370304,23.3784329323439,23.561325073242188,2215800,0.0,0.0
2017-11-14 00:00:00-05:00,23.45794506530392,23.82372924339374,23.449993037515764,23.815778732299805,3224600,0.0,0.0
2017-11-15 00:00:00-05:00,23.8623181553705,23.950578733100667,23.485207421194833,23.549396514892578,2860100,0.268,0.0
2017-11-16 00:00:00-05:00,23.46916031524405,23.51730175404852,23.108095698238643,23.292640686035156,3326500,0.0,0.0
2017-11-17 00:00:00-05:00,23.252528007477192,23.404977724847665,23.196362724864166,23.26857566833496,2913100,0.0,0.0
2017-11-20 00:00:00-05:00,23.276592328134587,23.372875202841787,23.140190313642137,23.364852905273438,2122900,0.0,0.0
2017-11-21 00:00:00-05:00,23.42904657460214,23.43706887373737,23.292644533468227,23.34078598022461,1665800,0.0,0.0
2017-11-22 00:00:00-05:00,23.356833671963955,23.437068906540556,23.332762183357573,23.388927459716797,1772700,0.0,0.0
2017-11-24 00:00:00-05:00,23.3889235636441,23.45311265884631,23.284616857836287,23.292640686035156,852500,0.0,0.0
2017-11-27 00:00:00-05:00,23.356831990522384,23.72591894024925,23.308689016775396,23.70184898376465,2607500,0.0,0.0
2017-11-28 00:00:00-05:00,23.725920109855608,23.830228361060556,23.677778664124308,23.733943939208984,1525100,0.0,0.0
2017-11-29 00:00:00-05:00,23.677779850487457,24.006749218513963,23.629638402344053,23.8061580657959,2061500,0.0,0.0
2017-11-30 00:00:00-05:00,23.814180177431957,24.127101863371323,23.814180177431957,24.078960418701172,4487400,0.0,0.0
2017-12-01 00:00:00-05:00,24.20733756987468,24.20733756987468,23.332760122801925,23.693824768066406,3766800,0.0,0.0
2017-12-04 00:00:00-05:00,23.461138222818157,23.669753180256915,23.268570922964425,23.557422637939453,3757500,0.0,0.0
2017-12-05 00:00:00-05:00,23.557418492535692,23.557418492535692,23.164260133219873,23.196353912353516,2870600,0.0,0.0
2017-12-06 00:00:00-05:00,23.236478827163573,23.42102385418201,23.092054480055207,23.27659797668457,3618000,0.0,0.0
2017-12-07 00:00:00-05:00,23.244501434130036,23.244501434130036,22.99576884174245,23.15624237060547,3001800,0.0,0.0
2017-12-08 00:00:00-05:00,23.13216482369764,23.196353912353516,23.01181047376644,23.196353912353516,3209100,0.0,0.0
2017-12-11 00:00:00-05:00,23.092050977138186,23.17228620323086,23.003790391969634,23.148216247558594,2837900,0.0,0.0
2017-12-12 00:00:00-05:00,23.07600999137078,23.26055351336026,22.76308823405041,22.77111053466797,3065100,0.0,0.0
2017-12-13 00:00:00-05:00,22.827268568919646,22.867386178129305,22.642723587544598,22.78714942932129,3999000,0.0,0.0
2017-12-14 00:00:00-05:00,22.755061464566236,23.03588786159469,22.54644647649575,22.96367645263672,3166600,0.0,0.0
2017-12-15 00:00:00-05:00,23.019841821869544,23.228456810754082,23.019841821869544,23.10810089111328,6728800,0.0,0.0
2017-12-18 00:00:00-05:00,23.180305921889282,23.188329749153638,22.779123741002927,22.835289001464844,2806900,0.0,0.0
2017-12-19 00:00:00-05:00,22.851342515766568,22.87541400373229,22.466207890648796,22.474231719970703,2330000,0.0,0.0
2017-12-20 00:00:00-05:00,22.47422638620542,22.698888962733193,22.458178731370165,22.482250213623047,2471400,0.0,0.0
2017-12-21 00:00:00-05:00,22.418065929208858,22.482255031917994,22.265616236378804,22.28166389465332,2645600,0.0,0.0
2017-12-22 00:00:00-05:00,22.305730620607374,22.57051082222678,22.305730620607374,22.522369384765625,1886600,0.0,0.0
2017-12-26 00:00:00-05:00,22.55446925775898,22.658775981749766,22.44213717378158,22.490280151367188,1348100,0.0,0.0
2017-12-27 00:00:00-05:00,22.538419759734026,22.642726475214797,22.434111513864366,22.58656120300293,1346700,0.0,0.0
2017-12-28 00:00:00-05:00,22.650751942508474,22.771106324580526,22.52237373091309,22.75506019592285,1182100,0.0,0.0
2017-12-29 00:00:00-05:00,22.803201642673873,22.867390748471568,22.70691721878283,22.75506019592285,1381000,0.0,0.0
2018-01-02 00:00:00-05:00,22.77912417613227,22.803195658385153,22.434107249117282,22.482250213623047,2553700,0.0,0.0
2018-01-03 00:00:00-05:00,22.385967296826998,22.66679515347881,22.297708250168032,22.43410873413086,3318100,0.0,0.0
2018-01-04 00:00:00-05:00,22.418059961909567,22.827265956652624,22.393988480905204,22.45817756652832,4774800,0.0,0.0
2018-01-05 00:00:00-05:00,22.490278533136305,22.674822009435733,22.257592082715277,22.361900329589844,4535100,0.0,0.0
2018-01-08 00:00:00-05:00,22.530398155617593,22.610634922581557,22.297713214850035,22.49830436706543,4733600,0.0,0.0
2018-01-09 00:00:00-05:00,22.522370327689362,22.610630908720523,22.19340101888619,22.273637771606445,2614700,0.0,0.0
2018-01-10 00:00:00-05:00,22.233516750713537,22.233516750713537,21.856406034309853,21.872453689575195,4141600,0.0,0.0
2018-01-11 00:00:00-05:00,21.928619073322412,22.16130548478478,21.84035849926584,22.00885581970215,3610000,0.0,0.0
2018-01-12 00:00:00-05:00,21.944666684888304,22.048973383701775,21.752099412194376,21.96071434020996,3957900,0.0,0.0
2018-01-16 00:00:00-05:00,22.032930783974653,22.16131052561679,21.824317338480043,22.081073760986328,4905900,0.0,0.0
2018-01-17 00:00:00-05:00,22.16130731531608,22.458181311937743,22.121188173618034,22.36992073059082,4922900,0.0,0.0
2018-01-18 00:00:00-05:00,22.402016392588422,22.466205489915485,22.12118851788672,22.329803466796875,4415100,0.0,0.0
2018-01-19 00:00:00-05:00,22.4100371376512,22.53841531464175,22.24153982385824,22.305728912353516,3563900,0.0,0.0
2018-01-22 00:00:00-05:00,22.434108996913096,22.538417231080096,22.257589371138803,22.29770851135254,2902200,0.0,0.0
2018-01-23 00:00:00-05:00,22.36992199274365,22.602608436554597,22.22549766564832,22.5303955078125,2774200,0.0,0.0
2018-01-24 00:00:00-05:00,22.490276031328822,22.610630392466856,22.369920139802055,22.578535079956055,4402500,0.0,0.0
2018-01-25 00:00:00-05:00,22.578543181671645,22.79518202768849,22.490284101374964,22.77111053466797,4441800,0.0,0.0
2018-01-26 00:00:00-05:00,22.8192428773247,22.85936048325791,22.602604132352813,22.835289001464844,3052600,0.0,0.0
2018-01-29 00:00:00-05:00,22.739009862496555,22.803198960744844,22.241543203280713,22.24956703186035,4638600,0.0,0.0
2018-01-30 00:00:00-05:00,22.29770929651154,22.458181271850968,22.193401058671583,22.321779251098633,4479500,0.0,0.0
2018-01-31 00:00:00-05:00,22.37794738997801,22.618657679452365,22.265616839790027,22.610633850097656,4541000,0.0,0.0
2018-02-01 00:00:00-05:00,22.602607444017337,22.722961809839482,22.201425204350993,22.24154281616211,5210800,0.0,0.0
2018-02-02 00:00:00-05:00,22.145261738850422,22.361900533203496,22.081072636492724,22.10514259338379,4374300,0.0,0.0
2018-02-05 00:00:00-05:00,22.040952729295668,22.297710660241876,21.591629028320312,21.591629028320312,4794200,0.0,0.0
2018-02-06 00:00:00-05:00,21.37498525298942,21.37498525298942,20.741118228343097,21.118228912353516,6675100,0.0,0.0
2018-02-07 00:00:00-05:00,21.11020663747966,21.53546031441629,21.062065202668087,21.150325775146484,5097700,0.0,0.0
2018-02-08 00:00:00-05:00,21.118233973857173,21.28673131927683,20.73309937059635,20.74112319946289,5480900,0.0,0.0
2018-02-09 00:00:00-05:00,20.797287727968207,21.43917871046554,20.76519241364893,21.262659072875977,4156900,0.0,0.0
2018-02-12 00:00:00-05:00,21.294760210998575,21.57558663615004,21.13428665629268,21.447208404541016,2870900,0.0,0.0
2018-02-13 00:00:00-05:00,21.383011327537485,21.56755477546865,21.19846787960632,21.47929573059082,3354700,0.0,0.0
2018-02-14 00:00:00-05:00,21.372275153352312,21.469568405665154,21.177687102278266,21.23444175720215,2990000,0.278,0.0
2018-02-15 00:00:00-05:00,21.291194485880123,21.69658660888672,21.242547864124834,21.69658660888672,3202800,0.0,0.0
2018-02-16 00:00:00-05:00,21.639832894647686,21.883067560388064,21.59929275272543,21.818204879760742,3285000,0.0,0.0
2018-02-20 00:00:00-05:00,21.73713252082738,21.89118201243908,21.607407121506604,21.672269821166992,3638100,0.0,0.0
2018-02-21 00:00:00-05:00,21.712804711207493,21.745235279951256,21.258764377207825,21.26687240600586,3811900,0.0,0.0
2018-02-22 00:00:00-05:00,22.004687448771655,22.3127863773687,21.437139313982495,21.891178131103516,5750500,0.0,0.0
2018-02-23 00:00:00-05:00,21.964146046274895,22.507371570226386,21.858743224932276,22.483047485351562,3971300,0.0,0.0
2018-02-26 00:00:00-05:00,22.523586384387084,22.59655708853814,22.434399624547307,22.531694412231445,3515600,0.0,0.0
2018-02-27 00:00:00-05:00,22.58034100795179,22.604663545009867,22.077654107293025,22.093870162963867,3911900,0.0,0.0
2018-02-28 00:00:00-05:00,22.15872939430444,22.22359206045578,21.907386756273993,21.93170928955078,5170200,0.0,0.0
2018-03-01 00:00:00-05:00,21.931710855672105,22.150622949483147,21.599289474602624,21.664152145385742,5152500,0.0,0.0
2018-03-02 00:00:00-05:00,21.672260197825487,21.907388346218653,21.46145613092239,21.639829635620117,3971100,0.0,0.0
2018-03-05 00:00:00-05:00,21.623620256682894,22.085767122526352,21.55064953613408,22.01279640197754,4651000,0.0,0.0
2018-03-06 00:00:00-05:00,21.996574093399175,22.004682120762048,21.5992900313069,21.704692840576172,3545100,0.0,0.0
2018-03-07 00:00:00-05:00,21.67226387812538,21.737126559998906,21.51010794666573,21.656047821044922,3239900,0.0,0.0
2018-03-08 00:00:00-05:00,21.769559514616002,21.98036362545554,21.729019370349718,21.964147567749023,4357900,0.0,0.0
2018-03-09 00:00:00-05:00,22.045220655147933,22.045220655147933,21.850632651927494,21.996572494506836,4032900,0.0,0.0
2018-03-12 00:00:00-04:00,22.020898837568378,22.247918971210165,22.00468278235508,22.239810943603516,4252900,0.0,0.0
2018-03-13 00:00:00-04:00,22.280350472056288,22.36953723303152,22.10197849655403,22.14251708984375,3492700,0.0,0.0
2018-03-14 00:00:00-04:00,22.207376007305957,22.337101339608637,21.704690731245066,21.93170928955078,9242800,0.0,0.0
2018-03-15 00:00:00-04:00,21.996576976390628,22.23981318981244,21.461459471890258,21.826313018798828,9482000,0.0,0.0
2018-03-16 00:00:00-04:00,21.801992269997474,22.101983181859097,21.77766972744689,22.01279640197754,13786600,0.0,0.0
2018-03-19 00:00:00-04:00,22.020897551668572,22.037113605934945,21.71280025284776,21.85063362121582,4955400,0.0,0.0
2018-03-20 00:00:00-04:00,21.834420187556194,21.883066809745912,21.566861445840374,21.737125396728516,7629600,0.0,0.0
2018-03-21 00:00:00-04:00,21.72901770092149,22.118195323735613,21.656046993296854,21.761449813842773,6536500,0.0,0.0
2018-03-22 00:00:00-04:00,21.510113845240394,21.89118201243908,21.404710991761796,21.672269821166992,7524500,0.0,0.0
2018-03-23 00:00:00-04:00,21.761449391984947,22.00468404838631,21.437136001300388,21.485782623291016,5078500,0.0,0.0
2018-03-26 00:00:00-04:00,21.607400370363187,21.826312493237086,21.429028388640898,21.761449813842773,4171600,0.0,0.0
2018-03-27 00:00:00-04:00,21.77766754346926,22.27224493193088,21.696588801385072,21.964147567749023,7689900,0.0,0.0
2018-03-28 00:00:00-04:00,22.053329660201317,22.053329660201317,21.55064280308014,21.85063362121582,5207200,0.0,0.0
2018-03-29 00:00:00-04:00,21.874958982486763,22.288459141016578,21.874958982486763,22.21548843383789,6023700,0.0,0.0
2018-04-02 00:00:00-04:00,22.272244065340082,22.296568150953426,21.704695985730257,21.87495994567871,3697200,0.0,0.0
2018-04-03 00:00:00-04:00,21.866850758620206,22.037116255996192,21.72091089201709,21.956037521362305,4728700,0.0,0.0
2018-04-04 00:00:00-04:00,21.91550178689115,22.12630590586652,21.793882895846885,22.053335189819336,4033800,0.0,0.0
2018-04-05 00:00:00-04:00,22.077654551125704,22.328998779732014,21.858742434513065,22.12630271911621,4783000,0.0,0.0
2018-04-06 00:00:00-04:00,22.10197752947761,22.10197752947761,21.68036937333996,21.801986694335938,5287900,0.0,0.0
2018-04-09 00:00:00-04:00,21.83441659838046,22.14251388353416,21.785769984187347,21.996572494506836,3886100,0.0,0.0
2018-04-10 00:00:00-04:00,21.947925904393976,22.069543213234184,21.89927929014749,21.97224998474121,2938600,0.0,0.0
2018-04-11 00:00:00-04:00,21.93170980964155,22.069543171787732,21.71279927271948,21.753337860107422,2973500,0.0,0.0
2018-04-12 00:00:00-04:00,21.810092483614408,21.818200510375117,21.396592397506037,21.510103225708008,3119300,0.0,0.0
2018-04-13 00:00:00-04:00,21.558756392238237,21.71280585461647,21.510109763336644,21.623619079589844,2902400,0.0,0.0
2018-04-16 00:00:00-04:00,21.688478669965694,21.988469522660385,21.639832048010526,21.94792938232422,3120700,0.0,0.0
2018-04-17 00:00:00-04:00,21.98846455857455,22.110081859230423,21.87495373770757,22.029003143310547,4225000,0.0,0.0
2018-04-18 00:00:00-04:00,22.029008532903617,22.19116600441664,21.980361910029014,22.004684448242188,2124500,0.0,0.0
2018-04-19 00:00:00-04:00,21.907392059829835,22.020901366462137,21.81009726382478,21.87495994567871,3098400,0.0,0.0
2018-04-20 00:00:00-04:00,21.89928020579681,21.947926822077303,21.58307488030154,21.63172149658203,5112000,0.0,0.0
2018-04-23 00:00:00-04:00,21.28308861943035,21.477676672662767,20.885804484108125,21.03174591064453,9942800,0.0,0.0
2018-04-24 00:00:00-04:00,21.1209271658639,21.129035193197534,20.50473255298863,20.561487197875977,11269300,0.0,0.0
2018-04-25 00:00:00-04:00,20.48040918479974,20.642565097779833,20.11555567431028,20.204742431640625,8430600,0.0,0.0
2018-04-26 00:00:00-04:00,20.293932481012064,20.431765879950678,20.180421622419537,20.358795166015625,8207100,0.0,0.0
2018-04-27 00:00:00-04:00,20.318251515998597,20.747967696541636,20.285820952316023,20.650672912597656,8006100,0.0,0.0
2018-04-30 00:00:00-04:00,20.674998070437866,20.739860747624448,20.45608595501507,20.53716468811035,5040100,0.0,0.0
2018-05-01 00:00:00-04:00,20.480408999953443,20.65067293901304,20.480408999953443,20.62635040283203,5886300,0.0,0.0
2018-05-02 00:00:00-04:00,20.658782737384303,20.756077529792645,20.545273434948122,20.642566680908203,5013100,0.0,0.0
2018-05-03 00:00:00-04:00,20.610137498430888,20.68310821102526,20.261499993024074,20.57770538330078,6267400,0.0,0.0
2018-05-04 00:00:00-04:00,21.87495781317792,21.956036544203382,21.112821762303852,21.396595001220703,8659000,0.0,0.0
2018-05-07 00:00:00-04:00,21.664151497145166,21.92360371896229,21.46956349061833,21.5911808013916,8590800,0.0,0.0
2018-05-08 00:00:00-04:00,21.469566760557758,21.542537467425184,21.242548158257538,21.526321411132812,10349200,0.0,0.0
2018-05-09 00:00:00-04:00,21.753339863094045,21.801986481728417,21.28308509243344,21.299301147460938,6077900,0.0,0.0
2018-05-10 00:00:00-04:00,21.41280706896476,21.631719138030608,21.347944405513534,21.599287033081055,5820000,0.0,0.0
2018-05-11 00:00:00-04:00,21.591181360974915,21.72090824846964,21.534426717573,21.63172149658203,2331100,0.0,0.0
2018-05-14 00:00:00-04:00,21.69658467496271,21.753339319693097,21.396593850240283,21.477672576904297,4872200,0.0,0.0
2018-05-15 00:00:00-04:00,21.38848471711077,21.4776714664749,20.950662090078144,21.1290340423584,5622300,0.0,0.0
2018-05-16 00:00:00-04:00,21.184764793215436,21.217545047285967,20.848758982596337,20.897930145263672,3850500,0.278,0.0
2018-05-17 00:00:00-04:00,20.922516289865307,21.020858614173928,20.676657352847627,20.725830078125,3179000,0.0,0.0
2018-05-18 00:00:00-04:00,20.78319422409611,20.87334108347652,20.66026398863785,20.758607864379883,3239400,0.0,0.0
2018-05-21 00:00:00-04:00,20.791394927142566,20.815979729943557,20.635684402535453,20.66846466064453,3874900,0.0,0.0
2018-05-22 00:00:00-04:00,20.701244283313617,20.955297118389705,20.676657920000537,20.824172973632812,2824000,0.0,0.0
2018-05-23 00:00:00-04:00,20.856954920722178,21.217545539478174,20.807782193791084,21.192960739135742,4846800,0.0,0.0
2018-05-24 00:00:00-04:00,21.225737494939036,21.471596399695727,21.086417917847104,21.447010040283203,3115400,0.0,0.0
2018-05-25 00:00:00-04:00,21.422425864615793,21.44701222653459,21.27491081934906,21.291301727294922,2693800,0.0,0.0
2018-05-29 00:00:00-04:00,21.24213488166119,21.389649956893816,21.05364409136321,21.176572799682617,4411300,0.0,0.0
2018-05-30 00:00:00-04:00,21.201154718366038,21.53716051339902,21.078224472715377,21.406036376953125,5890700,0.0,0.0
2018-05-31 00:00:00-04:00,21.41423225402832,21.60272458538556,21.283108105419988,21.41423225402832,5086600,0.0,0.0
2018-06-01 00:00:00-04:00,21.41423356377726,21.463406294855275,20.955299015578486,21.029056549072266,4537200,0.0,0.0
2018-06-04 00:00:00-04:00,21.25032593937777,21.340474369612636,20.955295849971307,21.004467010498047,3768900,0.0,0.0
2018-06-05 00:00:00-04:00,20.988080836297165,21.111009537745716,20.906127847623715,21.029056549072266,3974200,0.0,0.0
2018-06-06 00:00:00-04:00,21.029062273473254,21.1519910083847,20.586518515167302,20.660274505615234,2916600,0.0,0.0
2018-06-07 00:00:00-04:00,20.701244283313617,20.94710166395201,20.570120138556728,20.824172973632812,3008000,0.0,0.0
2018-06-08 00:00:00-04:00,20.865148397213904,20.90612566884171,20.61109556561386,20.775001525878906,2999400,0.0,0.0
2018-06-11 00:00:00-04:00,20.775004016526392,20.88973726459307,20.570122323194028,20.66846466064453,2434300,0.0,0.0
2018-06-12 00:00:00-04:00,20.791394579782814,21.274913929895675,20.709441591194395,21.233938217163086,5509200,0.0,0.0
2018-06-13 00:00:00-04:00,21.23393353165002,21.528963600217235,20.988076183259274,21.01266098022461,4327300,0.0,0.0
2018-06-14 00:00:00-04:00,21.020858139960517,21.45520782470703,21.020858139960517,21.45520782470703,3977800,0.0,0.0
2018-06-15 00:00:00-04:00,21.365065365199584,21.389651734155677,21.15198819028385,21.21755027770996,5972500,0.0,0.0
2018-06-18 00:00:00-04:00,21.209346929513796,21.41422857187554,21.201153039367462,21.373252868652344,2893000,0.0,0.0
2018-06-19 00:00:00-04:00,21.332282706159173,21.62731128486563,21.324087250761316,21.619115829467773,2564500,0.0,0.0
2018-06-20 00:00:00-04:00,21.692872660499877,21.701068115631607,21.496186426708068,21.561748504638672,2698500,0.0,0.0
2018-06-21 00:00:00-04:00,21.512574098551234,21.766626916897778,21.504378644653215,21.73384666442871,3477100,0.0,0.0
2018-06-22 00:00:00-04:00,21.783023610880814,21.840390240282137,21.701070613254604,21.815805435180664,3397100,0.0,0.0
2018-06-25 00:00:00-04:00,21.848582550795374,22.3648852673215,21.832191641005267,22.28293228149414,4149500,0.0,0.0
2018-06-26 00:00:00-04:00,22.217373493496694,22.569770290520744,22.217373493496694,22.397668838500977,5472300,0.0,0.0
2018-06-27 00:00:00-04:00,22.381280827254663,22.62713985298965,22.28293846745957,22.586162567138672,3143900,0.0,0.0
2018-06-28 00:00:00-04:00,22.81563067853327,22.946754867009147,22.553382301581518,22.586162567138672,4000800,0.0,0.0
2018-06-29 00:00:00-04:00,22.58615866177604,22.83201764499966,22.47142540747903,22.709087371826172,3354400,0.0,0.0
2018-07-02 00:00:00-04:00,22.741867790367372,22.82382077971407,22.471424019709556,22.59435272216797,3652500,0.0,0.0
2018-07-03 00:00:00-04:00,22.61893696129502,22.782841361454995,22.569765797559338,22.627132415771484,2342600,0.0,0.0
2018-07-05 00:00:00-04:00,22.66810383019326,22.74186134338379,22.356684434706548,22.74186134338379,3538600,0.0,0.0
2018-07-06 00:00:00-04:00,22.79923339034132,22.963139361675722,22.72547585955316,22.8975772857666,2294300,0.0,0.0
2018-07-09 00:00:00-04:00,22.897578449260738,22.930358707319368,21.996098687361034,22.061660766601562,4217200,0.0,0.0
2018-07-10 00:00:00-04:00,21.97150447584135,22.32390111209584,21.75842740361485,22.217363357543945,4669700,0.0,0.0
2018-07-11 00:00:00-04:00,22.23376023138061,22.569767639850358,22.184589063631257,22.545181274414062,3167800,0.0,0.0
2018-07-12 00:00:00-04:00,22.602544791523158,22.872988521668137,22.545178176511044,22.80742645263672,4647000,0.0,0.0
2018-07-13 00:00:00-04:00,22.774649307918295,22.88118709846327,22.57796151085748,22.750062942504883,1978400,0.0,0.0
2018-07-16 00:00:00-04:00,22.78284575525218,22.8156275794802,22.65991704064394,22.725479125976562,2036500,0.0,0.0
2018-07-17 00:00:00-04:00,22.78284491048092,22.83201764499966,22.635331396294774,22.709087371826172,1630200,0.0,0.0
2018-07-18 00:00:00-04:00,22.74186565219578,22.74186565219578,22.430446197705646,22.627132415771484,3113900,0.0,0.0
2018-07-19 00:00:00-04:00,22.659911130445945,23.06967444768049,22.659911130445945,22.963136672973633,3368600,0.0,0.0
2018-07-20 00:00:00-04:00,22.913967355891245,22.938553721304654,22.627134241684303,22.750062942504883,2364300,0.0,0.0
2018-07-23 00:00:00-04:00,22.80742865480379,22.93035735071668,22.635328793150382,22.651718139648438,3427700,0.0,0.0
2018-07-24 00:00:00-04:00,22.627133109892103,22.930357119207613,22.340298446909177,22.889381408691406,6294500,0.0,0.0
2018-07-25 00:00:00-04:00,22.881182928181126,23.15982209958924,22.85659656724878,23.028697967529297,3755600,0.0,0.0
2018-07-26 00:00:00-04:00,23.159826641193483,23.38929469885817,22.94674949403126,23.086069107055664,3062300,0.0,0.0
2018-07-27 00:00:00-04:00,23.086066777055926,23.23358183044336,22.946747178092583,23.077871322631836,2710500,0.0,0.0
2018-07-30 00:00:00-04:00,23.077872242912868,23.086067697663772,22.864795108758887,22.97133445739746,2546800,0.0,0.0
2018-07-31 00:00:00-04:00,23.086067473236163,23.340120315551758,22.971334234085212,23.340120315551758,4365600,0.0,0.0
2018-08-01 00:00:00-04:00,23.208996327462664,23.208996327462664,22.807428424535832,22.889381408691406,3618200,0.0,0.0
2018-08-02 00:00:00-04:00,22.872993576289332,23.110657106000527,22.73367395341944,23.03689956665039,2634800,0.0,0.0
2018-08-03 00:00:00-04:00,23.02870428044865,23.17621936023552,22.782845293096074,22.922164916992188,2751600,0.0,0.0
2018-08-06 00:00:00-04:00,22.905768182268215,23.299140559439625,22.89757272902012,23.16801643371582,3699200,0.0,0.0
2018-08-07 00:00:00-04:00,23.16802067074138,23.225387290846534,23.02050561154346,23.17621612548828,2449400,0.0,0.0
2018-08-08 00:00:00-04:00,23.16801707025867,23.225383681448626,23.01230658051242,23.143430709838867,2127100,0.0,0.0
2018-08-09 00:00:00-04:00,23.135237723502588,23.176214995238734,22.995918125845858,23.110652923583984,1866300,0.0,0.0
2018-08-10 00:00:00-04:00,23.17621393788323,23.29914262123719,23.0368943465826,23.05328369140625,2973300,0.0,0.0
2018-08-13 00:00:00-04:00,23.09426251540947,23.16802004300999,22.987723169709554,23.127042770385742,2091400,0.0,0.0
2018-08-14 00:00:00-04:00,23.159823029936565,23.159823029936565,22.946745915998953,23.05328369140625,2538600,0.0,0.0
2018-08-15 00:00:00-04:00,23.07646053022676,23.34132798232277,23.001968384725696,23.134401321411133,2572200,0.278,0.0
2018-08-16 00:00:00-04:00,23.142680145020794,23.41582489013672,23.026801704347623,23.41582489013672,4620600,0.0,0.0
2018-08-17 00:00:00-04:00,23.42410056842022,23.581365294137626,23.390993119110174,23.41582489013672,3546000,0.0,0.0
2018-08-20 00:00:00-04:00,23.44893010669921,23.49031480907755,23.299942652176853,23.465484619140625,2443400,0.0,0.0
2018-08-21 00:00:00-04:00,23.49031448895071,23.49031448895071,23.17578665047618,23.225448608398438,2138200,0.0,0.0
2018-08-22 00:00:00-04:00,23.28338750632269,23.30821927430928,22.9854141841094,23.035076141357422,1626000,0.0,0.0
2018-08-23 00:00:00-04:00,23.018521943664016,23.134401950458518,22.85298155766858,22.93575096130371,2074500,0.0,0.0
2018-08-24 00:00:00-04:00,22.96885682016377,23.117844252133796,22.828146643161514,23.076457977294922,2553600,0.0,0.0
2018-08-27 00:00:00-04:00,23.117851615426975,23.15923632472238,22.770214689678994,22.910924911499023,1376600,0.0,0.0
2018-08-28 00:00:00-04:00,22.86125690425325,22.90264160261409,22.745376907137814,22.803316116333008,2092500,0.0,0.0
2018-08-29 00:00:00-04:00,22.877813021320403,23.018523225551437,22.77848909993689,23.001970291137695,1886800,0.0,0.0
2018-08-30 00:00:00-04:00,23.018525770915886,23.0847422520688,22.91092458106444,22.98541831970215,2117000,0.0,0.0
2018-08-31 00:00:00-04:00,23.026800482120944,23.17578794292148,22.919199304167925,23.001970291137695,2625600,0.0,0.0
2018-09-04 00:00:00-04:00,22.910920144568493,23.1261240613245,22.88608837692256,23.109569549560547,3379600,0.0,0.0
2018-09-05 00:00:00-04:00,23.60619260863798,23.970382375921137,23.341326749259302,23.937274932861328,4729500,0.0,0.0
2018-09-06 00:00:00-04:00,23.88761361014247,24.003492032001482,23.780010865223307,23.92072105407715,2953200,0.0,0.0
2018-09-07 00:00:00-04:00,23.763457944969986,23.854506184655374,23.58964030054355,23.597917556762695,2139500,0.0,0.0
2018-09-10 00:00:00-04:00,23.722074819425856,23.83795325674602,23.647581087227096,23.780014038085938,1747600,0.0,0.0
2018-09-11 00:00:00-04:00,23.788291296396768,23.88761679890999,23.73035207773293,23.804845809936523,1960500,0.0,0.0
2018-09-12 00:00:00-04:00,23.837948145187454,23.887611675154172,23.614468575237076,23.655853271484375,2080700,0.0,0.0
2018-09-13 00:00:00-04:00,23.631022161325614,23.837948805746066,23.490311979970706,23.821395874023438,3485800,0.0,0.0
2018-09-14 00:00:00-04:00,23.796564747725775,24.053153351658235,23.631022796251575,23.937274932861328,4604100,0.0,0.0
2018-09-17 00:00:00-04:00,23.937274289706888,23.937274289706888,23.65585392699707,23.821395874023438,2741900,0.0,0.0
2018-09-18 00:00:00-04:00,23.78001213691411,23.82967567355964,23.61447175093788,23.67241096496582,2625500,0.0,0.0
2018-09-19 00:00:00-04:00,23.705521025158923,23.705521025158923,23.043356250773336,23.101295471191406,2459100,0.0,0.0
2018-09-20 00:00:00-04:00,23.12612501343457,23.225448930657226,22.91092108781855,23.1757869720459,2217300,0.0,0.0
2018-09-21 00:00:00-04:00,23.117845859838845,23.36615721124079,23.059906649760062,23.20061683654785,5666100,0.0,0.0
2018-09-24 00:00:00-04:00,23.250279417811914,23.275111185111495,22.99369080395002,23.026798248291016,2411100,0.0,0.0
2018-09-25 00:00:00-04:00,22.563286106253663,23.11784968973505,22.240480980207526,22.886091232299805,11382000,0.0,0.0
2018-09-26 00:00:00-04:00,22.69571621971482,22.778487199779928,22.422573090607564,22.55500602722168,57295500,0.0,0.0
2018-09-27 00:00:00-04:00,22.612943975125003,22.79504043683036,22.513620067581215,22.695714950561523,21037200,0.0,0.0
2018-09-28 00:00:00-04:00,22.761935536030162,22.97713947963603,22.745381022200785,22.886091232299805,16733300,0.0,0.0
2018-10-01 00:00:00-04:00,22.836422917603585,22.91091663039007,22.703990001255367,22.7950382232666,5079800,0.0,0.0
2018-10-02 00:00:00-04:00,22.94403074525282,23.150957434588985,22.695719349539566,23.101295471191406,10114600,0.0,0.0
2018-10-03 00:00:00-04:00,23.117847121262923,23.159231822513043,22.488789874165104,22.612945556640625,8010300,0.0,0.0
2018-10-04 00:00:00-04:00,22.5798397064209,22.72054991082627,22.323249488624164,22.5798397064209,6112000,0.0,0.0
2018-10-05 00:00:00-04:00,22.57984342702282,22.977142335964732,22.555011653191876,22.95231056213379,6178600,0.0,0.0
2018-10-08 00:00:00-04:00,23.068184853068413,23.374435427131562,23.01024406188404,23.134401321411133,5810800,0.0,0.0
2018-10-09 00:00:00-04:00,23.250280691662475,23.41582265861261,23.134402262032502,23.283388137817383,5600400,0.0,0.0
2018-10-10 00:00:00-04:00,23.32477089015329,23.548252038108334,23.05162779111656,23.076457977294922,6935400,0.0,0.0
2018-10-11 00:00:00-04:00,23.18406490188805,23.192342158351302,22.447406442636268,22.47223663330078,5412400,0.0,0.0
2018-10-12 00:00:00-04:00,22.530172046011675,22.69571398987751,22.381186191002396,22.629497528076172,7071300,0.0,0.0
2018-10-15 00:00:00-04:00,22.72882239630346,22.993689833477994,22.604666722495892,22.803316116333008,5247800,0.0,0.0
2018-10-16 00:00:00-04:00,22.778490358131133,23.142680194954124,22.63778014612782,22.968862533569336,4029100,0.0,0.0
2018-10-17 00:00:00-04:00,22.93575352213684,23.07646373424245,22.67088761199107,22.81159782409668,3526200,0.0,0.0
2018-10-18 00:00:00-04:00,22.85298472524904,23.10957338527828,22.778490988671937,22.977140426635742,4661700,0.0,0.0
2018-10-19 00:00:00-04:00,23.04335560554004,23.333053278243963,22.952307359589444,23.275114059448242,4859800,0.0,0.0
2018-10-22 00:00:00-04:00,23.275110540707555,23.333049750744006,22.977135656262877,23.01852035522461,4400500,0.0,0.0
2018-10-23 00:00:00-04:00,23.01852546422493,23.184067454264312,22.745382285767747,22.902647018432617,5157300,0.0,0.0
2018-10-24 00:00:00-04:00,23.068188021834803,23.415824923068573,22.95230800227331,23.101295471191406,6188900,0.0,0.0
2018-10-25 00:00:00-04:00,23.001971561676164,23.10129548854594,22.7371040729976,22.968862533569336,6621600,0.0,0.0
2018-10-26 00:00:00-04:00,23.043350140917255,23.150951296202873,22.29013731774314,22.488786697387695,5102600,0.0,0.0
2018-10-29 00:00:00-04:00,22.530174255371094,22.836426407937175,22.397741318781744,22.530174255371094,3933200,0.0,0.0
2018-10-30 00:00:00-04:00,22.612942372818473,22.761929802302262,22.397738483422444,22.59638786315918,4479300,0.0,0.0
2018-10-31 00:00:00-04:00,22.43913047246353,22.56328616907887,22.132878280668702,22.356359481811523,5600700,0.0,0.0
2018-11-01 00:00:00-04:00,22.389464385639247,22.530174580134354,22.306694983121666,22.50534439086914,3889700,0.0,0.0
2018-11-02 00:00:00-04:00,22.555003769419088,22.57983553457045,22.240475971126727,22.31496810913086,4177500,0.0,0.0
2018-11-05 00:00:00-05:00,22.422572152299836,22.778486246578417,22.339801175698412,22.75365447998047,3788000,0.0,0.0
2018-11-06 00:00:00-05:00,22.836426729805368,23.035076137489256,22.753655748589125,23.010244369506836,3969600,0.0,0.0
2018-11-07 00:00:00-05:00,23.16751159206779,23.46548652531796,23.04335589612199,23.440654754638672,6670500,0.0,0.0
2018-11-08 00:00:00-05:00,23.730350179904438,23.730350179904438,22.944028215630354,23.225448608398438,6806200,0.0,0.0
2018-11-09 00:00:00-05:00,23.126125005812476,23.457207360987542,23.126125005812476,23.283388137817383,4999700,0.0,0.0
2018-11-12 00:00:00-05:00,23.33305200161278,23.564808864115463,23.2088963140256,23.25855827331543,3971300,0.0,0.0
2018-11-13 00:00:00-05:00,23.24200311797335,23.4075450826623,23.084738409391367,23.357881546020508,5826300,0.0,0.0
2018-11-14 00:00:00-05:00,23.3478535153974,23.398009574349008,22.879726578173536,22.954959869384766,5102600,0.278,0.0
2018-11-15 00:00:00-05:00,22.846284835684322,23.03019142150879,22.461752448660764,23.03019142150879,6089900,0.0,0.0
2018-11-16 00:00:00-05:00,23.255902773716443,23.347856890447126,22.954963187639734,23.180667877197266,5674100,0.0,0.0
2018-11-19 00:00:00-05:00,23.147227763602054,23.42308848041931,23.04691405092652,23.381290435791016,4004000,0.0,0.0
2018-11-20 00:00:00-05:00,23.414729715259732,23.56519949247913,23.21410387711134,23.28097915649414,3300600,0.0,0.0
2018-11-21 00:00:00-05:00,23.272612618431893,23.414722744114673,23.155581312963236,23.247533798217773,4565000,0.0,0.0
2018-11-23 00:00:00-05:00,23.214100398646824,23.2976948839574,23.021834198535032,23.113786697387695,2193200,0.0,0.0
2018-11-26 00:00:00-05:00,23.189018145483445,23.32276866442818,23.038548413062625,23.247533798217773,4387000,0.0,0.0
2018-11-27 00:00:00-05:00,23.239176192889413,23.439803583016953,23.16394132019961,23.36456871032715,3041000,0.0,0.0
2018-11-28 00:00:00-05:00,23.33949137982536,23.5150383643679,23.18902162482765,23.41472625732422,4747100,0.0,0.0
2018-11-29 00:00:00-05:00,23.414724775068823,23.414724775068823,22.98003475357816,23.18902015686035,5342300,0.0,0.0
2018-11-30 00:00:00-05:00,23.264256502326507,23.42308586531656,23.155584787290486,23.41472625732422,6082900,0.0,0.0
2018-12-03 00:00:00-05:00,23.489959295092692,23.740741137492886,23.347849159217365,23.71566390991211,5462000,0.0,0.0
2018-12-04 00:00:00-05:00,23.740741968183084,23.916290539551333,23.389646419878716,23.448162078857422,6221600,0.0,0.0
2018-12-06 00:00:00-05:00,23.506678822690525,23.598631315764237,23.11378524475271,23.54847526550293,4954300,0.0,0.0
2018-12-07 00:00:00-05:00,23.615357799594374,23.92465699267922,23.515044073762578,23.724029541015625,5079200,0.0,0.0
2018-12-10 00:00:00-05:00,23.75746053421016,23.924649493379423,23.33113012331741,23.790897369384766,4129100,0.0,0.0
2018-12-11 00:00:00-05:00,23.8912083528921,24.133632156737054,23.81597348924587,24.05839729309082,5297900,0.0,0.0
2018-12-12 00:00:00-05:00,24.150354385375977,24.409497451596106,24.100198331514616,24.150354385375977,5872000,0.0,0.0
2018-12-13 00:00:00-05:00,24.14199155074001,24.660276019479138,24.14199155074001,24.526525497436523,8195700,0.0,0.0
2018-12-14 00:00:00-05:00,24.702071240890174,24.72715006044776,24.417850996965218,24.493085861206055,6420800,0.0,0.0
2018-12-17 00:00:00-05:00,24.568321955208347,24.768947738415548,24.016600652780546,24.167070388793945,9647000,0.0,0.0
2018-12-18 00:00:00-05:00,24.141990567780393,24.342617937107608,23.598628894801653,23.65714454650879,6869100,0.0,0.0
2018-12-19 00:00:00-05:00,23.749102944250954,24.033323242323444,23.52339830852888,23.732383728027344,5648000,0.0,0.0
2018-12-20 00:00:00-05:00,23.724020608638615,23.974804031578866,23.439801947064165,23.740739822387695,6270200,0.0,0.0
2018-12-21 00:00:00-05:00,23.749100744830503,24.334260503007044,23.59863100161756,23.71566390991211,9960000,0.0,0.0
2018-12-24 00:00:00-05:00,23.790897069663686,23.874491548195184,22.704173632050413,22.754329681396484,2966600,0.0,0.0
2018-12-26 00:00:00-05:00,22.754331526654752,23.163942750801166,22.41159557187036,23.113786697387695,4880200,0.0,0.0
2018-12-27 00:00:00-05:00,23.071990486772503,23.506680539265968,22.704175704321706,23.48160171508789,5702100,0.0,0.0
2018-12-28 00:00:00-05:00,23.540118803807022,23.682228960564835,23.314414155821265,23.406368255615234,3812500,0.0,0.0
2018-12-31 00:00:00-05:00,23.406370395894776,23.61535584585812,23.214104164592282,23.598636627197266,3579000,0.0,0.0
2019-01-02 00:00:00-05:00,23.540118803807022,23.55683802093907,23.1890232161955,23.406368255615234,4027300,0.0,0.0
2019-01-03 00:00:00-05:00,23.439805156428754,23.74074307295653,23.372928292275695,23.540117263793945,7861600,0.0,0.0
2019-01-04 00:00:00-05:00,23.523398464814573,23.999884969327617,23.523398464814573,23.974807739257812,6656200,0.0,0.0
2019-01-07 00:00:00-05:00,24.15871542933346,24.409498902410345,23.933010781893948,24.066762924194336,7845400,0.0,0.0
2019-01-08 00:00:00-05:00,24.13363353824034,24.534885104368186,24.091835503582026,24.526525497436523,4658100,0.0,0.0
2019-01-09 00:00:00-05:00,24.46800975434038,24.601760275896456,24.17542989052447,24.2255859375,4719600,0.0,0.0
2019-01-10 00:00:00-05:00,24.275748105687878,24.702076976126857,24.225590454927296,24.66864013671875,3436700,0.0,0.0
2019-01-11 00:00:00-05:00,24.6435615319326,24.660280749002457,24.42621649332138,24.559967041015625,3755100,0.0,0.0
2019-01-14 00:00:00-05:00,24.442933143569164,24.50144880273646,24.200510899242907,24.409496307373047,5985600,0.0,0.0
2019-01-15 00:00:00-05:00,24.493091595587046,24.84418717943298,24.409498699687962,24.48473358154297,5085300,0.0,0.0
2019-01-16 00:00:00-05:00,24.417856963653506,24.685359654338296,24.417856963653506,24.677000045776367,4743800,0.0,0.0
2019-01-17 00:00:00-05:00,24.643562211299304,24.802391588976896,24.576686935608585,24.6937198638916,3699600,0.0,0.0
2019-01-18 00:00:00-05:00,24.894344899267494,24.927781738833314,24.610124588012695,24.610124588012695,6719800,0.0,0.0
2019-01-22 00:00:00-05:00,24.65191980270582,24.752233505249023,24.309183843534203,24.752233505249023,7518700,0.0,0.0
2019-01-23 00:00:00-05:00,24.760594268172643,24.994656927636527,24.760594268172643,24.969579696655273,4802200,0.0,0.0
2019-01-24 00:00:00-05:00,24.911061395066817,25.220360517830102,24.760593232178095,25.178564071655273,6317600,0.0,0.0
2019-01-25 00:00:00-05:00,25.120047679803513,25.245440211510278,24.852546588435988,24.9027042388916,5605400,0.0,0.0
2019-01-28 00:00:00-05:00,24.90270412343634,25.09497033266132,24.752234361631654,24.961219787597656,6318400,0.0,0.0
2019-01-29 00:00:00-05:00,25.06989027299859,25.13676554223719,24.96121855839794,25.103328704833984,4339000,0.0,0.0
2019-01-30 00:00:00-05:00,24.994656055294836,25.404267289493028,24.994656055294836,25.25379753112793,3672000,0.0,0.0
2019-01-31 00:00:00-05:00,25.24543744497487,25.905830492614864,25.111686913948233,25.847314834594727,6464600,0.0,0.0
2019-02-01 00:00:00-05:00,25.797161506231962,25.88075440112041,25.538018429894514,25.75536346435547,4046400,0.0,0.0
2019-02-04 00:00:00-05:00,25.59652950960576,25.864030535312395,25.412621358608536,25.855670928955078,5069100,0.0,0.0
2019-02-05 00:00:00-05:00,25.76372367390034,25.880755005020788,25.696848399769756,25.772083282470703,6156800,0.0,0.0
2019-02-06 00:00:00-05:00,25.680127016406665,25.76372150062644,25.50458003453409,25.579814910888672,4231300,0.0,0.0
2019-02-07 00:00:00-05:00,25.604893702464633,25.797161506231962,25.47114315732439,25.75536346435547,4006500,0.0,0.0
2019-02-08 00:00:00-05:00,25.755360855774224,25.813876514042402,25.47114057752984,25.788799285888672,4929300,0.0,0.0
2019-02-11 00:00:00-05:00,25.772082392283075,25.864036488948578,25.487862088437204,25.738645553588867,4539600,0.0,0.0
2019-02-12 00:00:00-05:00,25.797162408863915,25.922553350016234,25.621613815704812,25.78044319152832,4621300,0.0,0.0
2019-02-13 00:00:00-05:00,25.713565826416016,25.82223754139904,25.604892517000795,25.713565826416016,3379700,0.0,0.0
2019-02-14 00:00:00-05:00,25.7302868340512,25.89747422216151,25.638332734209534,25.772083282470703,3626600,0.0,0.0
2019-02-15 00:00:00-05:00,25.87239466167715,25.947629537604946,25.696846086368225,25.822237014770508,3797400,0.0,0.0
2019-02-19 00:00:00-05:00,25.855679978324236,26.11482148837189,25.813881931908522,26.08974266052246,4638000,0.0,0.0
2019-02-20 00:00:00-05:00,26.113362990951085,26.206171908212532,25.96149180543675,26.138673782348633,4870300,0.288,0.0
2019-02-21 00:00:00-05:00,25.98680189639657,26.37491731661457,25.88555551497081,26.341167449951172,2875700,0.0,0.0
2019-02-22 00:00:00-05:00,26.391791797799037,26.509913110532832,26.223045685937457,26.493038177490234,3042400,0.0,0.0
2019-02-25 00:00:00-05:00,26.484605763312686,26.501480699574437,26.054304544333085,26.163990020751953,3382400,0.0,0.0
2019-02-26 00:00:00-05:00,26.383356399722388,26.383356399722388,26.079614018271133,26.09648895263672,4009000,0.0,0.0
2019-02-27 00:00:00-05:00,26.07961456112289,26.307421351953167,25.91930589987762,26.290546417236328,6019700,0.0,0.0
2019-02-28 00:00:00-05:00,25.472132330406996,25.497443124129532,24.63684234263285,25.42994499206543,11266700,0.0,0.0
2019-03-01 00:00:00-05:00,25.39619484840442,25.54806603661313,25.168388066091357,25.45525550842285,5962300,0.0,0.0
2019-03-04 00:00:00-05:00,25.455254410630378,25.61556305896852,25.219010171462706,25.59868812561035,4788300,0.0,0.0
2019-03-05 00:00:00-05:00,25.55650350365609,25.61556416367452,25.362444980232578,25.45525550842285,4568800,0.0,0.0
2019-03-06 00:00:00-05:00,25.489005289808045,25.522755159995814,25.261200103170133,25.396196365356445,4118000,0.0,0.0
2019-03-07 00:00:00-05:00,25.446817257206646,25.573376040386417,25.244322882262562,25.337133407592773,5644200,0.0,0.0
2019-03-08 00:00:00-05:00,25.379319132225284,25.413068999357083,25.10932663229984,25.337133407592773,3960500,0.0,0.0
2019-03-11 00:00:00-04:00,25.337134753889046,25.674625396728516,25.311822352195215,25.674625396728516,4084800,0.0,0.0
2019-03-12 00:00:00-04:00,25.674627214165,25.92774481189152,25.590254145162014,25.88555908203125,3943900,0.0,0.0
2019-03-13 00:00:00-04:00,25.910870595475284,25.953057935789044,25.649315522659904,25.657752990722656,6378400,0.0,0.0
2019-03-14 00:00:00-04:00,25.666190458785408,25.834936601475484,25.53119418834634,25.657752990722656,5730200,0.0,0.0
2019-03-15 00:00:00-04:00,25.666187988792743,25.995241165161133,25.60712732731968,25.995241165161133,9949200,0.0,0.0
2019-03-18 00:00:00-04:00,25.986805069376267,26.01211747246445,25.632439472553752,25.801185607910156,5015200,0.0,0.0
2019-03-19 00:00:00-04:00,25.716812886045187,25.79274848704843,25.48900608303546,25.539630889892578,3641300,0.0,0.0
2019-03-20 00:00:00-04:00,25.624003313827544,25.758999576817548,25.49744290915232,25.531192779541016,3466400,0.0,0.0
2019-03-21 00:00:00-04:00,25.514318798415722,25.953057474180394,25.463695600222092,25.834936141967773,2916500,0.0,0.0
2019-03-22 00:00:00-04:00,25.91930389404297,26.08805000958779,25.860243236386946,25.91930389404297,3836600,0.0,0.0
2019-03-25 00:00:00-04:00,25.868683633465523,26.054303094165792,25.792748033796684,25.986804962158203,2888500,0.0,0.0
2019-03-26 00:00:00-04:00,25.986803488542737,26.214610274631177,25.96149269627668,26.09648895263672,2445500,0.0,0.0
2019-03-27 00:00:00-04:00,26.13023649709147,26.15554889794723,25.72524773909294,25.76743507385254,3800200,0.0,0.0
2019-03-28 00:00:00-04:00,25.77587521323395,25.860248287486353,25.429947057153367,25.590255737304688,4122700,0.0,0.0
2019-03-29 00:00:00-04:00,25.615567819461894,25.969933439428928,25.514319809778804,25.902435302734375,4084500,0.0,0.0
2019-04-01 00:00:00-04:00,25.89399783448724,25.95305850293466,25.683065956156447,25.902435302734375,3133500,0.0,0.0
2019-04-02 00:00:00-04:00,25.995243350750368,26.037430690551183,25.79274894755385,25.969932556152344,3940600,0.0,0.0
2019-04-03 00:00:00-04:00,25.902435302734375,26.062742371582363,25.699939283368195,25.902435302734375,3372000,0.0,0.0
2019-04-04 00:00:00-04:00,26.07117904744149,26.10492891940426,25.666190239583102,25.759000778198242,2680500,0.0,0.0
2019-04-05 00:00:00-04:00,25.843373801817602,26.045869827270508,25.742127398373718,26.045869827270508,3856900,0.0,0.0
2019-04-08 00:00:00-04:00,25.969928106353176,25.98680143009989,25.640873349418335,25.699934005737305,4356900,0.0,0.0
2019-04-09 00:00:00-04:00,25.708372596944958,25.758997398246407,25.46369249445033,25.58181381225586,4005600,0.0,0.0
2019-04-10 00:00:00-04:00,25.62400548959248,25.75056429573157,25.379323736345384,25.480571746826172,4637300,0.0,0.0
2019-04-11 00:00:00-04:00,25.514319769426752,25.624005247183504,25.39619843271873,25.556507110595703,4812800,0.0,0.0
2019-04-12 00:00:00-04:00,25.472131779508832,25.843370693191215,25.328698050814427,25.792747497558594,5162400,0.0,0.0
2019-04-15 00:00:00-04:00,25.89399702762746,25.961495162218764,25.64931528393244,25.733688354492188,4584900,0.0,0.0
2019-04-16 00:00:00-04:00,25.63243619204598,25.733684182158314,25.29494557380854,25.438379287719727,3432600,0.0,0.0
2019-04-17 00:00:00-04:00,25.429944862149824,25.46369473265066,25.27807366346087,25.320261001586914,3000200,0.0,0.0
2019-04-18 00:00:00-04:00,25.44682163283895,25.69993924272258,25.40463590095252,25.556507110595703,3892500,0.0,0.0
2019-04-22 00:00:00-04:00,25.514315847801008,25.73368516031428,25.48900344699023,25.71681022644043,3154700,0.0,0.0
2019-04-23 00:00:00-04:00,25.80118627031705,25.927745070442352,25.649315066453703,25.834936141967773,3940200,0.0,0.0
2019-04-24 00:00:00-04:00,25.87712285706713,25.953058461888723,25.548069642361913,25.556507110595703,6149900,0.0,0.0
2019-04-25 00:00:00-04:00,25.47212637036642,25.83492934880219,25.32869267213093,25.74211883544922,4768600,0.0,0.0
2019-04-26 00:00:00-04:00,25.910872256776493,26.05430600447471,25.699940369531035,25.708377838134766,2843200,0.0,0.0
2019-04-29 00:00:00-04:00,25.615562214408484,25.758995924659366,25.564937416003115,25.691497802734375,2378500,0.0,0.0
2019-04-30 00:00:00-04:00,25.759002452111975,26.189303691904982,25.6408795018487,26.155553817749023,4436200,0.0,0.0
2019-05-01 00:00:00-04:00,26.062741485149207,26.23148762578754,25.944620152271856,25.969932556152344,6036200,0.0,0.0
2019-05-02 00:00:00-04:00,25.96149506835372,26.180864407302934,25.902434401960175,25.94462013244629,5859300,0.0,0.0
2019-05-03 00:00:00-04:00,25.99524463390623,26.290549589958676,25.99524463390623,26.28211212158203,2679400,0.0,0.0
2019-05-06 00:00:00-04:00,26.282111720657774,26.298986657153645,26.10492971529868,26.197738647460938,2891100,0.0,0.0
2019-05-07 00:00:00-04:00,26.18086222611342,26.25679782208802,25.90243224396732,25.995241165161133,4483700,0.0,0.0
2019-05-08 00:00:00-04:00,25.91930295842987,26.020550945958444,25.657747937130793,25.691497802734375,3748200,0.0,0.0
2019-05-09 00:00:00-04:00,25.632438854069367,25.691501126516687,24.586217024238206,24.679027557373047,9882700,0.0,0.0
2019-05-10 00:00:00-04:00,24.484968836520476,25.06713956724807,24.2655995256576,25.024953842163086,7523000,0.0,0.0
2019-05-13 00:00:00-04:00,24.89839679464358,25.472131707806167,24.87308439225734,25.446819305419922,6339700,0.0,0.0
2019-05-14 00:00:00-04:00,25.379315343514705,25.429938527372965,24.99963744137276,25.126197814941406,8550200,0.0,0.0
2019-05-15 00:00:00-04:00,25.184139952829607,25.269336963917905,25.030785657870236,25.064865112304688,5835400,0.288,0.0
2019-05-16 00:00:00-04:00,25.047820049156574,25.337488850150013,24.97966277980503,25.21821403503418,4546200,0.0,0.0
2019-05-17 00:00:00-04:00,25.098935824141662,25.490841314011462,25.098935824141662,25.363046646118164,4612500,0.0,0.0
2019-05-20 00:00:00-04:00,25.388612928881933,25.58456655056298,25.175621204226893,25.25229835510254,3895100,0.0,0.0
2019-05-21 00:00:00-04:00,25.25229384591784,25.482325257469146,25.133019021408696,25.15005874633789,3804700,0.0,0.0
2019-05-22 00:00:00-04:00,25.167097073675,25.286371891560513,25.01374280782361,25.175615310668945,6442100,0.0,0.0
2019-05-23 00:00:00-04:00,25.19265981643822,25.22673927087267,24.85187339708286,25.064865112304688,6392600,0.0,0.0
2019-05-24 00:00:00-04:00,25.21821477147511,25.320449865989232,25.02226281949177,25.0393009185791,3848500,0.0,0.0
2019-05-28 00:00:00-04:00,25.124498182893582,25.141537907160806,24.553680419921875,24.553680419921875,6517400,0.0,0.0
2019-05-29 00:00:00-04:00,24.638880547252718,24.647400410468997,24.20437727320911,24.23845672607422,4157400,0.0,0.0
2019-05-30 00:00:00-04:00,24.246968844513354,24.366245274438874,24.025458956788842,24.08509635925293,3999300,0.0,0.0
2019-05-31 00:00:00-04:00,24.102141902870592,24.315133605971262,24.025464759754534,24.229936599731445,5326400,0.0,0.0
2019-06-03 00:00:00-04:00,24.374770245917386,24.48552521300052,24.093621271785768,24.417367935180664,4841700,0.0,0.0
2019-06-04 00:00:00-04:00,24.45144532431361,24.570720144189103,23.98286265695017,24.553680419921875,5360500,0.0,0.0
2019-06-05 00:00:00-04:00,24.67295666905115,24.868910259480348,24.53664211701201,24.74111557006836,5904100,0.0,0.0
2019-06-06 00:00:00-04:00,24.86890877892404,25.056340870569784,24.758152196362545,24.834829330444336,4823300,0.0,0.0
2019-06-07 00:00:00-04:00,25.05634091082222,25.16709749356165,24.52812245851858,24.553680419921875,4009000,0.0,0.0
2019-06-10 00:00:00-04:00,24.56219693021373,24.689991594783535,24.349205280931614,24.638874053955078,3184300,0.0,0.0
2019-06-11 00:00:00-04:00,24.587755645199515,24.638873184223566,24.306606743071335,24.40032196044922,6415600,0.0,0.0
2019-06-12 00:00:00-04:00,24.48552110550408,24.758150171049422,24.425883700540712,24.689992904663086,2896200,0.0,0.0
2019-06-13 00:00:00-04:00,25.18414013028285,25.18414013028285,24.851873572194872,24.928550720214844,4925600,0.0,0.0
2019-06-14 00:00:00-04:00,25.02226450465589,25.337491296467668,24.96262546634238,25.23525619506836,4508700,0.0,0.0
2019-06-17 00:00:00-04:00,25.235253758621436,25.346008711943643,25.090419358124716,25.21821403503418,4389200,0.0,0.0
2019-06-18 00:00:00-04:00,25.380092613602717,25.388610851893908,24.996706890588445,25.16710090637207,3700100,0.0,0.0
2019-06-19 00:00:00-04:00,25.013743217774028,25.63567852836643,25.013743217774028,25.541961669921875,3814400,0.0,0.0
2019-06-20 00:00:00-04:00,25.652725576972195,25.76348056630407,25.277859661160132,25.593088150024414,2881000,0.0,0.0
2019-06-21 00:00:00-04:00,25.593083364560837,25.593083364560837,25.20117779290096,25.490846633911133,6042400,0.0,0.0
2019-06-24 00:00:00-04:00,25.559004260511998,25.635681403293354,25.27785527864628,25.431209564208984,3363500,0.0,0.0
2019-06-25 00:00:00-04:00,25.414165787978877,25.465283333354336,25.115977127460024,25.141536712646484,4435300,0.0,0.0
2019-06-26 00:00:00-04:00,25.064864575006702,25.09894240371282,24.366252024054425,24.408849716186523,5227400,0.0,0.0
2019-06-27 00:00:00-04:00,24.519605095493976,24.596282237514103,24.246974354423685,24.289573669433594,5255600,0.0,0.0
2019-06-28 00:00:00-04:00,24.255493004930212,24.536641969950562,24.23845490477567,24.391807556152344,5489500,0.0,0.0
2019-07-01 00:00:00-04:00,24.36624836802565,24.417365915913805,24.076579554996865,24.272531509399414,3337600,0.0,0.0
2019-07-02 00:00:00-04:00,24.715556834967018,24.928548533001898,24.511084999853257,24.7070369720459,4275100,0.0,0.0
2019-07-03 00:00:00-04:00,24.74111491527322,25.32045093360811,24.732595052871556,25.073381423950195,2772500,0.0,0.0
2019-07-05 00:00:00-04:00,24.86039000051145,25.09042141278429,24.587760900779614,25.08190155029297,3883800,0.0,0.0
2019-07-08 00:00:00-04:00,25.150061858168666,25.167101585206193,24.68999897814223,24.843353271484375,4059200,0.0,0.0
2019-07-09 00:00:00-04:00,24.843349798381187,24.920026934332785,24.698515388805674,24.78371238708496,3367500,0.0,0.0
2019-07-10 00:00:00-04:00,24.8944674254903,25.0052240111003,24.64739791720219,24.71555519104004,4321400,0.0,0.0
2019-07-11 00:00:00-04:00,24.707034460723417,24.783711594222016,24.43440537494952,24.75815200805664,5126900,0.0,0.0
2019-07-12 00:00:00-04:00,24.74963178404403,24.826308916421244,24.553679834634487,24.59627914428711,3580100,0.0,0.0
2019-07-15 00:00:00-04:00,24.621834000946883,24.707030984513633,24.51107905980822,24.698511123657227,3846000,0.0,0.0
2019-07-16 00:00:00-04:00,24.672951340996107,24.76666818465924,24.38328419921398,24.62183380126953,4179200,0.0,0.0
2019-07-17 00:00:00-04:00,24.78371246487789,24.83483001400688,24.672955879267892,24.71555519104004,3019300,0.0,0.0
2019-07-18 00:00:00-04:00,24.647397686376607,24.954106228273368,24.519603002252147,24.920026779174805,2646500,0.0,0.0
2019-07-19 00:00:00-04:00,24.877424407997918,24.920022086351747,24.383283864106044,24.40032196044922,4040100,0.0,0.0
2019-07-22 00:00:00-04:00,24.485525741084142,24.51960519322791,24.30661349232252,24.43440818786621,3184900,0.0,0.0
2019-07-23 00:00:00-04:00,24.434402731029852,24.52811957849809,24.36624546696132,24.442922592163086,4899000,0.0,0.0
2019-07-24 00:00:00-04:00,24.511079525980502,24.553677206075385,24.14473362717412,24.221410751342773,3576600,0.0,0.0
2019-07-25 00:00:00-04:00,24.10214043239509,24.35772981052325,24.093620569791135,24.323650360107422,3548800,0.0,0.0
2019-07-26 00:00:00-04:00,24.391805764079134,24.63887688564038,24.391805764079134,24.536640167236328,2340900,0.0,0.0
2019-07-29 00:00:00-04:00,24.5451630739484,24.57924252597639,24.298093546736354,24.502565383911133,2081100,0.0,0.0
2019-07-30 00:00:00-04:00,24.434406125533123,24.8177901798055,24.408846538582598,24.570720672607422,4805000,0.0,0.0
2019-07-31 00:00:00-04:00,24.53664133159219,24.90298728784473,24.47700392010877,24.71555519104004,8457700,0.0,0.0
2019-08-01 00:00:00-04:00,24.741114700444108,24.928546796660473,24.553680979230162,24.78371238708496,5254700,0.0,0.0
2019-08-02 00:00:00-04:00,24.83483349603105,25.08190466395792,24.613321918751105,24.988187789916992,4187900,0.0,0.0
2019-08-05 00:00:00-04:00,24.988185018237328,25.115979707301406,24.2043755336473,24.323650360107422,4359000,0.0,0.0
2019-08-06 00:00:00-04:00,24.391803553496626,24.64739451384428,24.059537092541774,24.587757110595703,6017900,0.0,0.0
2019-08-07 00:00:00-04:00,24.579243545330073,24.638880963854625,23.37797043648532,23.90618896484375,8669900,0.0,0.0
2019-08-08 00:00:00-04:00,23.752827552689315,23.889143700586036,23.514277950113954,23.710229873657227,5609200,0.0,0.0
2019-08-09 00:00:00-04:00,23.727274442824914,23.880628718666852,23.505762891608516,23.531322479248047,4311900,0.0,0.0
2019-08-12 00:00:00-04:00,23.51428396821404,23.693196215935252,23.301292268547243,23.650598526000977,5385000,0.0,0.0
2019-08-13 00:00:00-04:00,23.68467610617855,23.923227392319077,23.573921138504762,23.855070114135742,5280700,0.0,0.0
2019-08-14 00:00:00-04:00,23.93082446920003,24.094380927990343,23.65536199663898,23.672578811645508,5185000,0.288,0.0
2019-08-15 00:00:00-04:00,23.66396634861796,24.05133641044821,23.612317554335785,23.732831954956055,4620700,0.0,0.0
2019-08-16 00:00:00-04:00,23.7672656982518,24.07716010738444,23.750048886109553,23.991079330444336,3940600,0.0,0.0
2019-08-19 00:00:00-04:00,24.042725787164855,24.36122857139865,23.991076997645802,24.197673797607422,2851700,0.0,0.0
2019-08-20 00:00:00-04:00,24.197674485982297,24.24071487149168,23.887778456281247,23.95664405822754,2565200,0.0,0.0
2019-08-21 00:00:00-04:00,23.930819425959967,24.068550633214677,23.853345416643506,24.03411865234375,2808500,0.0,0.0
2019-08-22 00:00:00-04:00,24.03411489459604,24.24071167317658,23.97385770607904,24.120197296142578,3054100,0.0,0.0
2019-08-23 00:00:00-04:00,24.214894208885188,24.232111023080904,23.517629652816364,23.60371208190918,2818800,0.0,0.0
2019-08-26 00:00:00-04:00,23.620925421465138,23.7500482251675,23.526234599203494,23.741439819335938,2183500,0.0,0.0
2019-08-27 00:00:00-04:00,23.84473918883833,23.870562764600628,23.474585945313677,23.48319435119629,5153200,0.0,0.0
2019-08-28 00:00:00-04:00,23.491802774443528,23.577883549562205,23.37989513977238,23.509017944335938,3563600,0.0,0.0
2019-08-29 00:00:00-04:00,23.65535335039667,23.913600555445385,23.543447377528565,23.775869369506836,4742100,0.0,0.0
2019-08-30 00:00:00-04:00,23.861957536110072,24.094379600232678,23.827525549880296,23.83613395690918,4347300,0.0,0.0
2019-09-03 00:00:00-04:00,23.784481568961407,24.36984006395214,23.775874804522388,24.352624893188477,5282100,0.0,0.0
2019-09-04 00:00:00-04:00,24.36984028851643,24.447314304266502,24.085769444728037,24.23210906982422,2687000,0.0,0.0
2019-09-05 00:00:00-04:00,24.068550393541408,24.309580824779733,24.034118413013353,24.094375610351562,3999000,0.0,0.0
2019-09-06 00:00:00-04:00,24.33540735331853,24.59365296779811,24.275150152732333,24.533395767211914,5483900,0.0,0.0
2019-09-09 00:00:00-04:00,24.438704247057167,24.843291111286113,24.326798255135976,24.774425506591797,4254700,0.0,0.0
2019-09-10 00:00:00-04:00,24.774425470141757,25.273701513912357,24.70555986554876,25.23065948486328,7623800,0.0,0.0
2019-09-11 00:00:00-04:00,25.127365497406462,26.194783342405564,25.127365497406462,26.177566528320312,7663200,0.0,0.0
2019-09-12 00:00:00-04:00,26.25503454196981,26.272251352115397,25.643852558769925,25.721324920654297,5511300,0.0,0.0
2019-09-13 00:00:00-04:00,25.574990993682405,25.95375269151161,25.574990993682405,25.695507049560547,3385300,0.0,0.0
2019-09-16 00:00:00-04:00,25.82462652366288,26.160346143067127,25.68689531355419,26.117305755615234,3758600,0.0,0.0
2019-09-17 00:00:00-04:00,26.117309438255692,26.117309438255692,25.557776113057102,25.747156143188477,4519300,0.0,0.0
2019-09-18 00:00:00-04:00,25.85044994638917,25.85905835165895,25.497513539755413,25.798799514770508,5544000,0.0,0.0
2019-09-19 00:00:00-04:00,25.876283091892102,26.005405934930167,25.704119848470025,25.859067916870117,3456000,0.0,0.0
2019-09-20 00:00:00-04:00,25.970966678270152,26.186171903763977,25.970966678270152,26.10869789123535,5439200,0.0,0.0
2019-09-23 00:00:00-04:00,26.1431312732299,26.27225407895289,26.057048855452724,26.168954849243164,2840100,0.0,0.0
2019-09-24 00:00:00-04:00,26.21199607849121,26.409984484011744,26.151737238567762,26.21199607849121,4089600,0.0,0.0
2019-09-25 00:00:00-04:00,26.203389912270953,26.418595147590786,26.125915896204962,26.349729537963867,3125300,0.0,0.0
2019-09-26 00:00:00-04:00,26.435809853088884,26.435809853088884,25.902101798349445,25.927927017211914,4808800,0.0,0.0
2019-09-27 00:00:00-04:00,25.97096462268734,26.04843862908395,25.72993419813283,25.82462501525879,4955400,0.0,0.0
2019-09-30 00:00:00-04:00,25.8762806756209,26.057053952502798,25.816023463955563,25.97957992553711,5482300,0.0,0.0
2019-10-01 00:00:00-04:00,25.97957545295159,26.10008985553478,25.70411302311253,25.729936599731445,4112100,0.0,0.0
2019-10-02 00:00:00-04:00,25.70411158339429,25.71271998908029,25.049887528227604,25.06710433959961,5012900,0.0,0.0
2019-10-03 00:00:00-04:00,25.09292699510522,25.10153540047572,24.62808459829627,24.877721786499023,9665800,0.0,0.0
2019-10-04 00:00:00-04:00,24.963805174216247,25.20483560835643,24.64530073059835,25.17901039123535,4380700,0.0,0.0
2019-10-07 00:00:00-04:00,25.0929330210018,25.135975058190557,24.808862143099358,24.81747055053711,2923700,0.0,0.0
2019-10-08 00:00:00-04:00,24.95520300260852,24.95520300260852,24.257938385009766,24.257938385009766,4239600,0.0,0.0
2019-10-09 00:00:00-04:00,24.283754585548262,24.352621827475822,23.99968378013876,24.22349739074707,4512500,0.0,0.0
2019-10-10 00:00:00-04:00,24.206286855883167,24.473140901893803,24.137421242658302,24.240718841552734,5663100,0.0,0.0
2019-10-11 00:00:00-04:00,24.232108026565417,24.498962046057073,24.171850826217515,24.335407257080078,3435200,0.0,0.0
2019-10-14 00:00:00-04:00,24.412883884022193,24.45592427691285,23.999688559597455,24.008296966552734,2876700,0.0,0.0
2019-10-15 00:00:00-04:00,24.01690789065737,24.275155200724775,24.008299482799867,24.257938385009766,5200800,0.0,0.0
2019-10-16 00:00:00-04:00,24.249325784631544,24.66251943903831,24.18906858193293,24.636695861816406,6323200,0.0,0.0
2019-10-17 00:00:00-04:00,24.636694272681193,24.800249057488948,24.473137845987914,24.71416664123535,3738400,0.0,0.0
2019-10-18 00:00:00-04:00,24.65390396118164,24.79163513981175,24.47313240493656,24.65390396118164,3528600,0.0,0.0
2019-10-21 00:00:00-04:00,24.61087123420254,24.783036081952623,24.567830843207854,24.739994049072266,3142900,0.0,0.0
2019-10-22 00:00:00-04:00,24.903547721363203,25.247875736693835,24.791640090202318,25.213443756103516,5306300,0.0,0.0
2019-10-23 00:00:00-04:00,25.265093770738616,25.48890740200727,25.153186134161505,25.48029899597168,4787600,0.0,0.0
2019-10-24 00:00:00-04:00,25.471690819479992,26.022615675638033,25.44586560114049,25.962358474731445,6277300,0.0,0.0
2019-10-25 00:00:00-04:00,25.979578644397176,26.0226190386397,25.385611680912696,25.428653717041016,4688100,0.0,0.0
2019-10-28 00:00:00-04:00,25.282312042184063,25.402826449867664,25.075713569175512,25.084321975708008,3258500,0.0,0.0
2019-10-29 00:00:00-04:00,25.084318379074492,25.161792384872925,24.8605047669774,24.99823760986328,4098100,0.0,0.0
2019-10-30 00:00:00-04:00,24.98963058774355,25.118753390592754,24.834682567570297,25.032670974731445,2671500,0.0,0.0
2019-10-31 00:00:00-04:00,25.092930628751024,25.17040464641891,24.89494220221561,25.024065017700195,2497200,0.0,0.0
2019-11-01 00:00:00-04:00,25.024062267573044,25.10153627672659,24.912156277620973,24.981021881103516,2698600,0.0,0.0
2019-11-04 00:00:00-05:00,24.929370034910335,25.20483407512187,24.79163883574727,24.886329650878906,3807100,0.0,0.0
2019-11-05 00:00:00-05:00,24.869116863941994,25.024064898539933,24.696953658077582,24.739994049072266,4277500,0.0,0.0
2019-11-06 00:00:00-05:00,24.75720923620123,25.067105285043517,24.75720923620123,24.765817642211914,4258100,0.0,0.0
2019-11-07 00:00:00-05:00,24.739994411096443,25.058498891529123,24.249326722280063,24.963808059692383,5567100,0.0,0.0
2019-11-08 00:00:00-05:00,24.83468270546363,25.02406270790162,24.636694297203164,24.774425506591797,5554900,0.0,0.0
2019-11-11 00:00:00-05:00,24.714167590011005,24.74860121458856,23.698400293257006,23.84473991394043,6151400,0.0,0.0
2019-11-12 00:00:00-05:00,23.861958425228934,24.08577209066216,23.732835598755948,24.051340103149414,3945400,0.0,0.0
2019-11-13 00:00:00-05:00,24.10298596139809,24.266542397292692,23.95664633809989,24.18045997619629,3699200,0.0,0.0
2019-11-14 00:00:00-05:00,24.189066661587685,24.344014680160466,22.88922695697609,22.975309371948242,14507800,0.0,0.0
2019-11-15 00:00:00-05:00,22.105880654573507,23.147473140384523,21.597996199577633,21.9337158203125,18684100,0.0,0.0
2019-11-18 00:00:00-05:00,22.054231165624362,22.08005474062935,21.597995518538823,21.658252716064453,7553500,0.0,0.0
2019-11-19 00:00:00-05:00,21.641037066224996,21.83041871648118,21.348357826634146,21.813201904296875,8463600,0.0,0.0
2019-11-20 00:00:00-05:00,21.785342374090277,21.854999676086717,21.219376587774068,21.289033889770508,7025100,0.288,0.0
2019-11-21 00:00:00-05:00,21.149714268953005,21.40222130600868,21.11488479583598,21.367393493652344,9359600,0.0,0.0
2019-11-22 00:00:00-05:00,21.332566039730803,21.785339268544426,21.175836717390638,21.55024528503418,6148400,0.0,0.0
2019-11-25 00:00:00-05:00,21.57636744009356,21.689559917167042,21.44575856401382,21.593780517578125,4667300,0.0,0.0
2019-11-26 00:00:00-05:00,21.524120839097243,21.576365048041453,21.201956521077935,21.323856353759766,6035800,0.0,0.0
2019-11-27 00:00:00-05:00,21.254204176107944,21.4805908203125,21.15842476412419,21.4805908203125,3089200,0.0,0.0
2019-11-29 00:00:00-05:00,21.489292433562483,21.63731436662714,21.349977868414637,21.38480567932129,2116100,0.0,0.0
2019-12-02 00:00:00-05:00,21.367394759839637,21.515415047076306,21.210665443046953,21.236785888671875,3248500,0.0,0.0
2019-12-03 00:00:00-05:00,21.210665121288827,21.402222249595823,21.132300464081247,21.245492935180664,4086700,0.0,0.0
2019-12-04 00:00:00-05:00,21.141009852295802,21.61119617969633,21.141009852295802,21.524124145507812,4275900,0.0,0.0
2019-12-05 00:00:00-05:00,21.480584810719535,21.63731410984099,21.43704963241273,21.585071563720703,3638100,0.0,0.0
2019-12-06 00:00:00-05:00,21.550245371020466,21.88111709446702,21.506710186090423,21.78533935546875,4797700,0.0,0.0
2019-12-09 00:00:00-05:00,21.811461064716234,21.90724047001971,21.611196545228015,21.80275535583496,3763200,0.0,0.0
2019-12-10 00:00:00-05:00,21.82016528481193,21.907237307905117,21.646022899386274,21.73309326171875,4253300,0.0,0.0
2019-12-11 00:00:00-05:00,21.680851354062494,21.95077313895818,21.67214398541931,21.86370277404785,4811600,0.0,0.0
2019-12-12 00:00:00-05:00,21.820166481019,22.055260458030506,21.480587399176244,21.611194610595703,6812000,0.0,0.0
2019-12-13 00:00:00-05:00,21.567660138475844,22.647349001658004,21.567660138475844,22.58639907836914,13385300,0.0,0.0
2019-12-16 00:00:00-05:00,22.568981372170153,22.960804628587944,22.568981372170153,22.943389892578125,7094600,0.0,0.0
2019-12-17 00:00:00-05:00,22.899858483667565,23.361339132812454,22.865030664148513,22.995637893676758,10974200,0.0,0.0
2019-12-18 00:00:00-05:00,23.047878365122315,23.4658237868109,23.030465287320983,23.378751754760742,6808600,0.0,0.0
2019-12-19 00:00:00-05:00,23.282971046680963,23.500650284208753,23.152363836316447,23.317800521850586,8020500,0.0,0.0
2019-12-20 00:00:00-05:00,23.622553697203973,23.7270404777491,23.169782076871183,23.274267196655273,15120400,0.0,0.0
2019-12-23 00:00:00-05:00,23.31780404719951,23.48323909698449,23.039173185999516,23.274267196655273,4651700,0.0,0.0
2019-12-24 00:00:00-05:00,23.31780116689957,23.465823118943685,23.28297169076645,23.300386428833008,1963700,0.0,0.0
2019-12-26 00:00:00-05:00,23.361334839467325,23.535478887341483,23.343920102527765,23.430992126464844,1994300,0.0,0.0
2019-12-27 00:00:00-05:00,23.42228475799506,23.500649413462362,23.335212734057986,23.430992126464844,3099700,0.0,0.0
2019-12-30 00:00:00-05:00,23.361334839467325,23.457114231874183,23.178485083884112,23.430992126464844,3557300,0.0,0.0
2019-12-31 00:00:00-05:00,23.430994772902675,23.753160799629022,23.404872664542946,23.74445343017578,3443200,0.0,0.0
2020-01-02 00:00:00-05:00,23.79669586087432,23.805403230281726,23.239437504887327,23.465824127197266,3385800,0.0,0.0
2020-01-03 00:00:00-05:00,23.309092831015167,23.457114776919397,23.274263356326756,23.326507568359375,3405400,0.0,0.0
2020-01-06 00:00:00-05:00,23.309094120631926,23.509358628887995,23.230729459008096,23.29167938232422,3513900,0.0,0.0
2020-01-07 00:00:00-05:00,23.300386449089796,23.404871556058342,22.96080736030077,23.39616584777832,4252100,0.0,0.0
2020-01-08 00:00:00-05:00,23.439697462412617,23.457112197842097,23.17848307401274,23.19589614868164,5922600,0.0,0.0
2020-01-09 00:00:00-05:00,23.16978259036756,23.16978259036756,22.908566463596102,23.030467987060547,5709400,0.0,0.0
2020-01-10 00:00:00-05:00,23.013050708059836,23.021758077401213,22.551570097532146,22.899856567382812,8430700,0.0,0.0
2020-01-13 00:00:00-05:00,22.899855551514634,23.056584871184935,22.812785183485193,22.882442474365234,4303600,0.0,0.0
2020-01-14 00:00:00-05:00,23.14365866754508,23.352630556145193,23.03046618400537,23.213315963745117,4837200,0.0,0.0
2020-01-15 00:00:00-05:00,23.248143033892525,23.605136847530957,23.213313559020104,23.509357452392578,3302800,0.0,0.0
2020-01-16 00:00:00-05:00,23.587722159882457,23.65737944901355,23.31780037209456,23.552892684936523,4761000,0.0,0.0
2020-01-17 00:00:00-05:00,23.561600053673004,23.683501555223,23.422285475410817,23.552892684936523,4882400,0.0,0.0
2020-01-21 00:00:00-05:00,23.57031087290463,23.657382912255308,23.343924234897283,23.518068313598633,5347700,0.0,0.0
2020-01-22 00:00:00-05:00,23.570307658881905,23.744451713837154,22.78666273310487,22.79537010192871,11147400,0.0,0.0
2020-01-23 00:00:00-05:00,22.769246444336638,23.483234031644407,22.734418632174656,23.448406219482422,5030500,0.0,0.0
2020-01-24 00:00:00-05:00,23.396164782906414,23.396164782906414,22.86502692091497,23.039169311523438,6227400,0.0,0.0
2020-01-27 00:00:00-05:00,23.030464778058874,23.187192439370463,22.76054131859599,22.821491241455078,4298500,0.0,0.0
2020-01-28 00:00:00-05:00,22.882446977344184,23.030468957188248,22.690888144157075,22.908567428588867,4442200,0.0,0.0
2020-01-29 00:00:00-05:00,22.92597654594473,23.213313064477607,22.90856180887953,23.14365577697754,3266400,0.0,0.0
2020-01-30 00:00:00-05:00,23.126241707044418,23.274263654847203,23.013049234376773,23.222021102905273,2631500,0.0,0.0
2020-01-31 00:00:00-05:00,23.187190609037987,23.248142187846568,22.812783732349523,23.056583404541016,5125400,0.0,0.0
2020-02-03 00:00:00-05:00,23.100121440067507,23.3003859413607,22.925977384566856,22.93468475341797,5998600,0.0,0.0
2020-02-04 00:00:00-05:00,22.908562078112702,23.28297062561109,22.838904789793986,23.091413497924805,5840800,0.0,0.0
2020-02-05 00:00:00-05:00,23.100122243222,23.45711607472573,23.004342843290466,23.29167938232422,4011900,0.0,0.0
2020-02-06 00:00:00-05:00,23.29167750172272,23.45711418076665,23.1349481911296,23.3874568939209,4190400,0.0,0.0
2020-02-07 00:00:00-05:00,23.430991100259345,23.430991100259345,23.213311880330693,23.265554428100586,4284700,0.0,0.0
2020-02-10 00:00:00-05:00,23.265555396370292,23.85764316493954,23.1349481911296,23.3874568939209,3708700,0.0,0.0
2020-02-11 00:00:00-05:00,23.465825109202797,23.63996752235585,23.430995630115603,23.53548240661621,2051000,0.0,0.0
2020-02-12 00:00:00-05:00,23.53547736011586,23.674791925070725,23.45711270973367,23.613842010498047,2535100,0.0,0.0
2020-02-13 00:00:00-05:00,23.51806614920284,23.727038027955917,23.509358779993022,23.666088104248047,2565700,0.0,0.0
2020-02-14 00:00:00-05:00,23.770573213244152,23.970839383548277,23.605138180540173,23.666088104248047,3707600,0.0,0.0
2020-02-18 00:00:00-05:00,23.66608776188925,23.831524452960853,23.47452896356608,23.579015731811523,5284800,0.0,0.0
2020-02-19 00:00:00-05:00,23.535004897804267,23.640622712436752,23.094933747855634,23.262161254882812,6321000,0.29,0.0
2020-02-20 00:00:00-05:00,23.174147802949342,23.22695587343456,22.470034600685484,22.63726043701172,9634500,0.0,0.0
2020-02-21 00:00:00-05:00,22.549247744288706,22.690070385981173,22.2059910862673,22.24119758605957,13501900,0.0,0.0
2020-02-24 00:00:00-05:00,22.065170211089455,22.267602564886612,21.774723279503576,22.19719123840332,6522800,0.0,0.0
2020-02-25 00:00:00-05:00,22.205990719403427,22.39962310758531,21.519480772179023,21.554685592651367,6731300,0.0,0.0
2020-02-26 00:00:00-05:00,21.563490392562922,21.783526008813567,21.158625664456235,21.193830490112305,5898600,0.0,0.0
2020-02-27 00:00:00-05:00,21.220235719757866,22.294008940493903,20.77136285372581,21.26424217224121,12105400,0.0,0.0
2020-02-28 00:00:00-05:00,20.894581473587902,20.938589603145733,19.78560178980794,20.260879516601562,12507100,0.0,0.0
2020-03-02 00:00:00-05:00,20.31368959799231,20.903385162353516,20.058449136322412,20.903385162353516,7324600,0.0,0.0
2020-03-03 00:00:00-05:00,20.80656725505097,21.28184499010999,20.067247453007063,20.33129119873047,10594000,0.0,0.0
2020-03-04 00:00:00-05:00,20.4809111290509,21.079408144266303,20.208065815283888,20.964988708496094,6441600,0.0,0.0
2020-03-05 00:00:00-05:00,20.621735851520302,20.65694067312681,19.79440155953815,19.95282745361328,9387500,0.0,0.0
2020-03-06 00:00:00-05:00,19.36313441028761,19.45995061953538,18.421382232567243,18.967069625854492,11016500,0.0,0.0
2020-03-09 00:00:00-04:00,18.1661363393412,18.967065689424366,15.103241571194268,15.868966102600098,11313700,0.0,0.0
2020-03-10 00:00:00-04:00,16.397053118114087,16.555479027840356,15.332081558547408,16.467464447021484,14277200,0.0,0.0
2020-03-11 00:00:00-04:00,15.948180339605063,16.062598108031104,14.936015280217918,15.543313980102539,16227900,0.0,0.0
2020-03-12 00:00:00-04:00,14.381527634527558,14.434335710993249,12.876484025347482,13.08771800994873,13141000,0.0,0.0
2020-03-13 00:00:00-04:00,13.70381590359608,13.853440167872973,12.321992704606222,13.686213493347168,11802100,0.0,0.0
2020-03-16 00:00:00-04:00,12.506822322625514,12.718056276657022,10.869757919827645,10.984175682067871,12262400,0.0,0.0
2020-03-17 00:00:00-04:00,11.221816482070466,12.902888463909,10.746539582286958,12.894086837768555,12252300,0.0,0.0
2020-03-18 00:00:00-04:00,12.022745231681276,12.198773546471859,10.271262030618841,10.97537612915039,9909700,0.0,0.0
2020-03-19 00:00:00-04:00,10.86975890875765,11.213013905445889,10.192048862037142,10.764141082763672,6883800,0.0,0.0
2020-03-20 00:00:00-04:00,10.992977306661464,12.084353575193377,10.280062501962844,10.984175682067871,16152100,0.0,0.0
2020-03-23 00:00:00-04:00,10.887362032258869,11.318631632359299,10.500099722639336,10.649724006652832,7790700,0.0,0.0
2020-03-24 00:00:00-04:00,11.529865524823226,12.207574721602256,11.353836377158787,11.99634075164795,6956800,0.0,0.0
2020-03-25 00:00:00-04:00,12.304390728372919,13.86224322728933,11.503461253984169,13.31655502319336,10463100,0.0,0.0
2020-03-26 00:00:00-04:00,13.351761285111051,14.284711829635073,13.219740250872322,13.985464096069336,9137700,0.0,0.0
2020-03-27 00:00:00-04:00,13.395766395942273,14.98002274579074,13.272546168504691,14.346319198608398,9872100,0.0,0.0
2020-03-30 00:00:00-04:00,14.434337087984765,14.566358131112638,13.659812403892904,14.284712791442871,7026600,0.0,0.0
2020-03-31 00:00:00-04:00,14.143888028916644,14.275909052511045,13.501384483015737,13.598199844360352,8535100,0.0,0.0
2020-04-01 00:00:00-04:00,12.718056341787566,12.832474943982863,12.013942318707574,12.42760944366455,9715400,0.0,0.0
2020-04-02 00:00:00-04:00,12.154768430398686,12.938094726971904,11.952335216660353,12.436413764953613,18760800,0.0,0.0
2020-04-03 00:00:00-04:00,12.30438984972787,12.471617368987678,11.494659646810518,11.829113006591797,18401700,0.0,0.0
2020-04-06 00:00:00-04:00,12.339597730440051,13.615804133531752,12.189973444625583,13.466179847717285,8633800,0.0,0.0
2020-04-07 00:00:00-04:00,14.487142674596486,14.65437019575345,13.545391442100966,13.615802764892578,10940900,0.0,0.0
2020-04-08 00:00:00-04:00,13.818233059137874,14.874403583774512,13.580595089794931,14.80399227142334,7016400,0.0,0.0
2020-04-09 00:00:00-04:00,15.13845107544959,16.053798366465575,15.13845107544959,15.675336837768555,10495700,0.0,0.0
2020-04-13 00:00:00-04:00,15.736946173144082,15.772152676727794,14.742385949243067,14.865605354309082,6616200,0.0,0.0
2020-04-14 00:00:00-04:00,15.182457026313331,15.358486185070324,14.786392258479335,14.962421417236328,5513700,0.0,0.0
2020-04-15 00:00:00-04:00,14.293513795179319,14.434336458876567,13.844640925117375,13.96786117553711,8433500,0.0,0.0
2020-04-16 00:00:00-04:00,13.994261021145523,14.196693329700299,13.60699881203815,13.897445678710938,5809500,0.0,0.0
2020-04-17 00:00:00-04:00,14.37272553797208,14.87440644481296,14.302314212077544,14.548754692077637,7588200,0.0,0.0
2020-04-20 00:00:00-04:00,14.038271009508858,14.3903284705569,13.74782408678151,13.862242698669434,6976800,0.0,0.0
2020-04-21 00:00:00-04:00,13.457376105900009,13.906248892772547,13.360560752393221,13.651007652282715,5108900,0.0,0.0
2020-04-22 00:00:00-04:00,13.985462171518222,14.434334129781817,13.474979678301468,14.249505043029785,5985900,0.0,0.0
2020-04-23 00:00:00-04:00,14.302313406535097,14.698378141596018,14.267106906201533,14.451937675476074,7125200,0.0,0.0
2020-04-24 00:00:00-04:00,14.539952046807562,14.768789259600995,14.223100263133835,14.680774688720703,5995600,0.0,0.0
2020-04-27 00:00:00-04:00,14.768788363131783,15.314475647737273,14.707176992138587,15.244064331054688,5612700,0.0,0.0
2020-04-28 00:00:00-04:00,15.648934762363778,15.956983304373212,15.2000618713432,15.323281288146973,5048000,0.0,0.0
2020-04-29 00:00:00-04:00,15.868967860809803,16.000988883268985,15.472903114693887,15.569719314575195,4675200,0.0,0.0
2020-04-30 00:00:00-04:00,15.411292770013185,15.437697644893355,14.759987631613821,14.988824844360352,6477500,0.0,0.0
2020-05-01 00:00:00-04:00,14.680774958103544,14.724781404982025,14.231902149242009,14.487142562866211,3554100,0.0,0.0
2020-05-04 00:00:00-04:00,14.31991881594595,14.425534975395417,13.862244315028693,14.399131774902344,4730300,0.0,0.0
2020-05-05 00:00:00-04:00,14.610363104394056,14.786390564243213,14.372724270922498,14.425532341003418,3896600,0.0,0.0
2020-05-06 00:00:00-04:00,14.522347818520664,14.575155885995864,14.02066698066079,14.06467342376709,6115600,0.0,0.0
2020-05-07 00:00:00-04:00,15.472904473636182,16.828324676063783,15.428898021864285,15.675336837768555,27800200,0.0,0.0
2020-05-08 00:00:00-04:00,15.921779447395044,16.441063705227954,15.921779447395044,16.36185073852539,17847500,0.0,0.0
2020-05-11 00:00:00-04:00,16.185815162779765,16.27382972201828,15.692935981277406,16.000986099243164,9988000,0.0,0.0
2020-05-12 00:00:00-04:00,15.789753978217117,16.071399257144886,15.65773296356201,15.657732963562012,16858200,0.0,0.0
2020-05-13 00:00:00-04:00,15.516910389177117,15.552116892368797,14.63676795424677,14.874406814575195,8421600,0.0,0.0
2020-05-14 00:00:00-04:00,14.663172321689245,15.25286779973387,14.434335095117168,15.208861351013184,14667600,0.0,0.0
2020-05-15 00:00:00-04:00,15.059235632458092,15.164851770765106,14.575156349213152,14.78639030456543,13774200,0.0,0.0
2020-05-18 00:00:00-04:00,15.534514681324088,15.75455030479536,15.314479057852816,15.393692016601562,12625800,0.0,0.0
2020-05-19 00:00:00-04:00,15.270470931462771,15.323279005262874,14.86560455569293,14.997627258300781,7583300,0.0,0.0
2020-05-20 00:00:00-04:00,15.201853894466023,15.361685039960804,14.9621046357536,15.024261474609375,8979000,0.15,0.0
2020-05-21 00:00:00-04:00,15.042022606293218,15.228493142087348,14.82891269667978,14.882189750671387,6678300,0.0,0.0
2020-05-22 00:00:00-04:00,14.899947796897823,15.06865873275012,14.846669054752727,15.024261474609375,6535300,0.0,0.0
2020-05-26 00:00:00-04:00,15.574802104626036,15.832309341066534,15.459366482984056,15.530403137207031,9083700,0.0,0.0
2020-05-27 00:00:00-04:00,16.00102091210803,16.098695246311294,15.477124988695973,15.539281845092773,8866200,0.0,0.0
2020-05-28 00:00:00-04:00,15.832307759475002,16.089816663838704,15.574800548758564,16.001020431518555,8638900,0.0,0.0
2020-05-29 00:00:00-04:00,15.876704999937179,15.983260817257019,15.414967641277226,15.787910461425781,12805800,0.0,0.0
2020-06-01 00:00:00-04:00,15.787908952995148,16.20524900252531,15.725750410869844,16.02765655517578,7148700,0.0,0.0
2020-06-02 00:00:00-04:00,16.00989896700109,16.223008891647467,15.921102741653314,16.07205581665039,10456300,0.0,0.0
2020-06-03 00:00:00-04:00,16.311806976552376,16.587073782228664,16.276287804905206,16.391721725463867,9318100,0.0,0.0
2020-06-04 00:00:00-04:00,16.30292501793226,16.320682907749536,15.83230621800898,16.02765655517578,8684900,0.0,0.0
2020-06-05 00:00:00-04:00,16.49827421128679,16.85345738771418,16.169728714562094,16.20524787902832,14693600,0.0,0.0
2020-06-08 00:00:00-04:00,16.338443516580632,17.16424556938149,16.320683932001707,16.951135635375977,16830700,0.0,0.0
2020-06-09 00:00:00-04:00,16.649230840897122,16.71138769838623,16.20525135180653,16.542675018310547,14122400,0.0,0.0
2020-06-10 00:00:00-04:00,16.622591442938493,16.73802705841331,16.160854061981265,16.329565048217773,10804900,0.0,0.0
2020-06-11 00:00:00-04:00,15.619197919382424,15.92110409504037,15.432725660936153,15.779030799865723,14137600,0.0,0.0
2020-06-12 00:00:00-04:00,16.302925899785702,16.51603583194436,15.743510845927934,15.983260154724121,10230400,0.0,0.0
2020-06-15 00:00:00-04:00,15.53928219384132,16.51603741332653,15.397208892132273,16.223011016845703,9072700,0.0,0.0
2020-06-16 00:00:00-04:00,16.817943501850536,17.17312675398969,16.276287983808736,16.329565048217773,8157400,0.0,0.0
2020-06-17 00:00:00-04:00,16.427240897111037,16.533796718405227,16.125334712699374,16.391721725463867,8001600,0.0,0.0
2020-06-18 00:00:00-04:00,16.2318895490141,16.55155360620425,16.18749058714934,16.29404640197754,9331100,0.0,0.0
2020-06-19 00:00:00-04:00,16.560432648686575,16.560432648686575,15.787909377340666,15.796789169311523,21473000,0.0,0.0
2020-06-22 00:00:00-04:00,15.716872312784755,16.10757298711836,15.619196297377806,16.02765655517578,8487000,0.0,0.0
2020-06-23 00:00:00-04:00,16.223007629010613,16.311803847447376,15.921101502513817,16.143091201782227,6500200,0.0,0.0
2020-06-24 00:00:00-04:00,15.95661945299336,16.462757405191805,15.876703023364502,16.27628517150879,12808300,0.0,0.0
2020-06-25 00:00:00-04:00,16.169734056125723,16.285169685127375,15.885587421117867,16.116456985473633,9782200,0.0,0.0
2020-06-26 00:00:00-04:00,16.009900508936056,16.08093715732648,15.565921033084058,15.716874122619629,14146200,0.0,0.0
2020-06-29 00:00:00-04:00,15.903342743803494,16.533794403076172,15.743509881068249,16.533794403076172,9176000,0.0,0.0
2020-06-30 00:00:00-04:00,16.542670687075244,16.70250353228367,16.329560791346303,16.578189849853516,6321100,0.0,0.0
2020-07-01 00:00:00-04:00,16.604833207897812,17.235283255728472,16.57819382941937,17.11096954345703,10663700,0.0,0.0
2020-07-02 00:00:00-04:00,17.297439837445737,17.554948744376777,17.226403189610846,17.279680252075195,7950000,0.0,0.0
2020-07-06 00:00:00-04:00,17.537187093867338,17.714779539365335,17.155364521599605,17.403993606567383,7024500,0.0,0.0
2020-07-07 00:00:00-04:00,17.226401848781244,17.430631983704252,17.084328564169834,17.306318283081055,5533600,0.0,0.0
2020-07-08 00:00:00-04:00,17.2796814383561,17.297441024945872,17.075451273515927,17.164247512817383,5555200,0.0,0.0
2020-07-09 00:00:00-04:00,17.066573772149916,17.075453566637297,16.436123606374302,16.826826095581055,14225000,0.0,0.0
2020-07-10 00:00:00-04:00,16.871220218092986,17.1820061924189,16.82682294760956,17.11096954345703,4330200,0.0,0.0
2020-07-13 00:00:00-04:00,17.137609935859327,17.324082227374557,16.98665682126036,17.057693481445312,6914800,0.0,0.0
2020-07-14 00:00:00-04:00,17.0754530948299,17.386239118710577,17.031055817267333,17.11985206604004,11003900,0.0,0.0
2020-07-15 00:00:00-04:00,17.368473245577267,17.634861895504685,17.119845871354702,17.137603759765625,5236900,0.0,0.0
2020-07-16 00:00:00-04:00,17.137606965619916,17.288560054056138,16.915617229310605,17.12872886657715,4771400,0.0,0.0
2020-07-17 00:00:00-04:00,17.208641374353203,17.705899538410275,17.1376047357232,17.634862899780273,7708300,0.0,0.0
2020-07-20 00:00:00-04:00,17.63486197179828,17.74141607731266,16.924493929232202,17.031049728393555,4760100,0.0,0.0
2020-07-21 00:00:00-04:00,17.093208786742395,17.24416186715042,16.924496121898787,17.226402282714844,6556600,0.0,0.0
2020-07-22 00:00:00-04:00,17.12873078185843,17.8568569273862,17.057692432394774,17.7680606842041,7282600,0.0,0.0
2020-07-23 00:00:00-04:00,17.723660356600405,18.283075460194077,17.652623706231864,17.945650100708008,5931000,0.0,0.0
2020-07-24 00:00:00-04:00,17.97228637251593,18.06996238500339,17.421752850752387,17.52830696105957,3685900,0.0,0.0
2020-07-27 00:00:00-04:00,17.448394382825615,17.528310830019187,16.746907638584435,16.933378219604492,7229800,0.0,0.0
2020-07-28 00:00:00-04:00,16.880098769295945,17.377355275453095,16.871218977122954,17.182004928588867,3973100,0.0,0.0
2020-07-29 00:00:00-04:00,17.24416242856245,17.28855969744963,16.968895635438,17.253042221069336,4183600,0.0,0.0
2020-07-30 00:00:00-04:00,17.048816660582684,17.066574556726184,16.666993948310346,16.986658096313477,7231600,0.0,0.0
2020-07-31 00:00:00-04:00,17.013295679628825,17.137609407709473,16.33844658184563,16.880102157592773,16893400,0.0,0.0
2020-08-03 00:00:00-04:00,16.8179451066144,17.359598982693324,16.666991998345434,17.15536880493164,5847100,0.0,0.0
2020-08-04 00:00:00-04:00,17.10208814815805,17.688140870591898,17.10208814815805,17.306318283081055,8598400,0.0,0.0
2020-08-05 00:00:00-04:00,17.47502973259979,17.60822321598636,16.782421247883775,16.88897705078125,8041500,0.0,0.0
2020-08-06 00:00:00-04:00,16.915615289805906,18.21203608190431,16.915615289805906,17.998926162719727,11881200,0.0,0.0
2020-08-07 00:00:00-04:00,17.927894845421463,18.380754193251153,17.892375668188894,18.123245239257812,7286400,0.0,0.0
2020-08-10 00:00:00-04:00,18.2741960138799,18.682658031483623,18.194279568993245,18.629379272460938,4454700,0.0,0.0
2020-08-11 00:00:00-04:00,18.842484540546558,19.02007697248469,18.291951050102853,18.300830841064453,5286200,0.0,0.0
2020-08-12 00:00:00-04:00,18.496185346179153,18.60274116818048,18.105482923704084,18.114362716674805,8296900,0.0,0.0
2020-08-13 00:00:00-04:00,17.990049392416783,18.531704919842937,17.990049392416783,18.416269302368164,5698300,0.0,0.0
2020-08-14 00:00:00-04:00,18.327470603582366,18.336350395553332,17.99892676889234,18.238676071166992,4585400,0.0,0.0
2020-08-17 00:00:00-04:00,18.23867516775642,18.505062139101966,18.16763683550741,18.336349487304688,5439000,0.0,0.0
2020-08-18 00:00:00-04:00,18.345232888516204,18.442908920930655,17.856856113738743,17.9722900390625,6967800,0.0,0.0
2020-08-19 00:00:00-04:00,18.017021682462655,18.32118207505756,17.9901851048351,18.115427017211914,3552900,0.15,0.0
2020-08-20 00:00:00-04:00,18.008073108084268,18.061749668534205,17.721804944189333,17.730751037597656,5580900,0.0,0.0
2020-08-21 00:00:00-04:00,17.81126243281748,17.963342593323556,17.62339960846492,17.70391273498535,4430200,0.0,0.0
2020-08-24 00:00:00-04:00,17.739693943777045,18.12436735975775,17.721801760175026,18.08858299255371,4113800,0.0,0.0
2020-08-25 00:00:00-04:00,18.240665504696626,18.240665504696626,17.802317187389566,17.90072250366211,3347600,0.0,0.0
2020-08-26 00:00:00-04:00,17.793372256359316,17.793372256359316,17.489211901011902,17.569725036621094,3582100,0.0,0.0
2020-08-27 00:00:00-04:00,17.614453491010785,17.82020850014184,17.542886457126386,17.677074432373047,3315600,0.0,0.0
2020-08-28 00:00:00-04:00,17.757586683916223,17.873882468389066,17.54288559284071,17.8470458984375,2492900,0.0,0.0
2020-08-31 00:00:00-04:00,17.873882173079785,18.008070139498376,17.78442296003654,17.954395294189453,4348200,0.0,0.0
2020-09-01 00:00:00-04:00,17.75758715899992,17.936503886536595,17.659181849764536,17.891775131225586,3018800,0.0,0.0
2020-09-02 00:00:00-04:00,17.873886067341758,18.38380147460544,17.784426834807636,18.294343948364258,3410400,0.0,0.0
2020-09-03 00:00:00-04:00,18.419584303256624,18.56271838077362,17.85599238002724,18.025964736938477,3829400,0.0,0.0
2020-09-04 00:00:00-04:00,18.09752913735388,18.160150073851792,17.53393900258012,17.77547836303711,3613600,0.0,0.0
2020-09-08 00:00:00-04:00,17.739692164270735,17.838097457918053,17.274505675037336,17.328182220458984,3899600,0.0,0.0
2020-09-09 00:00:00-04:00,17.516049866582986,17.65023785475369,17.34607750487724,17.47132110595703,6291200,0.0,0.0
2020-09-10 00:00:00-04:00,17.408697957393294,17.68602172552782,17.355023104909396,17.39975357055664,3673300,0.0,0.0
2020-09-11 00:00:00-04:00,17.39975357055664,17.498157182394987,17.229781213682703,17.39975357055664,2795600,0.0,0.0
2020-09-14 00:00:00-04:00,17.507101233661874,17.766532785279864,17.37291326495615,17.48026466369629,4468800,0.0,0.0
2020-09-15 00:00:00-04:00,17.51604743385907,17.58761446469669,16.87194415632054,17.006132125854492,4827300,0.0,0.0
2020-09-16 00:00:00-04:00,17.015080151467448,17.686021781670807,17.015080151467448,17.659183502197266,7213100,0.0,0.0
2020-09-17 00:00:00-04:00,17.507106137859516,17.524998327043708,17.11348650727266,17.256622314453125,4768800,0.0,0.0
2020-09-18 00:00:00-04:00,17.211888551984067,17.256619016395735,16.854053368154485,16.934566497802734,10942000,0.0,0.0
2020-09-21 00:00:00-04:00,16.77354021473113,17.220834620457293,16.701973178066655,16.90772819519043,6933700,0.0,0.0
2020-09-22 00:00:00-04:00,16.854052718807374,17.09559209844618,16.809323962411753,16.91667366027832,3106400,0.0,0.0
2020-09-23 00:00:00-04:00,16.934565367193027,17.11348209401635,16.854052242920112,16.871944427490234,5520600,0.0,0.0
2020-09-24 00:00:00-04:00,16.836161158525954,17.122429305183857,16.63935223427183,16.90772819519043,4206800,0.0,0.0
2020-09-25 00:00:00-04:00,16.773540087316192,17.006133381282105,16.701973051195353,16.98824119567871,3570800,0.0,0.0
2020-09-28 00:00:00-04:00,17.149269400312683,17.265565207351198,16.98824312418787,17.01508140563965,3074200,0.0,0.0
2020-09-29 00:00:00-04:00,17.095593890049617,17.229781879591954,16.80037963053933,16.997188568115234,2858400,0.0,0.0
2020-09-30 00:00:00-04:00,17.122426780308512,17.435533159404667,17.05085975419732,17.310291290283203,5278800,0.0,0.0
2020-10-01 00:00:00-04:00,17.390806801546987,17.42658946638132,17.167159600881025,17.355022430419922,3313600,0.0,0.0
2020-10-02 00:00:00-04:00,17.176107394508477,17.87388563765567,17.08664816412494,17.82915687561035,5795600,0.0,0.0
2020-10-05 00:00:00-04:00,17.90967212166036,18.10648108664924,17.632348304179953,18.061752319335938,3382600,0.0,0.0
2020-10-06 00:00:00-04:00,18.151205782132656,18.616390615504002,17.97228735724883,18.401689529418945,5278900,0.0,0.0
2020-10-07 00:00:00-04:00,18.517989437380507,18.714798365437325,18.3122327099884,18.47325897216797,3957600,0.0,0.0
2020-10-08 00:00:00-04:00,18.580604990725448,19.108412383026472,18.500091882998696,19.072628021240234,4644100,0.0,0.0
2020-10-09 00:00:00-04:00,19.135251545755118,19.269441214377974,18.974225308441707,19.117361068725586,5488000,0.0,0.0
2020-10-12 00:00:00-04:00,19.144197258995135,19.519924569868635,18.98317102486471,19.332061767578125,5879700,0.0,0.0
2020-10-13 00:00:00-04:00,19.135252917903752,19.314171351369076,18.580608845487994,18.625337600708008,5772200,0.0,0.0
2020-10-14 00:00:00-04:00,18.652177966326136,18.84004080683863,18.43747684590064,18.59850311279297,2740100,0.0,0.0
2020-10-15 00:00:00-04:00,18.419581857320264,18.777417003595833,18.419581857320264,18.71479606628418,2190000,0.0,0.0
2020-10-16 00:00:00-04:00,18.732687112279596,18.893713344895424,18.473255580555765,18.65217399597168,2424100,0.0,0.0
2020-10-19 00:00:00-04:00,18.544827627415234,18.795313135570662,18.544827627415234,18.60744857788086,3288300,0.0,0.0
2020-10-20 00:00:00-04:00,18.71479918797547,19.654116816916737,18.616393866475637,19.090526580810547,5832000,0.0,0.0
2020-10-21 00:00:00-04:00,19.010012561214772,19.519927919261686,18.974228189137833,19.260498046875,5477800,0.0,0.0
2020-10-22 00:00:00-04:00,19.278391291200617,19.80619891097522,19.179987666463212,19.74357795715332,3892600,0.0,0.0
2020-10-23 00:00:00-04:00,19.967224259255122,20.11930444267192,19.68990217406906,19.88671112060547,3794400,0.0,0.0
2020-10-26 00:00:00-04:00,19.546765075354905,19.85092539536371,19.466251949100066,19.79724884033203,4626300,0.0,0.0
2020-10-27 00:00:00-04:00,19.87776236559232,20.09246347115069,19.770412665959494,19.976167678833008,5187200,0.0,0.0
2020-10-28 00:00:00-04:00,19.484144829885697,19.922493140541675,19.01001214793074,19.05474090576172,4814800,0.0,0.0
2020-10-29 00:00:00-04:00,18.974223755835368,19.385735407107106,18.68795567127714,19.215763092041016,4505000,0.0,0.0
2020-10-30 00:00:00-04:00,19.224716759771127,19.27839162020691,18.786368369243934,18.902664184570312,4946600,0.0,0.0
2020-11-02 00:00:00-05:00,19.162092682956704,19.287334572333243,18.840040160225286,19.20682144165039,5072500,0.0,0.0
2020-11-03 00:00:00-05:00,19.49308967590332,19.841978742289143,19.385738275165497,19.49308967590332,3983200,0.0,0.0
2020-11-04 00:00:00-05:00,19.466252888291216,19.85987244605116,19.224713497873108,19.287334442138672,4028800,0.0,0.0
2020-11-05 00:00:00-05:00,19.546764348050267,20.72762121412652,19.546764348050267,20.28032684326172,6296000,0.0,0.0
2020-11-06 00:00:00-05:00,20.31611242842478,20.49503088502775,20.083520823650925,20.450302124023438,4481400,0.0,0.0
2020-11-09 00:00:00-05:00,21.470131305644063,21.827966486146252,21.004944717844854,21.228591918945312,9153600,0.0,0.0
2020-11-10 00:00:00-05:00,21.380672843580694,21.595373959510137,21.255430952528386,21.55959129333496,4763500,0.0,0.0
2020-11-11 00:00:00-05:00,21.577483456259298,21.988993501439655,21.443293765942162,21.532752990722656,5034700,0.0,0.0
2020-11-12 00:00:00-05:00,21.353833502661818,21.353833502661818,20.673945870531814,20.969160079956055,3982400,0.0,0.0
2020-11-13 00:00:00-05:00,21.103354214973265,21.711674995540964,21.067569836684306,21.693782806396484,4789200,0.0,0.0
2020-11-16 00:00:00-05:00,22.02477441181226,22.46312266741099,22.00688222841006,22.44523048400879,8801700,0.0,0.0
2020-11-17 00:00:00-05:00,22.11423428848675,22.71360884641661,22.02477677446447,22.516799926757812,8909300,0.0,0.0
2020-11-18 00:00:00-05:00,22.633793846951757,22.651793300022685,21.364861586330747,21.37386131286621,6138300,0.15,0.0
2020-11-19 00:00:00-05:00,21.247870027867076,21.400861956390685,20.83389116152925,21.085878372192383,6246600,0.0,0.0
2020-11-20 00:00:00-05:00,21.013879524715257,21.256866976465638,20.950883159414538,21.112873077392578,3871500,0.0,0.0
2020-11-23 00:00:00-05:00,21.202868782632912,21.598848145934603,21.184871047068192,21.580848693847656,5901900,0.0,0.0
2020-11-24 00:00:00-05:00,21.85983421828451,22.048823308426098,21.499852056357785,21.92283058166504,7894200,0.0,0.0
2020-11-25 00:00:00-05:00,21.97682926617606,22.228816459689384,21.850836527680563,22.057825088500977,3383500,0.0,0.0
2020-11-27 00:00:00-05:00,22.1298216516441,22.228816929136844,21.63484869722509,21.661846160888672,2954200,0.0,0.0
2020-11-30 00:00:00-05:00,21.625846180779888,21.7158400034125,20.770891133592993,20.86988639831543,9171000,0.0,0.0
2020-12-01 00:00:00-05:00,21.040875121281477,21.247865367309878,20.545902252197266,20.545902252197266,7136900,0.0,0.0
2020-12-02 00:00:00-05:00,20.464907238116975,20.662896050147104,20.1589234362836,20.63589859008789,5911600,0.0,0.0
2020-12-03 00:00:00-05:00,20.59990059498812,20.833888319429132,20.473907865105346,20.509906768798828,5976400,0.0,0.0
2020-12-04 00:00:00-05:00,20.55490513367396,20.878888423709213,20.464909584606133,20.572904586791992,3553000,0.0,0.0
2020-12-07 00:00:00-05:00,20.482907232872815,21.20286812893144,20.347914779427096,20.824888229370117,5138700,0.0,0.0
2020-12-08 00:00:00-05:00,20.716897854253247,20.788893953940875,20.203925429413598,20.24892234802246,4182900,0.0,0.0
2020-12-09 00:00:00-05:00,20.347918443546806,20.42891427350387,19.798947088620586,20.005935668945312,15465200,0.0,0.0
2020-12-10 00:00:00-05:00,19.924935597403085,20.086927222832724,19.4929590739388,19.61895179748535,6702200,0.0,0.0
2020-12-11 00:00:00-05:00,19.537956632811564,19.780944079015505,19.438963082393872,19.573955535888672,4718800,0.0,0.0
2020-12-14 00:00:00-05:00,19.798943589721894,19.843940502180573,19.43896314048593,19.474960327148438,5438800,0.0,0.0
2020-12-15 00:00:00-05:00,19.58296167522437,20.059936998075962,19.438969448801767,20.014938354492188,4828800,0.0,0.0
2020-12-16 00:00:00-05:00,20.041928104704056,20.07792528610051,19.555953281937473,19.681947708129883,4051900,0.0,0.0
2020-12-17 00:00:00-05:00,19.798939643135753,20.04192704163039,19.672946940148243,19.69094467163086,4020700,0.0,0.0
2020-12-18 00:00:00-05:00,19.717944889526336,19.82593986675955,19.528955825020617,19.681947708129883,11279100,0.0,0.0
2020-12-21 00:00:00-05:00,19.44796511102011,19.492962028672455,18.87199460924028,18.94399070739746,5876900,0.0,0.0
2020-12-22 00:00:00-05:00,18.94398805032324,19.015984138382287,18.64700397251441,18.73699951171875,4981400,0.0,0.0
2020-12-23 00:00:00-05:00,18.916991946531112,19.456963503952572,18.916991946531112,19.348968505859375,4264400,0.0,0.0
2020-12-24 00:00:00-05:00,19.321968022164594,19.42996301296361,19.08798030586851,19.420963287353516,1011200,0.0,0.0
2020-12-28 00:00:00-05:00,19.510960407760646,19.60095595463114,19.267972946166992,19.267972946166992,2874600,0.0,0.0
2020-12-29 00:00:00-05:00,19.393965747098537,19.5019607470108,19.06998418040633,19.168977737426758,3866400,0.0,0.0
2020-12-30 00:00:00-05:00,19.114980183143167,19.393964821190632,19.051983818086214,19.2769718170166,1767000,0.0,0.0
2020-12-31 00:00:00-05:00,19.25897205760686,19.519958956129297,19.123979603708648,19.474960327148438,1938100,0.0,0.0
2021-01-04 00:00:00-05:00,19.50196114569972,19.56495751505212,19.060984843710596,19.20497703552246,3968000,0.0,0.0
2021-01-05 00:00:00-05:00,19.267974126646774,19.474962695564763,19.078985011510103,19.41196632385254,3793500,0.0,0.0
2021-01-06 00:00:00-05:00,19.726954746409376,19.969942282598943,19.636959171910704,19.75395393371582,4349800,0.0,0.0
2021-01-07 00:00:00-05:00,19.76294662541514,19.816944985489773,18.78200044870555,18.790998458862305,6661000,0.0,0.0
2021-01-08 00:00:00-05:00,18.844994558727482,18.86299229340475,18.467014666150522,18.638004302978516,7833500,0.0,0.0
2021-01-11 00:00:00-05:00,18.55701288230018,18.782000905178823,18.51201424781102,18.710004806518555,3489900,0.0,0.0
2021-01-12 00:00:00-05:00,18.67400616543512,18.880994737472154,18.467017593398086,18.629009246826172,4201900,0.0,0.0
2021-01-13 00:00:00-05:00,18.5570101498322,18.84499450206839,18.494012070823665,18.73699951171875,3229100,0.0,0.0
2021-01-14 00:00:00-05:00,18.73699695123917,18.8449919268309,18.52100871657762,18.763996124267578,3707000,0.0,0.0
2021-01-15 00:00:00-05:00,19.168980810508618,19.36697138933498,18.898995842228665,19.312973022460938,5414300,0.0,0.0
2021-01-19 00:00:00-05:00,19.438968380662182,19.60995978383935,19.240977792818306,19.51996421813965,4188600,0.0,0.0
2021-01-20 00:00:00-05:00,19.32196531776381,19.55595300130978,19.15097570467098,19.330965042114258,3790900,0.0,0.0
2021-01-21 00:00:00-05:00,19.366972271406947,19.591960327394883,19.150983943641247,19.51996421813965,3683100,0.0,0.0
2021-01-22 00:00:00-05:00,19.40296666342614,19.429965844190605,19.150981175714083,19.294973373413086,2867100,0.0,0.0
2021-01-25 00:00:00-05:00,19.204972893570787,19.67294827429189,19.123977088579753,19.501956939697266,3758700,0.0,0.0
2021-01-26 00:00:00-05:00,19.55596332651418,19.852947520793826,19.384973623141804,19.75395393371582,3550800,0.0,0.0
2021-01-27 00:00:00-05:00,19.45696251905698,19.64595161050077,18.575008276086088,18.772998809814453,5307100,0.0,0.0
2021-01-28 00:00:00-05:00,18.89899121762291,19.6549510036496,18.826995129264283,19.420963287353516,4579500,0.0,0.0
2021-01-29 00:00:00-05:00,19.26797053147298,19.510957962615045,18.745998484865254,18.9799861907959,4984300,0.0,0.0
2021-02-01 00:00:00-05:00,19.159981240381125,19.438965913775498,18.988989858903484,19.11498260498047,3126400,0.0,0.0
2021-02-02 00:00:00-05:00,19.285972138855954,19.59195596417737,19.150979678631153,19.348968505859375,3703200,0.0,0.0
2021-02-03 00:00:00-05:00,19.303971777515855,19.34896869251745,18.880993223802843,19.033985137939453,3410500,0.0,0.0
2021-02-04 00:00:00-05:00,18.988986611106494,19.30397013894792,18.835994709956207,19.28597068786621,4175000,0.0,0.0
2021-02-05 00:00:00-05:00,19.46596264074842,19.46596264074842,19.132981334015422,19.258974075317383,2425100,0.0,0.0
2021-02-08 00:00:00-05:00,19.20497569596041,19.285971512770352,18.844995241539667,18.92599105834961,3873200,0.0,0.0
2021-02-09 00:00:00-05:00,18.988990245381682,19.204978550133514,18.844998042213795,19.150981903076172,4505400,0.0,0.0
2021-02-10 00:00:00-05:00,19.2679760999218,19.402968584061778,19.141983343594163,19.312973022460938,2561000,0.0,0.0
2021-02-11 00:00:00-05:00,19.330968111845568,19.429963378898922,19.060983204546467,19.123979568481445,2229500,0.0,0.0
2021-02-12 00:00:00-05:00,19.05198531623752,19.294972786154972,18.98898894622685,19.24097442626953,3053900,0.0,0.0
2021-02-16 00:00:00-05:00,19.249971730403534,19.492959169742218,19.132978731752758,19.384965896606445,5351200,0.0,0.0
2021-02-17 00:00:00-05:00,19.47563591160559,19.60257326475153,18.750287019492376,19.520971298217773,7048200,0.16,0.0
2021-02-18 00:00:00-05:00,19.49376839432212,20.03778088143262,19.439367664421475,19.76577377319336,4636000,0.0,0.0
2021-02-19 00:00:00-05:00,19.74764050696738,19.865509038284753,19.42123268275319,19.430299758911133,3970800,0.0,0.0
2021-02-22 00:00:00-05:00,19.203631054606483,19.348700837147735,18.2878769714597,18.741220474243164,7743700,0.0,0.0
2021-02-23 00:00:00-05:00,18.74122151206832,18.986027432176286,18.68682077294488,18.840957641601562,4276100,0.0,0.0
2021-02-24 00:00:00-05:00,18.75935495897219,19.22176554745926,18.596151018404015,18.86815643310547,4136300,0.0,0.0
2021-02-25 00:00:00-05:00,18.85908489344867,19.448432701480314,17.70759396290291,17.90706443786621,9452500,0.0,0.0
2021-02-26 00:00:00-05:00,17.707593771384165,17.99773326978105,17.508121569210438,17.625991821289062,10415200,0.0,0.0
2021-03-01 00:00:00-05:00,17.95239918583218,18.160938478527743,17.743861622504568,17.77106285095215,4653700,0.0,0.0
2021-03-02 00:00:00-05:00,17.85266725881366,17.87079968423441,17.689463324449626,17.743864059448242,4403600,0.0,0.0
2021-03-03 00:00:00-05:00,17.644126611383037,17.807330533481018,17.57159172704705,17.635061264038086,4212900,0.0,0.0
2021-03-04 00:00:00-05:00,17.897998877294103,18.50547915856752,17.734794961523935,18.015869140625,4702800,0.0,0.0
2021-03-05 00:00:00-05:00,18.24254472456982,18.859090483395455,18.17907517659944,18.732154846191406,4830400,0.0,0.0
2021-03-08 00:00:00-05:00,19.076695762369383,19.076695762369383,18.677752988688102,18.86815643310547,5234000,0.0,0.0
2021-03-09 00:00:00-05:00,18.822822899205658,19.085761237920078,18.66868603534953,18.949758529663086,7772000,0.0,0.0
2021-03-10 00:00:00-05:00,18.94068511607993,19.493764571267025,18.93161804131336,19.3305606842041,8416700,0.0,0.0
2021-03-11 00:00:00-05:00,19.33056520869578,19.802042830704966,19.212696667877527,19.30336570739746,5218700,0.0,0.0
2021-03-12 00:00:00-05:00,19.357767378814337,20.01964845950587,19.258031257565307,19.919912338256836,6914100,0.0,0.0
2021-03-15 00:00:00-04:00,19.992446773769203,20.482058562205083,19.91991188615294,20.463924407958984,4398600,0.0,0.0
2021-03-16 00:00:00-04:00,20.32792183014366,20.436725026895985,20.064981780123624,20.34605598449707,6174500,0.0,0.0
2021-03-17 00:00:00-04:00,20.32792202701367,20.436725224819725,20.146583940459635,20.191919326782227,4349300,0.0,0.0
2021-03-18 00:00:00-04:00,20.200983395667773,20.255384121785234,19.874575580227212,19.892709732055664,3531900,0.0,0.0
2021-03-19 00:00:00-04:00,19.947112975959953,20.42765768386242,19.738575391714175,20.182851791381836,9138800,0.0,0.0
2021-03-22 00:00:00-04:00,20.074050655267136,20.29165533889378,19.756711572500134,19.910846710205078,4076800,0.0,0.0
2021-03-23 00:00:00-04:00,19.856438668961683,20.064976197904862,19.675102363981047,19.83830451965332,4970900,0.0,0.0
2021-03-24 00:00:00-04:00,19.765773563764203,20.110315551343053,19.702305757991258,19.720439910888672,3659000,0.0,0.0
2021-03-25 00:00:00-04:00,19.81111190079734,20.31885615207799,19.53003940643801,20.219120025634766,3481100,0.0,0.0
2021-03-26 00:00:00-04:00,20.237253127293435,20.364188751160803,19.729508902455784,19.919912338256836,3745500,0.0,0.0
2021-03-29 00:00:00-04:00,19.84737852638095,20.717798974148913,19.84737852638095,20.536460876464844,4403400,0.0,0.0
2021-03-30 00:00:00-04:00,20.43672537029602,20.681529540707967,20.16471823852872,20.672462463378906,3533100,0.0,0.0
2021-03-31 00:00:00-04:00,20.563662109927936,20.735933129790975,20.35512450814904,20.536460876464844,3533100,0.0,0.0
2021-04-01 00:00:00-04:00,20.536460876464844,20.581796265569995,20.364189856601804,20.536460876464844,1886500,0.0,0.0
2021-04-05 00:00:00-04:00,20.618058455833566,20.908197966833665,20.581791881642502,20.799396514892578,2374300,0.0,0.0
2021-04-06 00:00:00-04:00,20.717796163215592,21.08953765659964,20.67246078026142,21.07140350341797,3248600,0.0,0.0
2021-04-07 00:00:00-04:00,21.17113922240609,21.23460702799232,21.044201881865636,21.180206298828125,3693600,0.0,0.0
2021-04-08 00:00:00-04:00,21.252739188950148,21.28900576187124,20.944465536965602,21.062334060668945,5406400,0.0,0.0
2021-04-09 00:00:00-04:00,21.08953765659964,21.22554034672609,20.971667390286825,21.07140350341797,5558500,0.0,0.0
2021-04-12 00:00:00-04:00,21.09860722845068,21.343413137251467,21.03513941417675,21.16207504272461,6640000,0.0,0.0
2021-04-13 00:00:00-04:00,21.062335746040905,21.524746261019022,20.88099940818955,21.452211380004883,7432400,0.0,0.0
2021-04-14 00:00:00-04:00,21.434077436972665,21.706084540461106,21.307141826298857,21.49754524230957,7981300,0.0,0.0
2021-04-15 00:00:00-04:00,21.506611959457405,21.851153938914063,21.461278307650566,21.805818557739258,5350800,0.0,0.0
2021-04-16 00:00:00-04:00,21.950888780790752,22.032490739255017,21.633549752727507,21.81488609313965,7555400,0.0,0.0
2021-04-19 00:00:00-04:00,21.823956327030324,21.842090482505565,21.47034894210434,21.561017990112305,5962100,0.0,0.0
2021-04-20 00:00:00-04:00,21.57914898812832,22.050626623073114,21.49754702325833,21.969024658203125,5103500,0.0,0.0
2021-04-21 00:00:00-04:00,22.014362792335895,22.086897689124136,21.833024685681114,22.02342987060547,5157100,0.0,0.0
2021-04-22 00:00:00-04:00,22.03249371858487,22.141296921039398,21.905558090194784,21.91462516784668,6085500,0.0,0.0
2021-04-23 00:00:00-04:00,21.91462524432791,22.05062795084454,21.7060876457112,21.87835693359375,7151200,0.0,0.0
2021-04-26 00:00:00-04:00,21.941826144460343,21.96902564773003,21.706087316369818,21.751420974731445,4934600,0.0,0.0
2021-04-27 00:00:00-04:00,21.742349797399587,21.78768517658089,21.479411515619603,21.588212966918945,8512500,0.0,0.0
2021-04-28 00:00:00-04:00,21.533812314986587,21.706083297729492,21.406876711580182,21.706083297729492,9395300,0.0,0.0
2021-04-29 00:00:00-04:00,21.760487907713276,22.449570232315047,21.72421959777035,22.222898483276367,11206200,0.0,0.0
2021-04-30 00:00:00-04:00,22.250098798034397,22.277298300001554,21.950890441450632,22.204763412475586,4514700,0.0,0.0
2021-05-03 00:00:00-04:00,22.231961601362904,22.40423085480692,22.08689184616379,22.141292572021484,2949600,0.0,0.0
2021-05-04 00:00:00-04:00,22.14129482187679,22.331698246410234,22.014359205521163,22.268230438232422,3088700,0.0,0.0
2021-05-05 00:00:00-04:00,22.231963168646935,22.241030245157067,21.81488629602094,22.014358520507812,8980300,0.0,0.0
2021-05-06 00:00:00-04:00,22.032493262121637,22.377035288282652,21.62448515244869,22.10502815246582,4955300,0.0,0.0
2021-05-07 00:00:00-04:00,22.032492406088362,22.422368075053488,21.724218701760964,22.204763412475586,4627800,0.0,0.0
2021-05-10 00:00:00-04:00,22.367963962053032,22.49489956370205,22.16849348383774,22.21382713317871,4913300,0.0,0.0
2021-05-11 00:00:00-04:00,22.150360394642437,22.150360394642437,21.570081354283168,21.72421646118164,6200500,0.0,0.0
2021-05-12 00:00:00-04:00,21.878353121371386,21.950888000832535,21.425009692397218,21.443143844604492,9466200,0.0,0.0
2021-05-13 00:00:00-04:00,21.37967937309064,22.222898559090094,21.37967937309064,22.186630249023438,9506800,0.0,0.0
2021-05-14 00:00:00-04:00,22.349835394972708,22.857579657803292,22.18663144957794,22.68531036376953,12058500,0.0,0.0
2021-05-17 00:00:00-04:00,22.576505714625508,22.866645274848675,22.467704244225917,22.69437599182129,7228800,0.0,0.0
2021-05-18 00:00:00-04:00,22.658108549800378,22.67624270535082,22.38610313401677,22.395170211791992,10316200,0.0,0.0
2021-05-19 00:00:00-04:00,22.313033392327448,22.34953642616393,21.874984801785516,22.340410232543945,5121500,0.16,0.0
2021-05-20 00:00:00-04:00,22.34040879886279,22.63244001338753,22.249148609162972,22.541181564331055,4258600,0.0,0.0
2021-05-21 00:00:00-04:00,22.59593728597608,22.678071283746892,22.42254309727733,22.55030632019043,2684100,0.0,0.0
2021-05-24 00:00:00-04:00,22.751078373949454,23.006604811751817,22.632439607275522,22.84233856201172,3446100,0.0,0.0
2021-05-25 00:00:00-04:00,22.81496164309745,22.81496164309745,22.586812026666475,22.76020622253418,3531800,0.0,0.0
2021-05-26 00:00:00-04:00,22.796707380088232,22.94272298333696,22.623314939132424,22.915346145629883,3707700,0.0,0.0
2021-05-27 00:00:00-04:00,23.01573703779246,23.097871054514147,22.85147074499284,22.88797378540039,10274900,0.0,0.0
2021-05-28 00:00:00-04:00,22.988352853238826,23.134368449538677,22.95184808384226,23.08873748779297,3939100,0.0,0.0
2021-06-01 00:00:00-04:00,23.170872580993514,23.17999877377697,22.805833572871688,22.915346145629883,4702300,0.0,0.0
2021-06-02 00:00:00-04:00,22.915350930638002,23.04311417499836,22.79671214032311,22.897098541259766,4806400,0.0,0.0
2021-06-03 00:00:00-04:00,22.787582230728454,23.335141638305107,22.632440427592456,23.170873641967773,5022100,0.0,0.0
2021-06-04 00:00:00-04:00,23.18912459046259,23.29863716144463,23.116116790022318,23.17999839782715,4283100,0.0,0.0
2021-06-07 00:00:00-04:00,23.253010503568753,23.353396900501917,23.13437345862885,23.344270706176758,3389700,0.0,0.0
2021-06-08 00:00:00-04:00,23.40815451150507,23.49028852745704,23.180004854003766,23.234760284423828,5474700,0.0,0.0
2021-06-09 00:00:00-04:00,23.31688927896414,23.691054497436383,23.225630828131592,23.517662048339844,5567700,0.0,0.0
2021-06-10 00:00:00-04:00,23.508538241995854,23.76406645594404,23.508538241995854,23.68193244934082,4101400,0.0,0.0
2021-06-11 00:00:00-04:00,23.64543080302031,23.88270666010253,23.581549176237363,23.86445426940918,4538400,0.0,0.0
2021-06-14 00:00:00-04:00,23.88269898414024,23.891825176553734,23.563289212240864,23.709304809570312,6064700,0.0,0.0
2021-06-15 00:00:00-04:00,23.782316905269067,23.855324717124983,23.6545536696821,23.718435287475586,5147400,0.0,0.0
2021-06-16 00:00:00-04:00,23.691057112400674,23.791443508168943,23.079617765502494,23.298641204833984,7250800,0.0,0.0
2021-06-17 00:00:00-04:00,23.508537486252227,23.554166714834455,23.070490625546263,23.125246047973633,7436700,0.0,0.0
2021-06-18 00:00:00-04:00,22.878842536217146,23.125244531952188,22.44079570422821,22.477298736572266,16591000,0.0,0.0
2021-06-21 00:00:00-04:00,22.586812026666475,22.833214030166353,22.45904879847103,22.76020622253418,4390300,0.0,0.0
2021-06-22 00:00:00-04:00,22.678073141290252,22.79671018076369,22.532057520102864,22.62331771850586,5162100,0.0,0.0
2021-06-23 00:00:00-04:00,22.56855840279066,22.668944785524793,22.240024156771998,22.541181564331055,5208500,0.0,0.0
2021-06-24 00:00:00-04:00,22.5868136609117,22.5868136609117,22.25827763247432,22.36779022216797,4206400,0.0,0.0
2021-06-25 00:00:00-04:00,22.36778954094916,22.668946977630387,22.358663347032333,22.58681297302246,5853700,0.0,0.0
2021-06-28 00:00:00-04:00,22.678071506716396,22.72370073230731,22.3951664786373,22.477298736572266,3234100,0.0,0.0
2021-06-29 00:00:00-04:00,22.47730204608143,22.60506702970591,22.258278597838427,22.349538803100586,5513000,0.0,0.0
2021-06-30 00:00:00-04:00,22.395165456339242,22.532054867506613,22.112258700530937,22.37691307067871,8231600,0.0,0.0
2021-07-01 00:00:00-04:00,22.431672120613662,22.705450987296498,22.167019448239397,22.568561553955078,3951200,0.0,0.0
2021-07-02 00:00:00-04:00,22.595938715528128,22.7419543339933,22.386041481564884,22.73282814025879,5173700,0.0,0.0
2021-07-06 00:00:00-04:00,22.623318261242616,22.723702915314995,22.276529847120436,22.714576721191406,6799000,0.0,0.0
2021-07-07 00:00:00-04:00,22.641572435377142,22.86059590652656,22.4955567879442,22.824092864990234,5929800,0.0,0.0
2021-07-08 00:00:00-04:00,22.53205759457567,23.07961704615991,22.504679012771227,23.05223846435547,12780600,0.0,0.0
2021-07-09 00:00:00-04:00,23.161745327590552,23.280384087699513,23.0066035386626,23.243879318237305,9652000,0.0,0.0
2021-07-12 00:00:00-04:00,23.134372027669905,23.180001255829755,22.933599246222215,23.006607055664062,4972300,0.0,0.0
2021-07-13 00:00:00-04:00,22.915347759370636,22.960976985857922,22.513803951837534,22.522930145263672,3991600,0.0,0.0
2021-07-14 00:00:00-04:00,22.53205468333913,22.760204280301046,22.41341591815869,22.60506248474121,3627200,0.0,0.0
2021-07-15 00:00:00-04:00,22.513804070869583,23.143497495455183,22.513804070869583,23.106992721557617,4640600,0.0,0.0
2021-07-16 00:00:00-04:00,23.152622530228992,23.453779937238423,23.116117758158353,23.3533935546875,4508500,0.0,0.0
2021-07-19 00:00:00-04:00,23.17087519591552,23.28038778103263,22.431670903466383,22.696325302124023,5600000,0.0,0.0
2021-07-20 00:00:00-04:00,22.74195578966535,23.07961801688138,22.678074170078325,23.033987045288086,4873200,0.0,0.0
2021-07-21 00:00:00-04:00,23.152624613015167,23.326017074018903,22.915348795140932,22.970104217529297,2836800,0.0,0.0
2021-07-22 00:00:00-04:00,22.93359700943067,23.070488161845716,22.787581404788373,22.84233856201172,3448400,0.0,0.0
2021-07-23 00:00:00-04:00,22.93359800705092,23.006605812547935,22.760205556897628,22.979228973388672,3064600,0.0,0.0
2021-07-26 00:00:00-04:00,22.997481385951602,23.198252416134775,22.997481385951602,23.134370803833008,3132300,0.0,0.0
2021-07-27 00:00:00-04:00,23.02485827622483,23.453780658019806,22.951850470483212,23.44465446472168,3211100,0.0,0.0
2021-07-28 00:00:00-04:00,23.462907520328308,23.53591707421144,23.24388408060962,23.417278289794922,3128600,0.0,0.0
2021-07-29 00:00:00-04:00,23.49941137121225,23.58154537545049,23.30776652175202,23.554166793823242,3253400,0.0,0.0
2021-07-30 00:00:00-04:00,23.53591950334355,23.764069160844855,23.134375618761005,23.234760284423828,6769300,0.0,0.0
2021-08-02 00:00:00-04:00,23.27125958470711,23.51766157453488,23.22563036021012,23.3168888092041,4557400,0.0,0.0
2021-08-03 00:00:00-04:00,23.417280160108596,23.627177422356162,23.16175192303957,23.60892677307129,3852400,0.0,0.0
2021-08-04 00:00:00-04:00,23.490286071527358,23.572420078892144,23.070491581123832,23.45378303527832,3747300,0.0,0.0
2021-08-05 00:00:00-04:00,23.56329325758405,23.96483708949864,23.44465621712749,23.946584701538086,6344100,0.0,0.0
2021-08-06 00:00:00-04:00,23.973960713929344,24.567149333920728,23.900952910555688,24.165605545043945,4921500,0.0,0.0
2021-08-09 00:00:00-04:00,24.1291015239601,24.238612354207042,23.973959730574208,24.220361709594727,3778900,0.0,0.0
2021-08-10 00:00:00-04:00,24.220363395101824,24.375503458640726,24.037843011130885,24.293371200561523,5009700,0.0,0.0
2021-08-11 00:00:00-04:00,24.302496447260648,24.49414303075649,24.147354638009134,24.466764450073242,5059600,0.0,0.0
2021-08-12 00:00:00-04:00,24.4485130586545,24.485016091143148,24.211237255226422,24.41200828552246,2492700,0.0,0.0
2021-08-13 00:00:00-04:00,24.521521856585917,24.567151084204053,24.32074907752183,24.548898696899414,2225200,0.0,0.0
2021-08-16 00:00:00-04:00,24.512394643271293,24.822678251969162,24.430260644460482,24.44851303100586,4222600,0.0,0.0
2021-08-17 00:00:00-04:00,24.348134967576446,24.512403021343093,24.001346467259296,24.503276824951172,5068900,0.0,0.0
2021-08-18 00:00:00-04:00,24.4940900728011,24.4940900728011,24.136043593448807,24.237030029296875,4811000,0.16,0.0
2021-08-19 00:00:00-04:00,24.154404601995115,24.48491013509682,23.75963449325216,23.796358108520508,8494500,0.0,0.0
2021-08-20 00:00:00-04:00,23.750453854839627,24.209488510509615,23.594382001868702,24.18194580078125,5628300,0.0,0.0
2021-08-23 00:00:00-04:00,24.246206836380082,24.319652300532997,23.952424979768416,24.035051345825195,4007400,0.0,0.0
2021-08-24 00:00:00-04:00,24.126860893924075,24.126860893924075,23.704548121825134,23.722909927368164,3806600,0.0,0.0
2021-08-25 00:00:00-04:00,23.704546834640038,23.787173204018814,23.5851986072474,23.61273956298828,4962200,0.0,0.0
2021-08-26 00:00:00-04:00,23.566836225342644,23.594378931486826,23.236330755924527,23.29141616821289,3942800,0.0,0.0
2021-08-27 00:00:00-04:00,23.37404236695787,23.60355968046411,23.263875037078634,23.52093505859375,3956200,0.0,0.0
2021-08-30 00:00:00-04:00,23.493391685631636,23.530113544192634,23.25469347621185,23.300596237182617,3618200,0.0,0.0
2021-08-31 00:00:00-04:00,23.236333594770556,23.33732177855921,22.804841652263264,23.034358978271484,10819700,0.0,0.0
2021-09-01 00:00:00-04:00,23.107806750727928,23.585203256563073,23.107806750727928,23.419950485229492,5740700,0.0,0.0
2021-09-02 00:00:00-04:00,23.429126422356884,23.67700552680709,23.410764618083974,23.65864372253418,4559400,0.0,0.0
2021-09-03 00:00:00-04:00,23.658642604971376,23.87897899260419,23.520932581585612,23.814714431762695,6942900,0.0,0.0
2021-09-07 00:00:00-04:00,23.86980230848334,23.989150549551322,23.60356136529423,23.686187744140625,7051200,0.0,0.0
2021-09-08 00:00:00-04:00,23.6861859518317,24.475726067252133,23.594380427685433,24.301292419433594,5135400,0.0,0.0
2021-09-09 00:00:00-04:00,24.282932335554015,24.51244964779525,24.16358235258482,24.38391876220703,6323200,0.0,0.0
2021-09-10 00:00:00-04:00,24.503269110538795,24.512450013294714,24.025872673699926,24.071775436401367,5470000,0.0,0.0
2021-09-13 00:00:00-04:00,24.27375508131784,24.383922427148203,23.87898496475586,24.016695022583008,4736600,0.0,0.0
2021-09-14 00:00:00-04:00,24.025874723193343,24.191127484740232,23.539297342091757,23.557659149169922,4890200,0.0,0.0
2021-09-15 00:00:00-04:00,23.557659298489092,23.557659298489092,22.9884572840845,23.043540954589844,5948500,0.0,0.0
2021-09-16 00:00:00-04:00,22.988455298753433,23.052719867306028,22.612045288085938,22.612045288085938,7032400,0.0,0.0
2021-09-17 00:00:00-04:00,22.474337138753462,22.758939896396424,22.391710757641416,22.428434371948242,11907700,0.0,0.0
2021-09-20 00:00:00-04:00,22.364168707760623,22.841563412928696,22.336625998373183,22.68549156188965,9682400,0.0,0.0
2021-09-21 00:00:00-04:00,22.786480983839343,23.135348317397455,22.768119176582957,22.87828826904297,9581400,0.0,0.0
2021-09-22 00:00:00-04:00,22.942551060544595,22.988455575118426,22.501878227104942,22.547780990600586,7099300,0.0,0.0
2021-09-23 00:00:00-04:00,22.566147070218207,23.217977291990813,22.49270158406847,22.76812171936035,9926900,0.0,0.0
2021-09-24 00:00:00-04:00,23.02517370135338,23.41994370727148,22.960909142450973,23.328136444091797,10294800,0.0,0.0
2021-09-27 00:00:00-04:00,23.475034201794344,23.72291335925031,23.27305956483675,23.337324142456055,7895500,0.0,0.0
2021-09-28 00:00:00-04:00,23.227151312421604,23.383223154883108,22.74057573086607,22.90582847595215,9988200,0.0,0.0
2021-09-29 00:00:00-04:00,22.905826283087816,23.34649906041128,22.878283577850866,23.052717208862305,4807600,0.0,0.0
2021-09-30 00:00:00-04:00,23.089444444641618,23.227154500757102,22.56614518075576,22.58450698852539,4725300,0.0,0.0
2021-10-01 00:00:00-04:00,23.126167172965296,23.18125084308258,22.694673462324737,22.859926223754883,6295300,0.0,0.0
2021-10-04 00:00:00-04:00,22.777295407865957,23.520932689501254,22.777295407865957,23.401582717895508,6230200,0.0,0.0
2021-10-05 00:00:00-04:00,23.374041677557212,23.833076291030793,23.300596209444564,23.383222579956055,5445000,0.0,0.0
2021-10-06 00:00:00-04:00,23.29141850584299,23.6953677300317,22.869105724637098,23.6770076751709,5392000,0.0,0.0
2021-10-07 00:00:00-04:00,23.69536731320525,23.915703727362647,23.47503089904785,23.47503089904785,5886000,0.0,0.0
2021-10-08 00:00:00-04:00,23.40158236940051,23.61273785315483,23.28223415065005,23.447486877441406,3119100,0.0,0.0
2021-10-11 00:00:00-04:00,23.465846929579833,23.557654194583687,23.346498710829373,23.447486877441406,3452900,0.0,0.0
2021-10-12 00:00:00-04:00,23.53011652340518,23.92488662161783,23.465851949478157,23.906526565551758,5362700,0.0,0.0
2021-10-13 00:00:00-04:00,23.89734414366105,23.970789616493906,23.686186877073172,23.77799415588379,6043000,0.0,0.0
2021-10-14 00:00:00-04:00,23.869803390184813,24.393102645874023,23.81471971881709,24.393102645874023,5033300,0.0,0.0
2021-10-15 00:00:00-04:00,24.494088854163092,24.714425272885197,24.319655199353768,24.558353424072266,4665800,0.0,0.0
2021-10-18 00:00:00-04:00,24.393100789712406,24.411462595797207,24.03505432644979,24.044235229492188,3230800,0.0,0.0
2021-10-19 00:00:00-04:00,24.21866965732427,24.25539327331998,23.98915231058622,24.016695022583008,3680900,0.0,0.0
2021-10-20 00:00:00-04:00,24.237029445894294,24.54917315153651,24.163583971100724,24.448184967041016,2440100,0.0,0.0
2021-10-21 00:00:00-04:00,24.429825701588502,24.53081213827115,24.301294803235038,24.3380184173584,3389700,0.0,0.0
2021-10-22 00:00:00-04:00,24.38392058715024,24.48490877243955,24.310475111779358,24.36556053161621,5155500,0.0,0.0
2021-10-25 00:00:00-04:00,24.338019131141515,24.659343759831508,24.209489980096862,24.576717376708984,3868000,0.0,0.0
2021-10-26 00:00:00-04:00,24.595077309612062,24.72360645085991,24.4757273203863,24.494089126586914,2946000,0.0,0.0
2021-10-27 00:00:00-04:00,24.484911140545663,24.503272948933844,24.15440559387207,24.15440559387207,3292000,0.0,0.0
2021-10-28 00:00:00-04:00,24.12686073852297,24.237028068915258,23.924884381006866,24.13604164123535,3268400,0.0,0.0
2021-10-29 00:00:00-04:00,24.10850119090502,24.23703033875907,23.713731092692374,23.906526565551758,3794700,0.0,0.0
2021-11-01 00:00:00-04:00,23.979969797281157,24.191125306431495,23.90652432666025,24.13604164123535,3730100,0.0,0.0
2021-11-02 00:00:00-04:00,24.209487982099,24.209487982099,23.71372972427857,24.044235229492188,5620500,0.0,0.0
2021-11-03 00:00:00-04:00,23.915703478294486,24.255389874340022,23.878981618523106,24.13604164123535,3350900,0.0,0.0
2021-11-04 00:00:00-04:00,24.273752773362226,24.549172862829504,24.154402783802375,24.32883644104004,3364800,0.0,0.0
2021-11-05 00:00:00-04:00,24.521630920191203,24.686883679469965,24.264572628938268,24.484909057617188,3179000,0.0,0.0
2021-11-08 00:00:00-05:00,24.402282154546736,24.530811297416243,24.126862062375437,24.347198486328125,2692900,0.0,0.0
2021-11-09 00:00:00-05:00,24.347198486328125,24.42982486419516,24.246210302028803,24.347198486328125,2569800,0.0,0.0
2021-11-10 00:00:00-05:00,24.33801623960789,24.62261721928482,24.28293257443,24.402280807495117,3423800,0.0,0.0
2021-11-11 00:00:00-05:00,24.29211461214103,24.604258337030924,24.282935459419285,24.576717376708984,5399700,0.0,0.0
2021-11-12 00:00:00-05:00,24.521631196657644,24.595078424790305,24.080958334331484,24.420644760131836,3447300,0.0,0.0
2021-11-15 00:00:00-05:00,24.58589630500284,24.751147306891415,24.503269928519448,24.741968154907227,2800600,0.0,0.0
2021-11-16 00:00:00-05:00,24.769508340617776,24.769508340617776,24.558352830001752,24.585895538330078,2463000,0.0,0.0
2021-11-17 00:00:00-05:00,24.595135532073964,24.678288010267956,24.428827051155807,24.669050216674805,2253300,0.17,0.0
2021-11-18 00:00:00-05:00,24.659811623326057,24.779922329641114,24.354913317163824,24.410348892211914,3041700,0.0,0.0
2021-11-19 00:00:00-05:00,24.30871628834623,24.558179027180444,24.077732662521633,24.530460357666016,3468600,0.0,0.0
2021-11-22 00:00:00-05:00,24.521220052901672,24.669049417313172,24.253278228490185,24.595134735107422,4272500,0.0,0.0
2021-11-23 00:00:00-05:00,24.74296446059253,24.816879143876914,24.530458204167996,24.585895538330078,2102900,0.0,0.0
2021-11-24 00:00:00-05:00,24.595138578304997,24.789163988563807,24.51198432754685,24.733728408813477,2025200,0.0,0.0
2021-11-26 00:00:00-05:00,24.40110882265584,24.43806704675383,24.086970966883392,24.234800338745117,3530300,0.0,0.0
2021-11-29 00:00:00-05:00,24.447306577536473,24.632094186625668,24.225562503988588,24.567419052124023,3135700,0.0,0.0
2021-11-30 00:00:00-05:00,24.28099876004606,24.410349023274488,23.92990267090437,23.93914222717285,8311300,0.0,0.0
2021-12-01 00:00:00-05:00,24.290240222581218,24.622855463023992,23.791314718519104,23.800554275512695,3412800,0.0,0.0
2021-12-02 00:00:00-05:00,23.911421398921245,24.46578238910959,23.865225384015968,24.22555923461914,3471600,0.0,0.0
2021-12-03 00:00:00-05:00,24.354910622707926,24.91850939158542,24.299473291527875,24.90003204345703,5727200,0.0,0.0
2021-12-06 00:00:00-05:00,25.0201460343449,25.759292924854936,24.95547090170842,25.61146354675293,5129600,0.0,0.0
2021-12-07 00:00:00-05:00,25.6391799967285,25.925599171726212,25.565265314075383,25.75929069519043,3736600,0.0,0.0
2021-12-08 00:00:00-05:00,25.75005277014992,25.796248785722476,25.519069167757085,25.52830696105957,3228000,0.0,0.0
2021-12-09 00:00:00-05:00,25.48211255975831,25.666900158284736,25.371239648189423,25.44515609741211,3878500,0.0,0.0
2021-12-10 00:00:00-05:00,25.629940942684183,25.823968089861328,25.47287201868938,25.75005340576172,4072100,0.0,0.0
2021-12-13 00:00:00-05:00,25.76852961687005,25.990273659374257,25.70385449142278,25.870162963867188,3413100,0.0,0.0
2021-12-14 00:00:00-05:00,25.842443408692073,25.990272765276025,25.574503360733008,25.703853607177734,5183600,0.0,0.0
2021-12-15 00:00:00-05:00,25.75005459943035,25.99951556841486,25.639181687008776,25.953319549560547,3085400,0.0,0.0
2021-12-16 00:00:00-05:00,25.860926033986637,26.212022125295086,25.75005488261094,25.851686477661133,4859500,0.0,0.0
2021-12-17 00:00:00-05:00,25.592985486412836,25.759292210466473,24.715247036292645,24.927751541137695,20978300,0.0,0.0
2021-12-20 00:00:00-05:00,24.632093966752613,24.983190068435054,24.216322731145837,24.946231842041016,5979500,0.0,0.0
2021-12-21 00:00:00-05:00,25.103302746745353,25.398961532004147,25.03862760775316,25.223413467407227,3918900,0.0,0.0
2021-12-22 00:00:00-05:00,25.167976837043536,25.426679144498113,25.075583029933668,25.389720916748047,2565000,0.0,0.0
2021-12-23 00:00:00-05:00,25.398959034615373,25.54678841270924,25.343523458396472,25.426677703857422,3353500,0.0,0.0
2021-12-27 00:00:00-05:00,25.31580060638045,25.509827734486482,25.27884414909567,25.48210906982422,2132800,0.0,0.0
2021-12-28 00:00:00-05:00,25.44515393749383,25.759290008699004,25.435914382125297,25.7315731048584,2119100,0.0,0.0
2021-12-29 00:00:00-05:00,25.805485963199736,25.916357095262608,25.602219283976346,25.823965072631836,2618600,0.0,0.0
2021-12-30 00:00:00-05:00,25.86092215847914,25.925597280800304,25.629938571752177,25.713092803955078,2815300,0.0,0.0
2021-12-31 00:00:00-05:00,25.657658036845657,25.879402075548022,25.565264246820096,25.78700828552246,3039300,0.0,0.0
2022-01-03 00:00:00-05:00,25.796247367003538,25.833203824976078,25.325040632565358,25.519067764282227,5835900,0.0,0.0
2022-01-04 00:00:00-05:00,25.565268286781297,25.703858112587866,25.352763769726877,25.362003326416016,8767900,0.0,0.0
2022-01-05 00:00:00-05:00,25.334282999309103,25.50983104039015,25.075580715729938,25.306564331054688,6831100,0.0,0.0
2022-01-06 00:00:00-05:00,25.43591421544836,25.602220924197205,25.177211953619626,25.546785354614258,5521500,0.0,0.0
2022-01-07 00:00:00-05:00,25.55602264404297,25.82396443742311,25.417432851240925,25.55602264404297,5208400,0.0,0.0
2022-01-10 00:00:00-05:00,25.67613975583307,25.79625046148329,25.41743746993202,25.5837459564209,8316300,0.0,0.0
2022-01-11 00:00:00-05:00,25.565266251785765,25.63918093715001,25.13101769555398,25.31580352783203,3063200,0.0,0.0
2022-01-12 00:00:00-05:00,25.28808780906403,25.44515674311779,25.177214894681594,25.33428382873535,2423000,0.0,0.0
2022-01-13 00:00:00-05:00,24.87231545886903,25.537547628303237,24.761442549497442,25.45439338684082,5675900,0.0,0.0
2022-01-14 00:00:00-05:00,25.48210990193747,25.546785025996467,25.05710093682694,25.509828567504883,3099700,0.0,0.0
2022-01-18 00:00:00-05:00,25.34352258977891,25.500591518903448,25.066341193654065,25.26036834716797,4735800,0.0,0.0
2022-01-19 00:00:00-05:00,25.325041205943055,25.676137257088392,25.241886970791,25.26960563659668,3527200,0.0,0.0
2022-01-20 00:00:00-05:00,25.278848466430116,25.3989591759503,25.057104398055404,25.140256881713867,7282800,0.0,0.0
2022-01-21 00:00:00-05:00,25.19569321675171,25.722335578444245,25.158734992362344,25.26036834716797,5908600,0.0,0.0
2022-01-24 00:00:00-05:00,25.084819434702048,25.315803042318578,24.530458423969364,25.094058990478516,6962700,0.0,0.0
2022-01-25 00:00:00-05:00,24.83535608651715,25.408196194294216,24.641330706920666,25.204931259155273,4461900,0.0,0.0
2022-01-26 00:00:00-05:00,25.32504683568945,25.65766385023828,25.03862760775316,25.223413467407227,4228200,0.0,0.0
2022-01-27 00:00:00-05:00,25.519071468062478,25.78701155461264,25.140256704707795,25.288087844848633,4395500,0.0,0.0
2022-01-28 00:00:00-05:00,25.22340965080557,25.750053764908827,25.140255409750587,25.740814208984375,4280100,0.0,0.0
2022-01-31 00:00:00-05:00,25.491351724779992,26.21202123325716,25.445155706989777,26.202781677246094,3659500,0.0,0.0
2022-02-01 00:00:00-05:00,26.091907811666612,26.258216289243926,25.694615729068598,25.94407844543457,4490600,0.0,0.0
2022-02-02 00:00:00-05:00,25.953318485149342,26.332131463467135,25.86092468896486,26.165822982788086,6498300,0.0,0.0
2022-02-03 00:00:00-05:00,26.138108669967036,26.35061318868256,25.99027752405052,26.008756637573242,4469100,0.0,0.0
2022-02-04 00:00:00-05:00,25.833205018105495,25.97179658813206,25.417435594820848,25.768529891967773,4661700,0.0,0.0
2022-02-07 00:00:00-05:00,25.713094840413866,26.027232684223225,25.666898824315748,25.94407844543457,2828700,0.0,0.0
2022-02-08 00:00:00-05:00,26.09190753293861,26.23049734201753,25.93483861271183,26.045711517333984,2144200,0.0,0.0
2022-02-09 00:00:00-05:00,26.221261226383564,26.29517591840678,26.054954491030276,26.101150512695312,2813000,0.0,0.0
2022-02-10 00:00:00-05:00,25.860922490154184,26.073426969724853,25.435913531012844,25.519067764282227,5685000,0.0,0.0
2022-02-11 00:00:00-05:00,25.657660049057345,25.777770751924827,25.13101769555398,25.31580352783203,5032800,0.0,0.0
2022-02-14 00:00:00-05:00,25.398957152800598,25.500590503559536,24.585895633524263,24.863075256347656,3886500,0.0,0.0
2022-02-15 00:00:00-05:00,25.112540627813203,25.297326475132866,24.69676938737977,24.8445987701416,3953100,0.0,0.0
2022-02-16 00:00:00-05:00,24.78880807243687,25.039857943602694,24.686528101189214,24.993366241455078,4993300,0.17,0.0
2022-02-17 00:00:00-05:00,24.946878466522172,25.049158446599957,24.565655343385103,24.928281784057617,7949100,0.0,0.0
2022-02-18 00:00:00-05:00,24.81670214682791,25.123540275386166,24.61214221213772,24.74231719970703,14096300,0.0,0.0
2022-02-22 00:00:00-05:00,25.56984808669797,25.67212804655737,24.798103651747613,25.290904998779297,6208300,0.0,0.0
2022-02-23 00:00:00-05:00,25.421082362429456,25.53265890646095,24.621442778469277,24.630741119384766,4061100,0.0,0.0
2022-02-24 00:00:00-05:00,24.38898934695348,24.788809135178486,24.175132828337325,24.6865291595459,6657000,0.0,0.0
2022-02-25 00:00:00-05:00,24.974769768916605,25.541954311755546,24.872489804078786,25.458271026611328,5303300,0.0,0.0
2022-02-28 00:00:00-05:00,25.19792478282382,25.644234457761357,25.179328102998838,25.430377960205078,6521300,0.0,0.0
2022-03-01 00:00:00-05:00,25.37459110515713,25.588447614604863,24.779509732007345,24.993366241455078,5494400,0.0,0.0
2022-03-02 00:00:00-05:00,25.086348986744515,25.885988564436825,24.993367351795637,25.774410247802734,4961200,0.0,0.0
2022-03-03 00:00:00-05:00,25.85809191838579,26.369489991757455,25.839497011345255,26.257911682128906,4753400,0.0,0.0
2022-03-04 00:00:00-05:00,26.13703819649476,26.96457101531412,26.081248151973313,26.955272674560547,5433500,0.0,0.0
2022-03-07 00:00:00-05:00,26.880886629858868,27.01105984816575,26.406681911556113,26.713520050048828,5326400,0.0,0.0
2022-03-08 00:00:00-05:00,26.8808892726714,26.9645725708038,26.49966614716925,26.5368595123291,4404800,0.0,0.0
2022-03-09 00:00:00-05:00,26.77860776347139,26.871589397586483,26.350894729409987,26.388086318969727,3795400,0.0,0.0
2022-03-10 00:00:00-05:00,26.341595481310105,26.713520231482303,26.239315509958836,26.685626983642578,3712100,0.0,0.0
2022-03-11 00:00:00-05:00,26.657732766460416,26.899484304734095,26.434577909625595,26.453174591064453,2567800,0.0,0.0
2022-03-14 00:00:00-04:00,26.63913230318186,26.852988788936994,26.276505933990382,26.415977478027344,3480800,0.0,0.0
2022-03-15 00:00:00-04:00,26.741414568667356,26.918079485533404,26.564749651801307,26.852991104125977,5337400,0.0,0.0
2022-03-16 00:00:00-04:00,26.852991253665426,26.95527122296962,26.36948997485711,26.84369468688965,5853200,0.0,0.0
2022-03-17 00:00:00-04:00,26.880885548055033,27.20632035420241,26.704220634978967,27.03895378112793,4502100,0.0,0.0
2022-03-18 00:00:00-04:00,27.057550507460572,27.252810327397125,26.815798987436494,27.011058807373047,10395800,0.0,0.0
2022-03-21 00:00:00-04:00,27.178424073938924,27.531753883707214,27.104039130852485,27.401578903198242,3829600,0.0,0.0
2022-03-22 00:00:00-04:00,27.420175582339088,27.55034878937112,27.29000237530705,27.401578903198242,5292800,0.0,0.0
2022-03-23 00:00:00-04:00,27.448074045426022,27.717718832897425,27.252812436898246,27.54105567932129,4102800,0.0,0.0
2022-03-24 00:00:00-04:00,27.541053258867887,27.75490975659815,27.485263219347555,27.689823150634766,3152200,0.0,0.0
2022-03-25 00:00:00-04:00,27.736314820467484,28.294202836404743,27.699123231926126,28.275606155395508,3200400,0.0,0.0
2022-03-28 00:00:00-04:00,28.257007614184488,28.284902633861968,28.005959530995145,28.247709274291992,3370100,0.0,0.0
2022-03-29 00:00:00-04:00,28.284905105410697,28.638233184814453,28.18262513113299,28.638233184814453,4047600,0.0,0.0
2022-03-30 00:00:00-04:00,28.526654907728872,28.796299677859533,28.50805822745033,28.61963653564453,4332400,0.0,0.0
2022-03-31 00:00:00-04:00,28.480163558549677,28.90787834284997,28.303500414154204,28.48946189880371,6440300,0.0,0.0
2022-04-01 00:00:00-04:00,28.517359097820215,29.04735211844346,28.331395825489125,28.963668823242188,4214100,0.0,0.0
2022-04-04 00:00:00-04:00,28.712615889835334,28.84279087604009,28.28490289174303,28.75910758972168,3435000,0.0,0.0
2022-04-05 00:00:00-04:00,28.814897473574437,29.186822226157386,28.814897473574437,28.85209083557129,5203800,0.0,0.0
2022-04-06 00:00:00-04:00,28.972967119806814,29.595941775640924,28.861390575360904,29.54015350341797,5203900,0.0,0.0
2022-04-07 00:00:00-04:00,29.5122594514107,29.902780916772468,29.224017966386644,29.763307571411133,9364500,0.0,0.0
2022-04-08 00:00:00-04:00,29.884181026157172,30.395577325992182,29.726112788730102,30.209617614746094,6152500,0.0,0.0
2022-04-11 00:00:00-04:00,30.25610437289852,30.42347093304982,29.912071139835422,29.96786117553711,5720700,0.0,0.0
2022-04-12 00:00:00-04:00,29.819095058125704,30.265404759217216,29.679623498219243,29.986461639404297,4824900,0.0,0.0
2022-04-13 00:00:00-04:00,30.03294941721892,30.18171930692768,29.71681295821855,30.051546096801758,3729300,0.0,0.0
2022-04-14 00:00:00-04:00,30.19102120975101,30.33979110827802,30.05154787808949,30.125934600830078,5403500,0.0,0.0
2022-04-18 00:00:00-04:00,30.209612321486052,30.358382192588284,29.91206903232808,30.01434898376465,3255100,0.0,0.0
2022-04-19 00:00:00-04:00,30.12593702166051,30.24681013539572,29.781903721771048,29.912076950073242,5251600,0.0,0.0
2022-04-20 00:00:00-04:00,30.26540506781965,30.59084166671489,30.172425209252005,30.45136833190918,4812800,0.0,0.0
2022-04-21 00:00:00-04:00,30.497857797969836,30.683821059234823,29.89348163255136,29.995758056640625,8136800,0.0,0.0
2022-04-22 00:00:00-04:00,30.0422530382948,30.0422530382948,29.577344861824866,29.5959415435791,5314900,0.0,0.0
2022-04-25 00:00:00-04:00,29.6331332577373,29.69821986677728,29.000860301102488,29.521554946899414,5219100,0.0,0.0
2022-04-26 00:00:00-04:00,29.549449583564236,29.754007748382623,29.084543212495756,29.093841552734375,4444800,0.0,0.0
2022-04-27 00:00:00-04:00,29.140333191858925,29.633134612585426,28.805600017518117,29.13103485107422,6066000,0.0,0.0
2022-04-28 00:00:00-04:00,29.177524470047477,29.372786077487564,29.03805290672007,29.233314514160156,5835200,0.0,0.0
2022-04-29 00:00:00-04:00,29.149630054275235,29.177523301737544,28.41507713083182,28.46156883239746,4372200,0.0,0.0
2022-05-02 00:00:00-04:00,28.517360202542363,28.75911175654701,27.773510631356725,28.09894371032715,7280700,0.0,0.0
2022-05-03 00:00:00-04:00,28.164029278257274,28.805598804081463,27.838594458410125,28.396482467651367,5954100,0.0,0.0
2022-05-04 00:00:00-04:00,28.638231539942854,29.186821195688125,28.53595334501677,29.140331268310547,6346700,0.0,0.0
2022-05-05 00:00:00-04:00,29.075245967176333,29.196120847876152,28.433674654367884,28.768407821655273,5211600,0.0,0.0
2022-05-06 00:00:00-04:00,28.610336363546633,28.907876135043228,28.322093158116992,28.573143005371094,6879600,0.0,0.0
2022-05-09 00:00:00-04:00,28.37788425930991,28.601039096298766,28.089641043073595,28.247709274291992,4673400,0.0,0.0
2022-05-10 00:00:00-04:00,28.303500931922166,28.991562162014176,27.894382820645774,28.3406925201416,6354500,0.0,0.0
2022-05-11 00:00:00-04:00,28.405779391504137,28.982264088775306,28.2384145827581,28.266307830810547,6659000,0.0,0.0
2022-05-12 00:00:00-04:00,28.22911435269158,28.312797638201694,27.717716299743444,28.257007598876953,6077300,0.0,0.0
2022-05-13 00:00:00-04:00,28.480164309511228,28.8706857430926,28.275606138959887,28.85209083557129,3939500,0.0,0.0
2022-05-16 00:00:00-04:00,28.907879200944947,29.03805242141134,28.647530986535042,28.796300888061523,4037200,0.0,0.0
2022-05-17 00:00:00-04:00,28.95436796543106,29.16822624206543,28.573144886419474,29.16822624206543,4379400,0.0,0.0
2022-05-18 00:00:00-04:00,29.299109979874846,29.38324923820412,28.607299687165483,28.672740936279297,4447200,0.17,0.0
2022-05-19 00:00:00-04:00,28.504459708995164,28.81296969915138,28.317484984041776,28.663389205932617,3511000,0.0,0.0
2022-05-20 00:00:00-04:00,28.719482649963663,28.75687866640728,28.26139214737056,28.588600158691406,4105800,0.0,0.0
2022-05-23 00:00:00-04:00,28.943851421797273,29.07473568726789,28.69143546060841,28.831666946411133,4598800,0.0,0.0
2022-05-24 00:00:00-04:00,28.859717348671293,29.336504099808632,28.691438832674447,29.27106285095215,2446000,0.0,0.0
2022-05-25 00:00:00-04:00,29.271061633920045,29.775897160920536,29.271061633920045,29.76654815673828,4589400,0.0,0.0
2022-05-26 00:00:00-04:00,29.878734317856402,30.103106864545023,29.813293068047358,29.897432327270508,4165300,0.0,0.0
2022-05-27 00:00:00-04:00,29.775899743334854,30.31812955095084,29.729154718369458,30.308778762817383,3395100,0.0,0.0
2022-05-31 00:00:00-04:00,30.047010805048796,30.23398732026912,29.74784980720844,29.962871551513672,5334600,0.0,0.0
2022-06-01 00:00:00-04:00,30.140501794225795,30.140501794225795,29.56087600531596,29.97222328186035,4849800,0.0,0.0
2022-06-02 00:00:00-04:00,30.028316769779178,30.177897288489525,29.551529980852717,30.009618759155273,6808800,0.0,0.0
2022-06-03 00:00:00-04:00,29.93482827061831,30.075057991449548,29.523480980246816,29.607620239257812,3572300,0.0,0.0
2022-06-06 00:00:00-04:00,29.77589982206249,29.78524882708029,29.411295758929878,29.486087799072266,5118400,0.0,0.0
2022-06-07 00:00:00-04:00,29.35520215538639,30.009616428126737,29.308458915597903,29.981571197509766,3922800,0.0,0.0
2022-06-08 00:00:00-04:00,29.76654939437172,29.8039436295153,29.243017620379536,29.27106285095215,2541900,0.0,0.0
2022-06-09 00:00:00-04:00,29.261711017766547,29.355199271298797,28.597947805653806,28.61664581298828,3171900,0.0,0.0
2022-06-10 00:00:00-04:00,28.280093299868188,28.504464074055583,28.046373520530434,28.158559799194336,3853400,0.0,0.0
2022-06-13 00:00:00-04:00,27.747211789491967,27.793955030926167,26.662752183327164,26.77493667602539,6889200,0.0,0.0
2022-06-14 00:00:00-04:00,26.877774423408862,26.92451766567168,25.34457325299151,25.802663803100586,8627100,0.0,0.0
2022-06-15 00:00:00-04:00,26.036379629093922,26.746887859123667,25.896148140448343,26.28879737854004,5867500,0.0,0.0
2022-06-16 00:00:00-04:00,25.88680358353985,25.90549981093475,25.335224754730664,25.65308380126953,5911400,0.0,0.0
2022-06-17 00:00:00-04:00,25.587639280195933,25.924194511154244,25.204337245728073,25.615684509277344,9509900,0.0,0.0
2022-06-21 00:00:00-04:00,25.75591934979699,26.008337143159928,25.63438584732989,25.942895889282227,3946500,0.0,0.0
2022-06-22 00:00:00-04:00,25.70917248099272,26.167262976677225,25.662429244283352,25.989635467529297,3525500,0.0,0.0
2022-06-23 00:00:00-04:00,26.05508037267005,26.485123887430827,25.989637340165302,26.41033363342285,3733700,0.0,0.0
2022-06-24 00:00:00-04:00,26.522514818138625,27.120836735425147,26.475769803888134,26.971256256103516,5506800,0.0,0.0
2022-06-27 00:00:00-04:00,26.86842069016961,27.204977681285666,26.784281442390597,27.102140426635742,2851600,0.0,0.0
2022-06-28 00:00:00-04:00,27.270421278026205,27.681768549021214,27.1582350102493,27.19563102722168,3983200,0.0,0.0
2022-06-29 00:00:00-04:00,27.24237481459012,27.438700341373195,27.08344530553345,27.223678588867188,2131200,0.0,0.0
2022-06-30 00:00:00-04:00,26.999306702135655,27.77525625733274,26.87777320786444,27.653722763061523,4770800,0.0,0.0
2022-07-01 00:00:00-04:00,27.77525394585854,28.597948455879635,27.57893021380315,28.513809204101562,4242400,0.0,0.0
2022-07-05 00:00:00-04:00,28.382927818991234,28.42032205282338,26.68144827583309,27.19563102722168,5260600,0.0,0.0
2022-07-06 00:00:00-04:00,27.30781653008892,27.709814811830206,27.09279477390089,27.429351806640625,3453900,0.0,0.0
2022-07-07 00:00:00-04:00,27.55088474919084,27.822000527508248,27.382608019325847,27.401304244995117,2866000,0.0,0.0
2022-07-08 00:00:00-04:00,27.4573974609375,27.578930948331504,27.158234678236465,27.4573974609375,3253600,0.0,0.0
2022-07-11 00:00:00-04:00,27.420000949845445,27.663069703389414,27.251722444842684,27.606977462768555,1791100,0.0,0.0
2022-07-12 00:00:00-04:00,27.41065232658925,27.999627102279135,27.41065232658925,27.522838592529297,3085600,0.0,0.0
2022-07-13 00:00:00-04:00,27.233024440891135,27.719161948049923,27.1301889635946,27.186281204223633,4276300,0.0,0.0
2022-07-14 00:00:00-04:00,26.672099809384633,27.279770832316522,26.61600578279503,27.223678588867188,4916800,0.0,0.0
2022-07-15 00:00:00-04:00,27.457397666011996,27.70981364681406,26.999305375980335,27.6817684173584,3708900,0.0,0.0
2022-07-18 00:00:00-04:00,27.68177195873601,27.94353697722476,27.56958567714051,27.635026931762695,6019800,0.0,0.0
2022-07-19 00:00:00-04:00,27.85939391800951,27.91548794273878,27.681768189120778,27.812650680541992,3932200,0.0,0.0
2022-07-20 00:00:00-04:00,27.77525538807906,27.878092652956525,27.204980386921008,27.466745376586914,3302000,0.0,0.0
2022-07-21 00:00:00-04:00,27.373259832397622,27.420003072677126,27.167585295631028,27.410654067993164,2196900,0.0,0.0
2022-07-22 00:00:00-04:00,27.513489527149993,27.878091770147595,27.513489527149993,27.765907287597656,3040900,0.0,0.0
2022-07-25 00:00:00-04:00,27.709811100581714,28.14920534184053,27.644369860344884,28.139856338500977,2658700,0.0,0.0
2022-07-26 00:00:00-04:00,28.121159956850626,28.55120521962078,28.083765724471572,28.513809204101562,2906100,0.0,0.0
2022-07-27 00:00:00-04:00,28.513809360530605,28.803621349833797,28.38292687177565,28.5605525970459,4017900,0.0,0.0
2022-07-28 00:00:00-04:00,28.756881985972754,29.49543556458749,28.700789737972496,29.448692321777344,2451400,0.0,0.0
2022-07-29 00:00:00-04:00,29.40194721697298,29.775898485193466,29.40194721697298,29.626317977905273,2768600,0.0,0.0
2022-08-01 00:00:00-04:00,29.588920863117515,29.626316880124033,29.280410855374686,29.570222854614258,2988900,0.0,0.0
2022-08-02 00:00:00-04:00,29.916128888629494,30.14984864557191,29.579571868027536,29.635665893554688,4497700,0.0,0.0
2022-08-03 00:00:00-04:00,29.635666982503324,29.729153462203218,28.663391901989762,29.626317977905273,4484600,0.0,0.0
2022-08-04 00:00:00-04:00,29.626318599951333,29.803944341622877,29.30845956950495,29.345853805541992,2326900,0.0,0.0
2022-08-05 00:00:00-04:00,29.224321004204675,29.45804078019818,28.850369719243144,29.420644760131836,2872700,0.0,0.0
2022-08-08 00:00:00-04:00,29.635665728960916,29.84133847199747,29.355200952303548,29.523479461669922,1634700,0.0,0.0
2022-08-09 00:00:00-04:00,29.673060224237684,30.02831347136743,29.60761897738275,29.990921020507812,2335600,0.0,0.0
2022-08-10 00:00:00-04:00,30.187245732115834,30.233988971904324,29.888082934792486,29.981571197509766,2990900,0.0,0.0
2022-08-11 00:00:00-04:00,29.70110869554196,30.10310698383664,29.20562214294661,29.83199119567871,7321000,0.0,0.0
2022-08-12 00:00:00-04:00,30.0002675587983,30.402265818203045,29.981569550653845,30.383567810058594,2986600,0.0,0.0
2022-08-15 00:00:00-04:00,30.2900774835735,30.589238443279122,30.15919144320734,30.561189651489258,1892500,0.0,0.0
2022-08-16 00:00:00-04:00,30.561195386488265,30.776217143734357,30.449010897116526,30.692081451416016,2254400,0.0,0.0
2022-08-17 00:00:00-04:00,30.70148079463293,30.80488500902009,30.34426721382502,30.560474395751953,3184700,0.18,0.0
2022-08-18 00:00:00-04:00,30.485270294634624,30.898883521223176,30.485270294634624,30.63567543029785,3072100,0.0,0.0
2022-08-19 00:00:00-04:00,30.67327654717007,30.776680746717215,30.485269237624458,30.69207763671875,2954100,0.0,0.0
2022-08-22 00:00:00-04:00,30.522875505326855,30.551075350456717,29.92125310997462,30.1092586517334,2557100,0.0,0.0
2022-08-23 00:00:00-04:00,30.109261028956123,30.146863216059188,29.846052891118546,29.996458053588867,1994800,0.0,0.0
2022-08-24 00:00:00-04:00,30.090458764051988,30.39127266322457,29.893052668358372,30.334869384765625,3385000,0.0,0.0
2022-08-25 00:00:00-04:00,30.400671308626798,30.48527443304366,30.09986099646502,30.428871154785156,2229000,0.0,0.0
2022-08-26 00:00:00-04:00,30.50407218563166,30.5510731193963,29.827247264408406,29.84604835510254,2505300,0.0,0.0
2022-08-29 00:00:00-04:00,29.667440818022268,30.391268447403515,29.507635137165,30.165658950805664,2256300,0.0,0.0
2022-08-30 00:00:00-04:00,30.175058460288383,30.269063913705754,29.611040083549703,29.752044677734375,2318800,0.0,0.0
2022-08-31 00:00:00-04:00,29.74264841464375,29.977656703110835,29.573442160072094,29.639245986938477,4798700,0.0,0.0
2022-09-01 00:00:00-04:00,29.51703647299361,30.052855007583425,29.460634993818548,30.034055709838867,2882500,0.0,0.0
2022-09-02 00:00:00-04:00,30.07165840809672,30.513473316016686,29.79904974366933,29.874252319335938,4363800,0.0,0.0
2022-09-06 00:00:00-04:00,29.98705107904732,30.175056595350494,29.65803918430353,29.79904556274414,4015100,0.0,0.0
2022-09-07 00:00:00-04:00,29.921254109035473,30.776685896944006,29.883653716616582,30.710880279541016,3260900,0.0,0.0
2022-09-08 00:00:00-04:00,30.635676223268185,30.870684477946234,30.457071240651768,30.73908042907715,2892000,0.0,0.0
2022-09-09 00:00:00-04:00,30.842486393877742,30.974090450252397,30.57927469518684,30.880084991455078,2588900,0.0,0.0
2022-09-12 00:00:00-04:00,30.945885094485348,31.237296619715814,30.870684318067358,31.11509132385254,2754400,0.0,0.0
2022-09-13 00:00:00-04:00,30.701481981491487,31.0022922971874,30.203265568484223,30.410070419311523,3572100,0.0,0.0
2022-09-14 00:00:00-04:00,30.44767262690029,30.92709153321641,30.44767262690029,30.78608512878418,4351900,0.0,0.0
2022-09-15 00:00:00-04:00,30.626281722873763,30.626281722873763,30.07166022842473,30.250267028808594,4572500,0.0,0.0
2022-09-16 00:00:00-04:00,30.15626024627845,30.250262111543535,29.92125020420379,30.1186580657959,6438200,0.0,0.0
2022-09-19 00:00:00-04:00,29.987055477716535,30.57927554074904,29.958855632268367,30.513473510742188,3863500,0.0,0.0
2022-09-20 00:00:00-04:00,30.306665314990468,30.40066718004688,29.733242821728346,30.0716552734375,3507500,0.0,0.0
2022-09-21 00:00:00-04:00,30.3254636510718,30.560471906100364,29.883650570058244,30.034055709838867,5919100,0.0,0.0
2022-09-22 00:00:00-04:00,29.911851142593928,29.949453324941402,29.460635712248664,29.761445999145508,3861300,0.0,0.0
2022-09-23 00:00:00-04:00,29.48883733462617,31.49110692641339,29.18802525490531,29.667442321777344,4849300,0.0,0.0
2022-09-26 00:00:00-04:00,29.39483380862623,29.676843005524724,28.464201307296307,28.680408477783203,5421900,0.0,0.0
2022-09-27 00:00:00-04:00,28.868418327008012,28.896619968102097,27.956586780618085,28.097591400146484,6819900,0.0,0.0
2022-09-28 00:00:00-04:00,28.445397531064586,28.53000064074254,28.03178252741354,28.34199333190918,4527100,0.0,0.0
2022-09-29 00:00:00-04:00,28.23859215007427,28.285593082835156,27.01654817561402,27.110551834106445,4134400,0.0,0.0
2022-09-30 00:00:00-04:00,27.23275850892393,27.401964755336405,26.386729069832423,26.49013328552246,9062400,0.0,0.0
2022-10-03 00:00:00-04:00,27.04474981105294,27.4865646751055,26.76273883557566,27.110551834106445,4452500,0.0,0.0
2022-10-04 00:00:00-04:00,27.232756447365723,27.749775693705956,27.11055294141373,27.665172576904297,3585300,0.0,0.0
2022-10-05 00:00:00-04:00,27.204558901161867,27.298562571432374,26.78154328143003,27.082353591918945,4766900,0.0,0.0
2022-10-06 00:00:00-04:00,26.978949853209624,27.06355297303202,25.681703211246695,25.700504302978516,7558600,0.0,0.0
2022-10-07 00:00:00-04:00,25.672300352376478,25.72870362249016,25.01427833778589,25.20228385925293,5637800,0.0,0.0
2022-10-10 00:00:00-04:00,25.277487660337474,25.493696620386082,25.0330788568261,25.0988826751709,4483200,0.0,0.0
2022-10-11 00:00:00-04:00,25.014279543274714,25.362090760884314,24.85447385619252,25.004878997802734,4861700,0.0,0.0
2022-10-12 00:00:00-04:00,24.96727682378023,24.97667736925517,23.9990439484808,24.01784324645996,6904200,0.0,0.0
2022-10-13 00:00:00-04:00,23.745236413749794,24.61006694084099,23.52902923021971,24.48786163330078,7318700,0.0,0.0
2022-10-14 00:00:00-04:00,24.704067143840323,24.80746955151608,24.093044277807024,24.328052520751953,5263200,0.0,0.0
2022-10-17 00:00:00-04:00,24.657064083847217,25.051877998339478,24.600662608339917,24.675865173339844,4428300,0.0,0.0
2022-10-18 00:00:00-04:00,25.08948276651882,25.38089251184523,24.97667801089237,25.343290328979492,6471100,0.0,0.0
2022-10-19 00:00:00-04:00,25.00487518848685,25.49369272073751,24.95787246828749,25.380887985229492,6063700,0.0,0.0
2022-10-20 00:00:00-04:00,25.333890917439096,25.418494033716183,24.816871674304608,25.004878997802734,6638100,0.0,0.0
2022-10-21 00:00:00-04:00,25.108284014212423,25.521899092991895,24.920278464200592,25.390295028686523,4455700,0.0,0.0
2022-10-24 00:00:00-04:00,25.59709966014063,25.766305896934483,25.26808773226044,25.578298568725586,4027200,0.0,0.0
2022-10-25 00:00:00-04:00,25.56889905536679,26.15171852812932,25.56889905536679,25.991912841796875,3556000,0.0,0.0
2022-10-26 00:00:00-04:00,26.16112104636892,26.29272510634201,25.897911133451892,25.944913864135742,3132200,0.0,0.0
2022-10-27 00:00:00-04:00,26.217521679502045,26.565334703393184,26.170520743314146,26.311525344848633,2833500,0.0,0.0
2022-10-28 00:00:00-04:00,26.386729300670606,27.091754138243086,26.386729300670606,27.082353591918945,2803400,0.0,0.0
2022-10-31 00:00:00-04:00,27.072953146442554,27.148155724344914,26.725141896008214,26.89434814453125,4470200,0.0,0.0
2022-11-01 00:00:00-04:00,27.01654898283202,27.33616035547344,26.405527873830735,26.64993667602539,5735900,0.0,0.0
2022-11-02 00:00:00-04:00,26.57473298489257,27.091750410789523,26.405526760280292,26.424327850341797,4770400,0.0,0.0
2022-11-03 00:00:00-04:00,26.142320645901933,26.5747368147822,25.95431509710386,26.3303279876709,4054300,0.0,0.0
2022-11-04 00:00:00-04:00,26.36792788809911,26.866146079408274,26.25512491951985,26.77214241027832,4513200,0.0,0.0
2022-11-07 00:00:00-05:00,26.790940100778535,26.790940100778535,25.766304002609353,26.23632049560547,4032500,0.0,0.0
2022-11-08 00:00:00-05:00,26.302125530992416,26.678138409872236,26.17052147162719,26.461931228637695,3606400,0.0,0.0
2022-11-09 00:00:00-05:00,26.33032646040174,26.602935117886318,26.27392497833093,26.49953269958496,5445100,0.0,0.0
2022-11-10 00:00:00-05:00,27.467764288989443,27.78737566027501,27.016548868223005,27.63697052001953,3656400,0.0,0.0
2022-11-11 00:00:00-05:00,27.618169803757123,27.759176193508097,27.007148689062237,27.383161544799805,4194600,0.0,0.0
2022-11-14 00:00:00-05:00,27.383161544799805,27.81557767362605,27.30795897365229,27.383161544799805,4992700,0.0,0.0
2022-11-15 00:00:00-05:00,27.56176832363917,27.683973622360583,26.98834759803268,27.383161544799805,3022300,0.0,0.0
2022-11-16 00:00:00-05:00,27.402079719086444,28.0358179288743,27.402079719086444,27.846643447875977,2807500,0.18,0.0
2022-11-17 00:00:00-05:00,27.581795289494952,27.63854744984343,27.175067564740477,27.610172271728516,2899100,0.0,0.0
2022-11-18 00:00:00-05:00,27.89393733278454,28.177701767740857,27.770974007186634,28.06419563293457,3843200,0.0,0.0
2022-11-21 00:00:00-05:00,28.064196341913867,28.37633596536816,27.89393803746264,28.281747817993164,3138600,0.0,0.0
2022-11-22 00:00:00-05:00,28.376333343146733,28.830354243648593,28.376333343146733,28.801979064941406,3761500,0.0,0.0
2022-11-23 00:00:00-05:00,28.73576646334424,29.170871184839886,28.716850278676464,29.142494201660156,3541500,0.0,0.0
2022-11-25 00:00:00-05:00,29.21816138201573,29.50192577260598,29.21816138201573,29.360044479370117,1060500,0.0,0.0
2022-11-28 00:00:00-05:00,29.133038659970982,29.293837975475842,28.8776529975612,29.18979263305664,2786000,0.0,0.0
2022-11-29 00:00:00-05:00,29.01007115988426,29.019530154039966,28.697931569220593,28.924942016601562,2455500,0.0,0.0
2022-11-30 00:00:00-05:00,28.79252177353088,29.492471154231087,28.593886490239328,29.426259994506836,5089800,0.0,0.0
2022-12-01 00:00:00-05:00,29.596520128138664,29.81407161046803,29.16141535936103,29.3505916595459,4730100,0.0,0.0
2022-12-02 00:00:00-05:00,29.038449692111463,29.170872009121307,28.660097122165457,29.010072708129883,3420400,0.0,0.0
2022-12-05 00:00:00-05:00,28.75468409356495,28.962778359383986,28.69793193203189,28.801979064941406,2687400,0.0,0.0
2022-12-06 00:00:00-05:00,28.820897047068833,29.18033163547479,28.716851711788202,29.151954650878906,3748500,0.0,0.0
2022-12-07 00:00:00-05:00,29.019531335701156,29.170871640117642,28.7357669118312,28.74522590637207,3493400,0.0,0.0
2022-12-08 00:00:00-05:00,28.75468490748804,28.87765003242876,28.556051434440512,28.7073917388916,3701200,0.0,0.0
2022-12-09 00:00:00-05:00,28.58442580484708,29.019530520917048,28.556050626139893,28.801979064941406,3126500,0.0,0.0
2022-12-12 00:00:00-05:00,28.95332188510843,29.3411316635556,28.66955744450785,29.33167266845703,2884400,0.0,0.0
2022-12-13 00:00:00-05:00,29.662731113198475,29.776235449330212,28.924945711866606,29.237085342407227,5108700,0.0,0.0
2022-12-14 00:00:00-05:00,29.36950584943028,29.643811285636364,29.12357920167702,29.274919509887695,3394800,0.0,0.0
2022-12-15 00:00:00-05:00,29.142496846944837,29.25600298584808,28.792523043221017,28.972238540649414,3841500,0.0,0.0
2022-12-16 00:00:00-05:00,28.716851284800704,28.726310279525354,27.988524928071698,28.385793685913086,6188600,0.0,0.0
2022-12-19 00:00:00-05:00,28.329042878888146,28.650641498458448,28.15878457392518,28.357418060302734,2909700,0.0,0.0
2022-12-20 00:00:00-05:00,28.329039519741585,28.470920822347377,28.17769922307959,28.34795570373535,1830200,0.0,0.0
2022-12-21 00:00:00-05:00,28.461464458262217,28.88711020952987,28.376335308008684,28.87765121459961,1909400,0.0,0.0
2022-12-22 00:00:00-05:00,28.8019797830998,28.820895968003356,28.139864600269494,28.6695556640625,2176400,0.0,0.0
2022-12-23 00:00:00-05:00,28.61280306038402,29.038448786235563,28.55605089831005,29.028989791870117,2126300,0.0,0.0
2022-12-27 00:00:00-05:00,29.076283682355818,29.331671124215156,28.93440237158466,29.24654197692871,1364800,0.0,0.0
2022-12-28 00:00:00-05:00,29.274916572076812,29.464091036296633,28.811434895059538,28.868188858032227,2184800,0.0,0.0
2022-12-29 00:00:00-05:00,29.03845088071215,29.1614142080946,28.773604431733016,28.83035659790039,2984200,0.0,0.0
2022-12-30 00:00:00-05:00,28.801981352805036,28.858733518846165,28.11148914880954,28.36687660217285,2908400,0.0,0.0
2023-01-03 00:00:00-05:00,28.281748390124168,28.508758865945204,27.572339976638855,27.96014976501465,4282600,0.0,0.0
2023-01-04 00:00:00-05:00,28.026358652700264,28.461463382451722,27.931772315210537,28.045276641845703,4386400,0.0,0.0
2023-01-05 00:00:00-05:00,27.837182885899214,27.94123001726735,27.335867021447505,27.411537170410156,3062100,0.0,0.0
2023-01-06 00:00:00-05:00,27.685845197322845,28.537134904415062,27.619634036255057,28.36687660217285,3833600,0.0,0.0
2023-01-09 00:00:00-05:00,28.338498250301477,29.208705905476112,28.262828097856673,28.82089614868164,3574700,0.0,0.0
2023-01-10 00:00:00-05:00,28.773600720163984,28.943859000822957,28.556049274485787,28.906023025512695,1863700,0.0,0.0
2023-01-11 00:00:00-05:00,28.96277818981411,29.492469237298405,28.96277818981411,29.464092254638672,2641500,0.0,0.0
2023-01-12 00:00:00-05:00,29.520846238695967,29.58705920232387,29.17087245154241,29.388423919677734,4116800,0.0,0.0
2023-01-13 00:00:00-05:00,29.208705005849648,29.766773039486154,29.095200682737737,29.615432739257812,4315200,0.0,0.0
2023-01-17 00:00:00-05:00,29.161413007447845,29.577599751817107,29.161413007447845,29.39788246154785,4199400,0.0,0.0
2023-01-18 00:00:00-05:00,29.454634259868865,29.511388227114097,28.679014748704702,28.74522590637207,3725500,0.0,0.0
2023-01-19 00:00:00-05:00,28.70739119487994,28.745225368216378,28.357415619894702,28.64118003845215,2792800,0.0,0.0
2023-01-20 00:00:00-05:00,28.679014483125574,28.726309455391966,28.092571259972082,28.48038101196289,3669100,0.0,0.0
2023-01-23 00:00:00-05:00,28.35741524821472,28.660095847413807,28.224992937094793,28.376333236694336,2716900,0.0,0.0
2023-01-24 00:00:00-05:00,28.29120293143597,28.679012658756893,27.912852197966604,28.556049346923828,3016800,0.0,0.0
2023-01-25 00:00:00-05:00,28.404712223964733,28.499298564800494,28.177701758545048,28.41417121887207,3491800,0.0,0.0
2023-01-26 00:00:00-05:00,28.319581075374177,28.43308539801449,28.026357666296217,28.376333236694336,4172800,0.0,0.0
2023-01-27 00:00:00-05:00,28.338497891584826,28.423627037522486,28.092571252341273,28.13040542602539,4196300,0.0,0.0
2023-01-30 00:00:00-05:00,28.035818371321255,28.53713427190992,27.979066206538,28.224994659423828,3517100,0.0,0.0
2023-01-31 00:00:00-05:00,28.33849934631999,28.49929865199911,27.88447841409146,28.48984146118164,3289500,0.0,0.0
2023-02-01 00:00:00-05:00,28.310123170068366,28.63172177011718,28.04527673352265,28.470922470092773,5287800,0.0,0.0
2023-02-02 00:00:00-05:00,28.489842025936422,28.764145668050798,28.016903094460258,28.168243408203125,6111300,0.0,0.0
2023-02-03 00:00:00-05:00,28.03582152976648,28.13040968447383,27.364249059170383,27.61963653564453,5444000,0.0,0.0
2023-02-06 00:00:00-05:00,27.34532692629319,27.865558992222404,27.34532692629319,27.742595672607422,3572300,0.0,0.0
2023-02-07 00:00:00-05:00,27.562878749934836,28.064194637696374,27.49666759202871,28.007442474365234,4192600,0.0,0.0
2023-02-08 00:00:00-05:00,27.88447910649451,27.88447910649451,27.269658853320184,27.468294143676758,2993200,0.0,0.0
2023-02-09 00:00:00-05:00,27.62908870358205,27.714217846927642,27.04264549844425,27.099397659301758,2541000,0.0,0.0
2023-02-10 00:00:00-05:00,27.15615153215765,27.74259657838522,27.089940372963312,27.723678588867188,2614800,0.0,0.0
2023-02-13 00:00:00-05:00,27.780428931780975,27.903392239362617,27.71421597710935,27.875015258789062,1941700,0.0,0.0
2023-02-14 00:00:00-05:00,27.893936437645017,27.93177241607253,27.411538537406752,27.695302963256836,2467000,0.0,0.0
2023-02-15 00:00:00-05:00,27.476331396149988,27.761947414228352,27.381125451489748,27.73338508605957,2762100,0.19,0.0
2023-02-16 00:00:00-05:00,27.371602933206816,27.771466422606274,27.209753382356983,27.65721893310547,3098000,0.0,0.0
2023-02-17 00:00:00-05:00,27.84763052572825,27.952357238708586,27.22879465500362,27.809547424316406,4566900,0.0,0.0
2023-02-21 00:00:00-05:00,27.723866075658915,27.847632532361263,27.504891858566523,27.52393341064453,2935100,0.0,0.0
2023-02-22 00:00:00-05:00,27.53345384197676,27.914275799257435,27.40968738682391,27.46681022644043,3012400,0.0,0.0
2023-02-23 00:00:00-05:00,27.609617886331833,27.733384339928715,27.31448110013748,27.409687042236328,3449500,0.0,0.0
2023-02-24 00:00:00-05:00,27.162150267701982,27.362081096697587,26.933657113463223,27.200231552124023,3384900,0.0,0.0
2023-02-27 00:00:00-05:00,27.41920842537533,27.666743170347914,27.028865662584614,27.105030059814453,3343300,0.0,0.0
2023-02-28 00:00:00-05:00,26.962222556338695,27.10503057688109,26.476673833772544,26.486194610595703,4461200,0.0,0.0
2023-03-01 00:00:00-05:00,26.43858910312643,26.505232716316733,25.933998892553422,26.048246383666992,4220300,0.0,0.0
2023-03-02 00:00:00-05:00,26.05777094147449,26.667086140114783,25.97208576467788,26.64804458618164,6016300,0.0,0.0
2023-03-03 00:00:00-05:00,26.781330580708172,27.05742765213212,26.4481124819585,27.04790687561035,4985800,0.0,0.0
2023-03-06 00:00:00-05:00,27.066946592662237,27.25735666247447,26.952699098053042,27.152631759643555,3854200,0.0,0.0
2023-03-07 00:00:00-05:00,27.057427785596104,27.381126925323134,26.29578381912218,26.476673126220703,3849000,0.0,0.0
2023-03-08 00:00:00-05:00,26.43859034549222,26.762289466972177,26.41954879342814,26.638521194458008,3561200,0.0,0.0
2023-03-09 00:00:00-05:00,26.72420700459915,27.04790613385242,26.352905809944918,26.543315887451172,5010600,0.0,0.0
2023-03-10 00:00:00-05:00,26.600441147519682,26.771811492288556,26.076809336736744,26.238658905029297,6398200,0.0,0.0
2023-03-13 00:00:00-04:00,26.19105449627868,27.33352033272948,26.124410882806835,26.857492446899414,4942000,0.0,0.0
2023-03-14 00:00:00-04:00,27.105030187284207,27.49537295191063,27.019345013009872,27.314483642578125,4695500,0.0,0.0
2023-03-15 00:00:00-04:00,27.124069128409452,27.904754582476546,27.066946289695405,27.695302963256836,5337700,0.0,0.0
2023-03-16 00:00:00-04:00,27.619138143796366,28.10468680507599,27.542973754727146,27.923795700073242,6044100,0.0,0.0
2023-03-17 00:00:00-04:00,28.190371462906242,28.190371462906242,27.53345248405665,27.65721893310547,8686700,0.0,0.0
2023-03-20 00:00:00-04:00,27.752426147460938,28.095166815816608,27.638180468610596,27.752426147460938,5375200,0.0,0.0
2023-03-21 00:00:00-04:00,27.77146912823443,27.904756365718978,26.495714148046165,26.886056900024414,5468700,0.0,0.0
2023-03-22 00:00:00-04:00,26.7908498556665,26.96222019164854,26.314821951672982,26.324342727661133,3832100,0.0,0.0
2023-03-23 00:00:00-04:00,26.219619622518092,26.600441608660546,25.914960217701662,26.01016616821289,5062100,0.0,0.0
2023-03-24 00:00:00-04:00,26.03872531812489,27.000301850639882,25.972081705676704,26.981260299682617,3585600,0.0,0.0
2023-03-27 00:00:00-04:00,27.18119467327472,27.457291750368313,27.000305363353906,27.13359260559082,3213200,0.0,0.0
2023-03-28 00:00:00-04:00,27.05742860743643,27.562018885490826,26.99078498533354,27.295442581176758,2276500,0.0,0.0
2023-03-29 00:00:00-04:00,27.44776759901455,27.971397542768383,27.44776759901455,27.895233154296875,4334100,0.0,0.0
2023-03-30 00:00:00-04:00,28.057083638862704,28.228453972592206,27.800029954170775,27.933317184448242,2187400,0.0,0.0
2023-03-31 00:00:00-04:00,27.98091803326195,28.16180913500232,27.81906848242104,28.047561645507812,3914700,0.0,0.0
2023-04-03 00:00:00-04:00,27.923797116614413,28.1808526237265,27.761947554644102,27.942838668823242,2707400,0.0,0.0
2023-04-04 00:00:00-04:00,27.980918613219753,28.066603778141058,27.790508547985286,28.028522491455078,2262000,0.0,0.0
2023-04-05 00:00:00-04:00,28.123729775314978,29.01866093805691,28.123729775314978,28.93297576904297,4321500,0.0,0.0
2023-04-06 00:00:00-04:00,29.03770233732957,29.32331835527023,28.83777148795158,29.294757843017578,4792100,0.0,0.0
2023-04-10 00:00:00-04:00,29.142430400855527,29.266196863425577,28.790168934321255,29.209074020385742,2671300,0.0,0.0
2023-04-11 00:00:00-04:00,29.170989281816908,29.304278329320013,29.03770205021614,29.161468505859375,2432700,0.0,0.0
2023-04-12 00:00:00-04:00,29.199552536010742,29.456608047311867,28.999619866364622,29.199552536010742,3559100,0.0,0.0
2023-04-13 00:00:00-04:00,29.056745352431104,29.342361384752444,28.637840264577687,29.237634658813477,2201400,0.0,0.0
2023-04-14 00:00:00-04:00,29.113867595639583,29.209073543085193,28.752087174429164,28.94249725341797,2982000,0.0,0.0
2023-04-17 00:00:00-04:00,29.066265083962957,29.199552318800606,28.828251126951507,29.170989990234375,1714400,0.0,0.0
2023-04-18 00:00:00-04:00,29.113867181196994,29.19003157488878,28.714003660339515,28.78064727783203,3189900,0.0,0.0
2023-04-19 00:00:00-04:00,28.84728947888817,29.075784464646542,28.76160431320436,29.047222137451172,2372700,0.0,0.0
2023-04-20 00:00:00-04:00,29.113866243180183,29.14242857085775,28.79968790233624,29.028181076049805,2132500,0.0,0.0
2023-04-21 00:00:00-04:00,29.23763171142857,29.313797915998713,28.875851319231707,29.06626319885254,2401700,0.0,0.0
2023-04-24 00:00:00-04:00,29.142427992109617,29.399481672493515,28.866330944416536,29.33283805847168,2642000,0.0,0.0
2023-04-25 00:00:00-04:00,29.32331679323953,29.437564283871332,29.228112669599,29.351879119873047,2219100,0.0,0.0
2023-04-26 00:00:00-04:00,29.113866042552303,29.275715599805206,28.69496098567968,28.894893646240234,3652500,0.0,0.0
2023-04-27 00:00:00-04:00,28.961537585022718,29.38996342251363,28.733044410328343,29.34235954284668,3332400,0.0,0.0
2023-04-28 00:00:00-04:00,29.218591534899797,29.485165983260167,28.761603393892145,29.009138107299805,3674100,0.0,0.0
2023-05-01 00:00:00-04:00,28.923456173381684,29.542293933939256,28.83777281677315,29.209074020385742,2937100,0.0,0.0
2023-05-02 00:00:00-04:00,29.180511601576534,29.199553154498997,28.399826090779953,28.609277725219727,3134100,0.0,0.0
2023-05-03 00:00:00-04:00,28.694959796371432,28.980577611634008,28.48550818456733,28.514070510864258,3510300,0.0,0.0
2023-05-04 00:00:00-04:00,28.45694802622467,28.990100595638097,28.314140015664865,28.752086639404297,3204600,0.0,0.0
2023-05-05 00:00:00-04:00,28.628317782958543,29.094824909779774,28.57119494307697,29.056743621826172,2936900,0.0,0.0
2023-05-08 00:00:00-04:00,29.03770036933836,29.22811224566213,28.733042819942117,28.799686431884766,3306600,0.0,0.0
2023-05-09 00:00:00-04:00,28.761606216430664,28.9615388882237,28.590237689625454,28.761606216430664,3852900,0.0,0.0
2023-05-10 00:00:00-04:00,28.894890678353402,29.09482150247611,28.637835205136668,28.8282470703125,3529500,0.0,0.0
2023-05-11 00:00:00-04:00,28.875851890453553,28.875851890453553,28.247495217537832,28.475988388061523,4750400,0.0,0.0
2023-05-12 00:00:00-04:00,28.63784005460342,28.88537479488812,28.399826090779953,28.609277725219727,3381100,0.0,0.0
2023-05-15 00:00:00-04:00,28.69495957303488,28.75208422518413,28.009480090363894,28.095165252685547,5047000,0.0,0.0
2023-05-16 00:00:00-04:00,28.13325071972098,28.171333826814184,27.514414756676324,27.55249786376953,4460600,0.0,0.0
2023-05-17 00:00:00-04:00,27.657914500677983,27.734582241604127,27.37040910127759,27.523744583129883,3972300,0.19,0.0
2023-05-18 00:00:00-04:00,27.332075071289015,27.42791020065852,26.939152685986798,27.255407333374023,8559600,0.0,0.0
2023-05-19 00:00:00-04:00,27.399158477783203,27.65791277270654,27.312907046142094,27.399158477783203,3883200,0.0,0.0
2023-05-22 00:00:00-04:00,27.32249543895137,27.59083347551249,27.274576953188674,27.360828399658203,5003600,0.0,0.0
2023-05-23 00:00:00-04:00,27.31291124312601,27.705833679689594,27.24582719218637,27.657917022705078,5387300,0.0,0.0
2023-05-24 00:00:00-04:00,27.60999842388391,27.7250009592368,27.37999518108141,27.427913665771484,3828400,0.0,0.0
2023-05-25 00:00:00-04:00,27.303324336536708,27.332075424089595,26.83373420725806,27.082904815673828,4308600,0.0,0.0
2023-05-26 00:00:00-04:00,27.044570078811986,27.17873999305327,26.872069036907053,27.15957260131836,4770800,0.0,0.0
2023-05-30 00:00:00-04:00,27.178739899241897,27.25540763801382,27.006237030029297,27.006237030029297,3534600,0.0,0.0
2023-05-31 00:00:00-04:00,27.054153887786725,27.17874010668142,26.71873184263582,27.03498649597168,5915400,0.0,0.0
2023-06-01 00:00:00-04:00,27.102073187969776,27.20749019033834,26.7283163478715,27.197906494140625,6403700,0.0,0.0
2023-06-02 00:00:00-04:00,27.04456977737124,27.629162423448484,27.025404213753035,27.408742904663086,4180300,0.0,0.0
2023-06-05 00:00:00-04:00,27.44707712609341,27.782499181578295,27.399160472982633,27.5524959564209,3120200,0.0,0.0
2023-06-06 00:00:00-04:00,27.5045789289505,27.657914410301746,27.169156878030982,27.37040901184082,3553100,0.0,0.0
2023-06-07 00:00:00-04:00,27.54291094119594,27.83999819764226,27.26499107623727,27.763330459594727,3048800,0.0,0.0
2023-06-08 00:00:00-04:00,27.68666354078793,27.97416893790069,27.447076623812183,27.926250457763672,4649900,0.0,0.0
2023-06-09 00:00:00-04:00,27.9741686390232,28.002917898895138,27.734581724607217,27.744165420532227,3530000,0.0,0.0
2023-06-12 00:00:00-04:00,28.18500529711265,28.18500529711265,27.782499195903874,27.907085418701172,4271300,0.0,0.0
2023-06-13 00:00:00-04:00,27.638746730042836,28.022085429424916,27.60999564212552,27.97416877746582,2802600,0.0,0.0
2023-06-14 00:00:00-04:00,27.91666650977964,28.17542081647485,27.734581770611687,27.820833206176758,2844000,0.0,0.0
2023-06-15 00:00:00-04:00,27.92625034316846,28.16583725916106,27.74416560310432,28.05083656311035,2666300,0.0,0.0
2023-06-16 00:00:00-04:00,28.06042139378755,28.290424623092797,27.94541886518334,27.96458625793457,6643400,0.0,0.0
2023-06-20 00:00:00-04:00,27.878335222393382,28.02208701430412,27.609997203697656,27.868751525878906,4400800,0.0,0.0
2023-06-21 00:00:00-04:00,27.811249737132062,28.21375583041851,27.418327339864707,28.204172134399414,3650900,0.0,0.0
2023-06-22 00:00:00-04:00,28.29042532074387,28.347925672512368,27.772916671117756,27.897502899169922,2071900,0.0,0.0
2023-06-23 00:00:00-04:00,27.955002836326393,28.060421669591143,27.26499314162861,27.28415870666504,4411400,0.0,0.0
2023-06-26 00:00:00-04:00,27.399161282170482,27.73458334756149,27.23624209771789,27.715415954589844,2349900,0.0,0.0
2023-06-27 00:00:00-04:00,27.71541395015201,28.09875264234506,27.71541395015201,27.99333381652832,3238400,0.0,0.0
2023-06-28 00:00:00-04:00,27.964584269381387,27.964584269381387,27.494994147787693,27.533327102661133,3192500,0.0,0.0
2023-06-29 00:00:00-04:00,27.34165984086974,27.667498196781644,27.22665731552896,27.523744583129883,2504400,0.0,0.0
2023-06-30 00:00:00-04:00,27.619578333321886,27.935832977294922,27.55249429185837,27.935832977294922,4141100,0.0,0.0
2023-07-03 00:00:00-04:00,27.849584135669577,28.22334098815918,27.734583433290627,28.22334098815918,1822200,0.0,0.0
2023-07-05 00:00:00-04:00,28.156250890562628,28.692926847534643,28.031666510349478,28.395837783813477,3479600,0.0,0.0
2023-07-06 00:00:00-04:00,28.20417043457167,28.27125447475916,27.954999836801704,28.232919692993164,3106900,0.0,0.0
2023-07-07 00:00:00-04:00,28.050840203293227,28.34792750586447,28.01250541436618,28.252092361450195,4111700,0.0,0.0
2023-07-10 00:00:00-04:00,28.20417043457167,28.309589256525157,28.05083496331369,28.232919692993164,4116600,0.0,0.0
2023-07-11 00:00:00-04:00,28.35750760215912,28.654594867005166,28.24250507788475,28.635427474975586,3008400,0.0,0.0
2023-07-12 00:00:00-04:00,28.750430347097236,29.172103837334205,28.65459521369295,29.095436096191406,2957300,0.0,0.0
2023-07-13 00:00:00-04:00,29.037933236091288,29.220019802484284,28.970849192657838,29.162519454956055,2703500,0.0,0.0
2023-07-14 00:00:00-04:00,29.181687398497054,29.20085296276676,28.81751425882573,28.865432739257812,2975300,0.0,0.0
2023-07-17 00:00:00-04:00,28.827098631146388,28.827098631146388,28.405425132967956,28.44375991821289,4221300,0.0,0.0
2023-07-18 00:00:00-04:00,28.43417416946923,28.76959620453833,28.06041917982531,28.213754653930664,7283000,0.0,0.0
2023-07-19 00:00:00-04:00,28.2904249600111,28.645012590615874,28.26167387054185,28.57792854309082,3816500,0.0,0.0
2023-07-20 00:00:00-04:00,28.63542854039041,29.133769784282197,28.42459270392997,29.10502052307129,2485100,0.0,0.0
2023-07-21 00:00:00-04:00,29.22002007654428,29.641693560813458,29.085851988418998,29.622526168823242,4152300,0.0,0.0
2023-07-24 00:00:00-04:00,29.632110836994098,29.699194883257647,29.40210760927486,29.58419418334961,2343300,0.0,0.0
2023-07-25 00:00:00-04:00,29.565026194208606,29.862113462197176,29.450023668717762,29.80461311340332,3195100,0.0,0.0
2023-07-26 00:00:00-04:00,29.795027116874845,30.130449143430834,29.689608295639335,29.90044593811035,2777800,0.0,0.0
2023-07-27 00:00:00-04:00,29.948364944892955,30.06336747055872,28.894182133252095,29.095436096191406,4724700,0.0,0.0
2023-07-28 00:00:00-04:00,29.172102224314074,29.23918626561684,28.64500993368672,28.846263885498047,4280200,0.0,0.0
2023-07-31 00:00:00-04:00,28.97084945404421,29.124184934105,28.750429929944712,28.836681365966797,2853100,0.0,0.0
2023-08-01 00:00:00-04:00,28.48209250219227,28.664179073912457,28.252089277447208,28.261672973632812,12532600,0.0,0.0
2023-08-02 00:00:00-04:00,28.175420503340472,28.55875919720096,28.050836113299468,28.501258850097656,9228200,0.0,0.0
2023-08-03 00:00:00-04:00,28.35750949207797,28.376676885384985,27.983754462107385,28.127506256103516,4733500,0.0,0.0
2023-08-04 00:00:00-04:00,28.252088556099014,28.300007035803553,27.60041185534208,27.820833206176758,4259300,0.0,0.0
2023-08-07 00:00:00-04:00,27.878333267564877,28.031668745238207,27.76333074535834,27.792081832885742,3977700,0.0,0.0
2023-08-08 00:00:00-04:00,27.80166739505905,27.849584049584966,27.55249677013725,27.715415954589844,5389200,0.0,0.0
2023-08-09 00:00:00-04:00,27.667498614181902,28.022086235851067,27.63874752543718,27.782499313354492,3142000,0.0,0.0
2023-08-10 00:00:00-04:00,27.859166923297426,27.99333501433012,27.466244518498982,27.5524959564209,2308200,0.0,0.0
2023-08-11 00:00:00-04:00,27.51416037413816,27.772914680404167,27.437492634641167,27.744165420532227,2203000,0.0,0.0
2023-08-14 00:00:00-04:00,27.705830991694445,27.782498732173412,27.360825245587527,27.57166290283203,3321900,0.0,0.0
2023-08-15 00:00:00-04:00,27.40874435388781,27.44707731105412,26.996654553906794,27.073322296142578,3610400,0.0,0.0
2023-08-16 00:00:00-04:00,27.140860203800056,27.324179723435783,27.09261909666026,27.121564865112305,3389400,0.19,0.0
2023-08-17 00:00:00-04:00,27.14085842495037,27.36277228797761,26.996133272736188,27.015430450439453,4005300,0.0,0.0
2023-08-18 00:00:00-04:00,26.97683757438841,27.285586913731382,26.97683757438841,27.19875144958496,3607400,0.0,0.0
2023-08-21 00:00:00-04:00,27.111912589553942,27.353121773019225,26.95753885935856,27.28558349609375,3669100,0.0,0.0
2023-08-22 00:00:00-04:00,27.314529862217963,27.39171673421607,27.102266424293216,27.26628875732422,2146800,0.0,0.0
2023-08-23 00:00:00-04:00,27.266289579711167,27.38206897106029,27.005783188755267,27.1698055267334,3559900,0.0,0.0
2023-08-24 00:00:00-04:00,27.111917694458757,27.526797862581663,26.861059875587223,26.870708465576172,3347300,0.0,0.0
2023-08-25 00:00:00-04:00,27.0057853212606,27.38207113327894,26.96719280119019,27.227697372436523,2803100,0.0,0.0
2023-08-28 00:00:00-04:00,27.285588912962723,27.459258013700147,27.179456262278414,27.227697372436523,1579800,0.0,0.0
2023-08-29 00:00:00-04:00,27.295237110131012,27.343478219594683,27.054027882251937,27.14086151123047,3006700,0.0,0.0
2023-08-30 00:00:00-04:00,27.140860634856885,27.208400762317673,26.8803560757722,26.93824577331543,2806100,0.0,0.0
2023-08-31 00:00:00-04:00,27.0829688627218,27.1312118072126,26.870705427802754,26.909297943115234,4449600,0.0,0.0
2023-09-01 00:00:00-04:00,27.054025807725207,27.09261832428076,26.436528980314325,26.677738189697266,3785500,0.0,0.0
2023-09-05 00:00:00-04:00,26.62949632483285,26.697034607089993,26.204967613142017,26.368989944458008,3764400,0.0,0.0
2023-09-06 00:00:00-04:00,26.426879794002208,26.581253537296867,26.320748995662242,26.39793586730957,3368000,0.0,0.0
2023-09-07 00:00:00-04:00,26.61019935657267,27.044376660617402,26.552309662793434,26.96718978881836,4084600,0.0,0.0
2023-09-08 00:00:00-04:00,27.044378774499563,27.382070214840393,26.967191896667327,27.295236587524414,4031000,0.0,0.0
2023-09-11 00:00:00-04:00,27.218047271054658,27.468905078564692,27.16980616357516,27.314531326293945,4776100,0.0,0.0
2023-09-12 00:00:00-04:00,27.333827817487943,27.391717513062492,27.11191578421864,27.304882049560547,3551300,0.0,0.0
2023-09-13 00:00:00-04:00,27.353125209887295,27.77765394140583,27.333828031118212,27.63292694091797,4655700,0.0,0.0
2023-09-14 00:00:00-04:00,27.79694949204685,27.970620421733575,27.681170099109217,27.96097183227539,5308100,0.0,0.0
2023-09-15 00:00:00-04:00,27.903083213482244,28.24077649643993,27.835544924946774,28.057456970214844,8456500,0.0,0.0
2023-09-18 00:00:00-04:00,28.02850832248542,28.134640959445488,27.748706607245442,28.12499237060547,5725500,0.0,0.0
2023-09-19 00:00:00-04:00,28.11534558304575,28.260072584638202,27.94167465335903,27.96097183227539,4838000,0.0,0.0
2023-09-20 00:00:00-04:00,28.07675172709159,28.221476881504806,27.796948166983206,27.806596755981445,3662100,0.0,0.0
2023-09-21 00:00:00-04:00,27.787300876783316,27.787300876783316,27.382069321317378,27.3917179107666,4918100,0.0,0.0
2023-09-22 00:00:00-04:00,27.304882049560547,27.546091261448115,27.246992353986,27.304882049560547,2790000,0.0,0.0
2023-09-25 00:00:00-04:00,27.160158171107753,27.333829106300367,27.044378774499563,27.295236587524414,2530800,0.0,0.0
2023-09-26 00:00:00-04:00,27.237343874937228,27.237343874937228,26.311101380873932,26.330398559570312,3681900,0.0,0.0
2023-09-27 00:00:00-04:00,26.34004337106226,26.4751217717203,26.09883417594162,26.1953182220459,5282400,0.0,0.0
2023-09-28 00:00:00-04:00,26.330398526937508,26.330398526937508,25.67430917431568,25.761144638061523,4844000,0.0,0.0
2023-09-29 00:00:00-04:00,25.973408724364173,26.204969353314368,25.761145274563233,25.90587043762207,4214000,0.0,0.0
2023-10-02 00:00:00-04:00,25.71290198621214,25.77079168261307,24.593691374299436,24.84454917907715,7172600,0.0,0.0
2023-10-03 00:00:00-04:00,24.680525679974263,25.510285930634193,24.52615193663477,25.423450469970703,6963100,0.0,0.0
2023-10-04 00:00:00-04:00,25.51028741384922,25.626066807945378,25.027868977794554,25.60677146911621,3956500,0.0,0.0
2023-10-05 00:00:00-04:00,25.587473999417618,25.876924321651103,25.46204417691091,25.683958053588867,4371300,0.0,0.0
2023-10-06 00:00:00-04:00,25.336616013750803,25.963759600964977,24.8927901038446,25.925167083740234,5079400,0.0,0.0
2023-10-09 00:00:00-04:00,25.925167008347557,26.340045308638253,25.91551841899937,26.330398559570312,3576700,0.0,0.0
2023-10-10 00:00:00-04:00,26.272505854076233,26.54266082296006,26.156726467611854,26.504066467285156,3255100,0.0,0.0
2023-10-11 00:00:00-04:00,26.581253322588356,26.79351859811409,26.36898988734279,26.774221420288086,3409600,0.0,0.0
2023-10-12 00:00:00-04:00,26.668091026750943,26.783872263170267,26.29180522887871,26.561960220336914,5048000,0.0,0.0
2023-10-13 00:00:00-04:00,26.783873042118465,26.899652441624646,26.41723398302802,26.600553512573242,5951900,0.0,0.0
2023-10-16 00:00:00-04:00,26.629498317244376,26.841761768831198,26.320750809379795,26.80316925048828,5888200,0.0,0.0
2023-10-17 00:00:00-04:00,26.62949773937607,27.02508070527833,26.610200560483214,26.957542419433594,6732500,0.0,0.0
2023-10-18 00:00:00-04:00,26.938244734068704,27.07332130321857,26.54266177560389,26.706684112548828,5417500,0.0,0.0
2023-10-19 00:00:00-04:00,26.59090192727352,26.909298000470812,26.49441787836643,26.504066467285156,6387400,0.0,0.0
2023-10-20 00:00:00-04:00,26.542659354433475,26.79351713160063,26.1856689453125,26.1856689453125,5241500,0.0,0.0
2023-10-23 00:00:00-04:00,25.87692313931231,26.262857498083374,25.761143751821084,25.85762596130371,3954200,0.0,0.0
2023-10-24 00:00:00-04:00,26.137432431458155,26.39793884273577,26.050596961032284,26.359344482421875,4975800,0.0,0.0
2023-10-25 00:00:00-04:00,26.301452831484166,26.561959223440333,26.253209884669918,26.49441909790039,4717800,0.0,0.0
2023-10-26 00:00:00-04:00,26.841762895924628,27.073323536546365,26.185673494022858,26.629499435424805,7106400,0.0,0.0
2023-10-27 00:00:00-04:00,26.47512297970719,26.542661262977738,25.712901005013414,25.751495361328125,5272600,0.0,0.0
2023-10-30 00:00:00-04:00,25.857626360410965,26.14707851416704,25.761144149439154,25.944461822509766,4116300,0.0,0.0
2023-10-31 00:00:00-04:00,26.089190046556972,26.137431154311756,25.674309894856737,25.934814453125,4969600,0.0,0.0
2023-11-01 00:00:00-04:00,25.973410080684882,26.48477431316164,25.77079336959772,26.359344482421875,4320400,0.0,0.0
2023-11-02 00:00:00-04:00,26.368991270606106,26.88035546813939,26.330398753209778,26.523365020751953,6677100,0.0,0.0
2023-11-03 00:00:00-04:00,26.89000295453304,27.02507952029976,26.417231293789136,26.4268798828125,7074300,0.0,0.0
2023-11-06 00:00:00-05:00,26.426881152343178,26.523365206931665,26.23391488344648,26.282155990600586,6047200,0.0,0.0
2023-11-07 00:00:00-05:00,26.320748881893792,26.340044219512087,25.963758451892826,26.23391342163086,6142600,0.0,0.0
2023-11-08 00:00:00-05:00,26.07954206091267,26.127783169784642,25.606772200901997,25.91551971435547,8021800,0.0,0.0
2023-11-09 00:00:00-05:00,26.011998922509424,26.23391278237396,25.761142977062786,25.819032669067383,5000500,0.0,0.0
2023-11-10 00:00:00-05:00,26.012000525233965,26.20496863084583,25.934813651045268,26.1663761138916,5228400,0.0,0.0
2023-11-13 00:00:00-05:00,26.166376277837195,26.233914563140438,25.712901778892142,25.790088653564453,3980900,0.0,0.0
2023-11-14 00:00:00-05:00,26.36899205428468,26.706685332869963,26.301453766623688,26.697036743164062,4842800,0.0,0.0
2023-11-15 00:00:00-05:00,26.66787809269899,27.095495786199635,26.609565072393714,26.658159255981445,3732600,0.2,0.0
2023-11-16 00:00:00-05:00,26.910845584120555,27.144092122806654,26.84281557538028,26.881689071655273,6325400,0.0,0.0
2023-11-17 00:00:00-05:00,27.085781650551624,27.095498634612103,26.813659754889226,27.017749786376953,3174100,0.0,0.0
2023-11-20 00:00:00-05:00,26.91084619136733,26.969157363934976,26.590131961727145,26.81365966796875,3001200,0.0,0.0
2023-11-21 00:00:00-05:00,26.803937497985316,26.920561682300598,26.609564475352684,26.72618865966797,2315700,0.0,0.0
2023-11-22 00:00:00-05:00,26.774783454975406,27.046905340993206,26.609566926621508,27.008031845092773,3047500,0.0,0.0
2023-11-24 00:00:00-05:00,27.06634181044862,27.14409065246582,26.90112528945224,27.14409065246582,1260800,0.0,0.0
2023-11-27 00:00:00-05:00,27.134371931372378,27.280150779067306,26.891406567321294,27.163528442382812,4174900,0.0,0.0
2023-11-28 00:00:00-05:00,27.212121766493503,27.591147155063908,27.08578058819626,27.357900619506836,2842800,0.0,0.0
2023-11-29 00:00:00-05:00,27.396776545825112,27.484244230210635,27.056624645845726,27.10521697998047,3129600,0.0,0.0
2023-11-30 00:00:00-05:00,27.2412770195346,27.561991222812694,27.046903988714533,27.474523544311523,5842900,0.0,0.0
2023-12-01 00:00:00-05:00,27.523116651505298,27.99932855140023,27.416211296170985,27.97989273071289,5747200,0.0,0.0
2023-12-04 00:00:00-05:00,27.78552187491221,28.271452650124136,27.71749186297115,28.038206100463867,6529600,0.0,0.0
2023-12-05 00:00:00-05:00,28.018765955412082,28.047922466679744,27.61058406605804,27.756362915039062,3948900,0.0,0.0
2023-12-06 00:00:00-05:00,27.902141024259247,28.018765212559227,27.64945868135337,27.970172882080078,4840800,0.0,0.0
2023-12-07 00:00:00-05:00,28.00904817055902,28.32004355438289,27.78552047014545,27.95073699951172,5405500,0.0,0.0
2023-12-08 00:00:00-05:00,27.98960959854575,28.086796116295428,27.698051898975365,27.9604549407959,5594400,0.0,0.0
2023-12-11 00:00:00-05:00,27.81467559526893,28.242293299860236,27.81467559526893,28.232574462890625,4078800,0.0,0.0
2023-12-12 00:00:00-05:00,28.310323125945935,28.329760799762244,27.989608922691215,28.193700790405273,3288900,0.0,0.0
2023-12-13 00:00:00-05:00,28.203420961309515,29.379372477638718,28.047923270781332,29.350217819213867,6219600,0.0,0.0
2023-12-14 00:00:00-05:00,29.690367189923588,29.690367189923588,28.8059733998359,28.864286422729492,6284300,0.0,0.0
2023-12-15 00:00:00-05:00,28.378357106622875,28.621322486461498,27.80495866190942,28.047924041748047,9030300,0.0,0.0
2023-12-18 00:00:00-05:00,28.164545138400033,28.300607005584048,27.91186093211962,27.99932861328125,3470200,0.0,0.0
2023-12-19 00:00:00-05:00,28.086797109193807,28.183983630379135,27.95073709174158,28.154827117919922,2342800,0.0,0.0
2023-12-20 00:00:00-05:00,28.077077699779448,28.164545381696662,27.493962291902935,27.503679275512695,4627700,0.0,0.0
2023-12-21 00:00:00-05:00,27.571711136531718,27.824393491316247,27.38705693540886,27.503679275512695,2855000,0.0,0.0
2023-12-22 00:00:00-05:00,27.659177373610042,27.902142748376168,27.552273869214464,27.58142852783203,2239300,0.0,0.0
2023-12-26 00:00:00-05:00,27.523116094242013,27.81467564279273,27.474523762989538,27.69805145263672,2524100,0.0,0.0
2023-12-27 00:00:00-05:00,27.62030387756039,27.70777156077049,27.474525023436453,27.58142852783203,2196800,0.0,0.0
2023-12-28 00:00:00-05:00,27.55227289720136,27.80495710048516,27.54255406011214,27.756362915039062,1863300,0.0,0.0
2023-12-29 00:00:00-05:00,27.659175505469502,27.775799693098907,27.55227200829434,27.766080856323242,2830700,0.0,0.0
2024-01-02 00:00:00-05:00,27.717488903977273,28.242293121267448,27.60086471475801,28.193700790405273,3902200,0.0,0.0
2024-01-03 00:00:00-05:00,28.203420214352317,28.3589179007622,28.067358348484692,28.31032371520996,3598200,0.0,0.0
2024-01-04 00:00:00-05:00,28.426948629158755,28.61160283159187,28.252013264083033,28.26173210144043,3655400,0.0,0.0
2024-01-05 00:00:00-05:00,28.213140576761816,28.504698291123294,28.10623521644586,28.4172306060791,3125500,0.0,0.0
2024-01-08 00:00:00-05:00,28.36863629261521,28.592163981611225,28.300606287588476,28.58244514465332,3560400,0.0,0.0
2024-01-09 00:00:00-05:00,28.417229594736288,28.582446121308884,28.300607254613674,28.40751075744629,2602400,0.0,0.0
2024-01-10 00:00:00-05:00,28.397792035374994,28.631038570245252,28.32976202774767,28.42694854736328,4137600,0.0,0.0
2024-01-11 00:00:00-05:00,28.310323550036614,28.32004238709036,27.474523953879537,27.55227279663086,5884600,0.0,0.0
2024-01-12 00:00:00-05:00,27.766080856323242,27.843829696849987,27.523115497967346,27.766080856323242,3150100,0.0,0.0
2024-01-16 00:00:00-05:00,27.610584896287723,27.834112595025175,27.503679538770378,27.727209091186523,4336000,0.0,0.0
2024-01-17 00:00:00-05:00,27.513397782702068,27.834111994657768,27.066342394869913,27.260713577270508,2961000,0.0,0.0
2024-01-18 00:00:00-05:00,27.11493523341161,27.163529420178225,26.774783340760045,26.98859405517578,4218800,0.0,0.0
2024-01-19 00:00:00-05:00,27.11493523341161,27.11493523341161,26.73590984502544,26.98859405517578,4709200,0.0,0.0
2024-01-22 00:00:00-05:00,26.988594399094442,27.13437325389459,26.667880177062624,26.69703483581543,4750500,0.0,0.0
2024-01-23 00:00:00-05:00,26.609564475352684,26.735907496167453,26.3568821410802,26.72618865966797,11149000,0.0,0.0
2024-01-24 00:00:00-05:00,26.93028063040098,26.959437142027173,26.32772755288891,26.376319885253906,4599900,0.0,0.0
2024-01-25 00:00:00-05:00,26.677598349966818,26.852531859161957,26.405476468421053,26.745628356933594,5044200,0.0,0.0
2024-01-26 00:00:00-05:00,26.842816066382763,26.940000735687285,26.609567669751428,26.794221878051758,3448700,0.0,0.0
2024-01-29 00:00:00-05:00,26.774784030874724,27.134373607501285,26.658161686986304,27.12465476989746,3611200,0.0,0.0
2024-01-30 00:00:00-05:00,26.98859314547243,27.260713167478393,26.842814297443716,27.182964324951172,5307700,0.0,0.0
2024-01-31 00:00:00-05:00,27.406494710488456,27.48424355540235,26.92056396635695,27.153810501098633,3955700,0.0,0.0
2024-02-01 00:00:00-05:00,27.046905444818034,27.58142852783203,26.901126590694098,27.58142852783203,3491100,0.0,0.0
2024-02-02 00:00:00-05:00,27.29958845307426,27.416210789758754,26.871968893314335,27.163528442382812,2998100,0.0,0.0
2024-02-05 00:00:00-05:00,26.90112514450472,27.105215158570726,26.667878619709885,26.755346298217773,3716700,0.0,0.0
2024-02-06 00:00:00-05:00,26.687314848340165,26.96915556199705,26.629003679668568,26.83309555053711,3325300,0.0,0.0
2024-02-07 00:00:00-05:00,26.98859492401829,26.98859492401829,26.677599533414835,26.794221878051758,2628200,0.0,0.0
2024-02-08 00:00:00-05:00,26.6484404192639,26.73590809604325,26.415193899078485,26.658159255981445,2740400,0.0,0.0
2024-02-09 00:00:00-05:00,26.541535593563555,26.823376302906443,26.522099773422937,26.755346298217773,2595100,0.0,0.0
2024-02-12 00:00:00-05:00,26.79422090100366,27.037186272762746,26.66787972330755,26.96915626525879,2892300,0.0,0.0
2024-02-13 00:00:00-05:00,26.901125633650235,26.988593313748556,26.191667209455975,26.667879104614258,3961100,0.0,0.0
2024-02-14 00:00:00-05:00,26.716830615119125,26.824519021766996,26.569979562555183,26.775569915771484,3375600,0.2,0.0
2024-02-15 00:00:00-05:00,26.902836891289052,27.304225508615197,26.873468176594525,27.28464698791504,4007500,0.0,0.0
2024-02-16 00:00:00-05:00,27.206329390316128,27.411917878103317,27.010529229985615,27.294437408447266,3518600,0.0,0.0
2024-02-20 00:00:00-05:00,27.304225644207165,27.607716057673922,26.99094690398601,27.206327438354492,5225800,0.0,0.0
2024-02-21 00:00:00-05:00,27.40212513688334,27.68603515625,27.18674647436585,27.68603515625,5721700,0.0,0.0
2024-02-22 00:00:00-05:00,27.490235459931007,27.500025653925373,27.15737633327685,27.28464698791504,3901300,0.0,0.0
2024-02-23 00:00:00-05:00,27.411918557648058,27.55876774789199,27.255279172416028,27.323808670043945,4154900,0.0,0.0
2024-02-26 00:00:00-05:00,27.147586829122357,27.235696710022015,26.697249097669545,26.72661781311035,3435900,0.0,0.0
2024-02-27 00:00:00-05:00,26.824518017556752,27.079057467239554,26.677668837779,27.06926727294922,3803800,0.0,0.0
2024-02-28 00:00:00-05:00,27.01052993837953,27.147588933832246,26.863680747924654,26.90283966064453,3332900,0.0,0.0
2024-02-29 00:00:00-05:00,27.039899060742755,27.167167854309085,26.902838205415176,26.92241859436035,3380100,0.0,0.0
2024-03-01 00:00:00-05:00,26.883258407951537,26.9224191867035,26.49165995687541,26.863679885864258,3062100,0.0,0.0
2024-03-04 00:00:00-05:00,26.69724806630161,27.372754637384666,26.667877484706832,27.35317611694336,3127300,0.0,0.0
2024-03-05 00:00:00-05:00,27.451078884086087,27.95036574920908,27.137798251508915,27.304227828979492,5967300,0.0,0.0
2024-03-06 00:00:00-05:00,27.509817706067672,27.80351607658219,27.441288210766864,27.705615997314453,3912200,0.0,0.0
2024-03-07 00:00:00-05:00,27.960155684366352,28.009106658043514,27.646876921987367,27.71540641784668,2919400,0.0,0.0
2024-03-08 00:00:00-05:00,27.764357843595658,27.881836447756257,27.500028183301186,27.734987258911133,3468000,0.0,0.0
2024-03-11 00:00:00-04:00,27.71540536522189,28.1070038033228,27.71540536522189,27.920995712280273,4272900,0.0,0.0
2024-03-12 00:00:00-04:00,27.774147415287718,27.9503653175746,27.509817760924335,27.539186477661133,3514900,0.0,0.0
2024-03-13 00:00:00-04:00,27.656665989330836,27.901415245873586,27.40212653845174,27.411916732788086,4167700,0.0,0.0
2024-03-14 00:00:00-04:00,27.27485911178916,27.548977097772177,27.03990003782283,27.304227828979492,6003500,0.0,0.0
2024-03-15 00:00:00-04:00,27.108427230593595,27.52939623590847,27.06926645461613,27.28464698791504,9392700,0.0,0.0
2024-03-18 00:00:00-04:00,27.255276045582633,27.55876458624119,27.18674655581669,27.35317611694336,3485300,0.0,0.0
2024-03-19 00:00:00-04:00,27.470656207473624,27.69582694407459,27.382546325170775,27.588136672973633,4344000,0.0,0.0
2024-03-20 00:00:00-04:00,27.490236734516508,27.695827083353254,27.353177746817785,27.509817123413086,4476500,0.0,0.0
2024-03-21 00:00:00-04:00,27.539185297256058,27.69582653805594,27.392336118000326,27.40212631225586,4346900,0.0,0.0
2024-03-22 00:00:00-04:00,27.597926740728845,27.597926740728845,27.216116630072378,27.245487213134766,4073400,0.0,0.0
2024-03-25 00:00:00-04:00,27.343387937170764,27.35317813175683,26.941999295585514,27.02031898498535,4728000,0.0,0.0
2024-03-26 00:00:00-04:00,27.010528212484882,27.030108601238073,26.58955919073451,26.65808868408203,5757600,0.0,0.0
2024-03-27 00:00:00-04:00,26.87346981146112,27.705615811432132,26.844099227691242,27.69582748413086,5656100,0.0,0.0
2024-03-28 00:00:00-04:00,27.69582617004055,27.940575421310804,27.637085005287897,27.891624450683594,4440100,0.0,0.0
2024-04-01 00:00:00-04:00,27.881834619884753,27.94057578540286,27.500026380460188,27.823095321655273,4929300,0.0,0.0
2024-04-02 00:00:00-04:00,27.842676162719727,28.175535303578165,27.81330557948328,27.842676162719727,5008900,0.0,0.0
2024-04-03 00:00:00-04:00,27.901414737754468,27.901414737754468,27.529396696191395,27.558765411376953,3163600,0.0,0.0
2024-04-04 00:00:00-04:00,27.774146771650905,27.80351548770711,27.31401696902463,27.509817123413086,3393800,0.0,0.0
2024-04-05 00:00:00-04:00,27.353178520699988,27.50981790172696,27.147588166046635,27.460866928100586,5376700,0.0,0.0
2024-04-08 00:00:00-04:00,27.519608040571974,27.715406332813757,27.402127571395933,27.627296447753906,5155500,0.0,0.0
2024-04-09 00:00:00-04:00,27.715403870468243,27.872043237260698,27.58813508518258,27.68603515625,4468000,0.0,0.0
2024-04-10 00:00:00-04:00,27.147588433980673,27.255278709732842,26.74619978272644,26.795150756835938,4836300,0.0,0.0
2024-04-11 00:00:00-04:00,26.951790942989323,27.18675002385414,26.64830049632791,27.00074005126953,5612100,0.0,0.0
2024-04-12 00:00:00-04:00,27.03989815123546,27.18674732880758,26.73640773465932,26.883256912231445,3683200,0.0,0.0
2024-04-15 00:00:00-04:00,27.010528161965464,27.16716753712073,26.66787882858009,26.82451820373535,3613200,0.0,0.0
2024-04-16 00:00:00-04:00,26.736408144902757,26.79514931066381,26.33501951531203,26.648298263549805,9553100,0.0,0.0
2024-04-17 00:00:00-04:00,26.853889720610965,27.196539065911423,26.75598964091245,27.11821937561035,4490500,0.0,0.0
2024-04-18 00:00:00-04:00,27.26506646530388,27.421705833863182,27.079056514906505,27.362966537475586,2506100,0.0,0.0
2024-04-19 00:00:00-04:00,27.490238596590455,27.930788040161133,27.402128707876322,27.930788040161133,3338100,0.0,0.0
2024-04-22 00:00:00-04:00,27.93078594447075,28.34196477185573,27.783934896106462,28.175535202026367,2983000,0.0,0.0
2024-04-23 00:00:00-04:00,28.09721629006106,28.37133427102698,28.048265316825216,28.126585006713867,2588000,0.0,0.0
2024-04-24 00:00:00-04:00,27.91120621891017,28.567134319436157,27.75456683973579,28.459444046020508,4112600,0.0,0.0
2024-04-25 00:00:00-04:00,28.45944430133743,28.81188384128596,28.253855814559927,28.723773956298828,5618700,0.0,0.0
2024-04-26 00:00:00-04:00,28.713984390433357,28.733564780256796,28.2342760434916,28.24406623840332,3335600,0.0,0.0
2024-04-29 00:00:00-04:00,28.351751380754017,28.64545159239495,28.341963054259,28.606290817260742,3688500,0.0,0.0
2024-04-30 00:00:00-04:00,28.332174887236846,28.665034030534752,27.852466561257785,28.527973175048828,7377800,0.0,0.0
2024-05-01 00:00:00-04:00,28.46923404806208,28.84125210426271,28.36154377537486,28.704193115234375,6046100,0.0,0.0
2024-05-02 00:00:00-04:00,28.81188515757732,28.958734350168545,28.61608498926315,28.782514572143555,6125200,0.0,0.0
2024-05-03 00:00:00-04:00,28.93915126208125,29.0468415313437,28.547552829247742,28.831462860107422,3650900,0.0,0.0
2024-05-06 00:00:00-04:00,28.870622687892503,28.91957366060882,28.63566362072021,28.704193115234375,3537600,0.0,0.0
2024-05-07 00:00:00-04:00,28.93915266721582,29.076213525828972,28.733564180229152,28.978313446044922,4601200,0.0,0.0
2024-05-08 00:00:00-04:00,28.929361254658595,29.076212301796982,28.81188265769424,28.841251373291016,5271000,0.0,0.0
2024-05-09 00:00:00-04:00,28.880411869483318,29.20348080892498,28.762931406373347,29.164321899414062,4570400,0.0,0.0
2024-05-10 00:00:00-04:00,29.252429822510408,29.252429822510408,28.978311854912707,29.07621192932129,10141800,0.0,0.0
2024-05-13 00:00:00-04:00,29.193691532084014,29.389491687657095,28.988103049292082,29.037052154541016,3031200,0.0,0.0
2024-05-14 00:00:00-04:00,29.193691986265723,29.242642959564886,28.919574004945215,29.05663299560547,3090000,0.0,0.0
2024-05-15 00:00:00-04:00,29.362180924940596,29.569164171763664,29.27347328202876,29.332611083984375,3816300,0.2,0.0
2024-05-16 00:00:00-04:00,29.3917475459384,29.71700826180054,29.352322973084345,29.510025024414062,3564500,0.0,0.0
2024-05-17 00:00:00-04:00,29.549451716812,29.667729203771554,29.391749654170518,29.64801597595215,4755100,0.0,0.0
2024-05-20 00:00:00-04:00,29.736722381453085,29.75643560845064,29.5001692973528,29.559307098388672,4211800,0.0,0.0
2024-05-21 00:00:00-04:00,29.56916437556943,30.002845979465697,29.51988318692622,29.973276138305664,6786600,0.0,0.0
2024-05-22 00:00:00-04:00,29.766292330010447,29.96341896083125,29.598733659836522,29.6283016204834,4816400,0.0,0.0
2024-05-23 00:00:00-04:00,29.44103185015737,29.598733908119588,28.898929380950033,28.928499221801758,5126700,0.0,0.0
2024-05-24 00:00:00-04:00,29.007349686663673,29.13548190128232,28.869360858619473,29.086200714111328,4719400,0.0,0.0
2024-05-28 00:00:00-04:00,29.03691743314209,29.431174447433662,29.03691743314209,29.11577033996582,4516700,0.0,0.0
2024-05-29 00:00:00-04:00,28.92849897966021,29.036917968628714,28.81022149720016,28.958066940307617,5212400,0.0,0.0
2024-05-30 00:00:00-04:00,29.135483345324598,29.322755249778336,29.02706435218349,29.312898635864258,5157500,0.0,0.0
2024-05-31 00:00:00-04:00,29.37203575433224,30.140834702087364,29.342467793236516,30.071840286254883,6770000,0.0,0.0
2024-06-03 00:00:00-04:00,30.07184038903506,30.397101121897595,30.00284597296677,30.308393478393555,5116200,0.0,0.0
2024-06-04 00:00:00-04:00,30.239398392529136,30.47595147664803,30.111264296991735,30.3971004486084,3849700,0.0,0.0
2024-06-05 00:00:00-04:00,30.298536083979585,30.36753049827011,29.973275359497976,29.99298858642578,2639200,0.0,0.0
2024-06-06 00:00:00-04:00,29.874710538352755,30.121120230407694,29.76629155221918,29.81557273864746,2274900,0.0,0.0
2024-06-07 00:00:00-04:00,29.460743402830616,29.93385145997252,29.421318828043614,29.736722946166992,5935900,0.0,0.0
2024-06-10 00:00:00-04:00,29.736722276234694,30.061983000716303,29.618444794624658,29.99298858642578,3946400,0.0,0.0
2024-06-11 00:00:00-04:00,29.756436373749523,30.406957841745115,29.707153304988132,30.37738800048828,6090300,0.0,0.0
2024-06-12 00:00:00-04:00,30.71250342657458,30.751929879116805,30.19011421013051,30.544944763183594,9721300,0.0,0.0
2024-06-13 00:00:00-04:00,30.554802046529556,30.702647486892374,30.19011487234161,30.45623779296875,8317400,0.0,0.0
2024-06-14 00:00:00-04:00,30.209829112607355,30.45623881479821,30.09155350833157,30.406957626342773,5105800,0.0,0.0
2024-06-17 00:00:00-04:00,30.308393937278996,30.53509041635192,30.19011645083054,30.249256134033203,3674800,0.0,0.0
2024-06-18 00:00:00-04:00,30.150692076798983,30.574517076132555,30.12112223500005,30.5548038482666,4129500,0.0,0.0
2024-06-20 00:00:00-04:00,30.584372239875517,30.899776350948017,30.47595137171055,30.830781936645508,4886100,0.0,0.0
2024-06-21 00:00:00-04:00,30.958915619734224,31.116617682748082,30.48580943069265,30.5548038482666,8594700,0.0,0.0
2024-06-24 00:00:00-04:00,30.56465877332821,30.958913909078014,30.56465877332821,30.860349655151367,3018900,0.0,0.0
2024-06-25 00:00:00-04:00,30.80121369259188,30.820926920544792,29.756437050527094,29.953563690185547,6235800,0.0,0.0
2024-06-26 00:00:00-04:00,29.815573410909685,30.1408341365577,29.717009155873995,30.061983108520508,3063700,0.0,0.0
2024-06-27 00:00:00-04:00,30.140834350532227,30.416813890600018,30.081696549073705,30.367530822753906,3297000,0.0,0.0
2024-06-28 00:00:00-04:00,30.46609507777173,30.60408390782397,30.21968537841741,30.53508949279785,6589500,0.0,0.0
2024-07-01 00:00:00-04:00,30.702648850161996,30.73221869153024,30.042270765926073,30.111265182495117,2946500,0.0,0.0
2024-07-02 00:00:00-04:00,30.11126585841942,30.209830118569233,30.0127034782265,30.022558212280273,2806500,0.0,0.0
2024-07-03 00:00:00-04:00,30.01270192050889,30.26896635165813,29.854999864436987,29.894424438476562,1489500,0.0,0.0
2024-07-05 00:00:00-04:00,29.933850330929396,30.199971370585438,29.815572851115892,30.052125930786133,5291500,0.0,0.0
2024-07-08 00:00:00-04:00,30.071841073076634,30.0915543009608,29.677585915177723,29.88456916809082,5404000,0.0,0.0
2024-07-09 00:00:00-04:00,29.86485344205692,29.92399312076247,29.20447540283203,29.20447540283203,8258900,0.0,0.0
2024-07-10 00:00:00-04:00,29.31289785881867,29.34246769977705,28.662376397388957,29.16505241394043,9594900,0.0,0.0
2024-07-11 00:00:00-04:00,29.29318395790303,29.67758436169518,29.125625289572294,29.253759384155273,7549500,0.0,0.0
2024-07-12 00:00:00-04:00,29.362180680253093,30.18026080698954,29.283327771693617,29.86485481262207,7825600,0.0,0.0
2024-07-15 00:00:00-04:00,29.667727390434393,29.667727390434393,27.597885594830736,27.873865127563477,13737600,0.0,0.0
2024-07-16 00:00:00-04:00,28.001998335073825,28.43567993621031,27.854152890128177,28.159700393676758,10720200,0.0,0.0
2024-07-17 00:00:00-04:00,27.755588738178595,28.475104618262385,27.726018897095226,28.228694915771484,9188500,0.0,0.0
2024-07-18 00:00:00-04:00,28.061134913070752,28.760939412558944,28.061134913070752,28.406108856201172,6864300,0.0,0.0
2024-07-19 00:00:00-04:00,28.59338153211615,28.64266271964829,28.18926977849085,28.553955078125,3697400,0.0,0.0
2024-07-22 00:00:00-04:00,28.61309610547032,28.760941554980246,28.39625435822933,28.544099807739258,3405200,0.0,0.0
2024-07-23 00:00:00-04:00,28.504674025588333,28.593381667531737,28.277977553936,28.28783416748047,3132100,0.0,0.0
2024-07-24 00:00:00-04:00,28.583525831822854,28.741227892912224,28.297689671125333,28.603239059448242,3221900,0.0,0.0
2024-07-25 00:00:00-04:00,28.731371038756123,29.24390367298757,28.455393374136758,28.465248107910156,4390200,0.0,0.0
2024-07-26 00:00:00-04:00,28.613095663653905,29.01720743005434,28.484961564088778,28.938356399536133,4665000,0.0,0.0
2024-07-29 00:00:00-04:00,28.99749420727527,29.125626426904926,28.58352582699636,28.770797729492188,7923000,0.0,0.0
2024-07-30 00:00:00-04:00,28.820076982218083,28.977779032685092,27.962572317798326,28.100561141967773,8242500,0.0,0.0
2024-07-31 00:00:00-04:00,28.090705768482106,28.346972081789392,27.292338867765785,27.351476669311523,11124400,0.0,0.0
2024-08-01 00:00:00-04:00,27.459897084387812,27.824582381168245,27.35147621671736,27.745731353759766,15523500,0.0,0.0
2024-08-02 00:00:00-04:00,26.878370500925847,27.40075786124304,26.30670007268272,26.681241989135742,13867500,0.0,0.0
2024-08-05 00:00:00-04:00,26.868512849697517,26.868512849697517,25.557613372802734,25.557613372802734,10239300,0.0,0.0
2024-08-06 00:00:00-04:00,25.636464962738195,25.784310404146744,25.39005526707169,25.399911880493164,7543000,0.0,0.0
2024-08-07 00:00:00-04:00,25.48861927554943,25.97158204880388,25.232352968932556,25.261920928955078,11057400,0.0,0.0
2024-08-08 00:00:00-04:00,26.178565546656436,26.415118628950577,25.498476140044577,25.902587890625,13959600,0.0,0.0
2024-08-09 00:00:00-04:00,25.91244559953563,26.17856665339421,25.459050762669666,26.089859008789062,7548500,0.0,0.0
2024-08-12 00:00:00-04:00,26.02086281426318,26.070145880097552,25.32106019902572,25.8237361907959,7408900,0.0,0.0
2024-08-13 00:00:00-04:00,25.67589188978581,25.8040259960523,25.232355524907938,25.508333206176758,10202100,0.0,0.0
2024-08-14 00:00:00-04:00,25.370342040228742,25.537900708480237,25.222496598820193,25.399911880493164,6887000,0.0,0.0
2024-08-15 00:00:00-04:00,25.240974922323044,25.807183032877408,25.240974922323044,25.69791603088379,5142600,0.2,0.0
2024-08-16 00:00:00-04:00,25.827050447779474,25.866785280982633,25.588647132543922,25.61844825744629,10634600,0.0,0.0
2024-08-19 00:00:00-04:00,25.608514319913233,25.906517987624838,25.479378007820056,25.866785049438477,5034100,0.0,0.0
2024-08-20 00:00:00-04:00,25.69791745391482,25.807184461959135,25.509180775058297,25.638315200805664,3305200,0.0,0.0
2024-08-21 00:00:00-04:00,25.70784902254636,26.06545495914054,25.628381247154454,25.96611976623535,5879800,0.0,0.0
2024-08-22 00:00:00-04:00,25.966119759582334,26.80053234831415,25.966119759582334,26.760799407958984,10899900,0.0,0.0
2024-08-23 00:00:00-04:00,26.84026742652314,26.87006665839421,26.293924808064947,26.591930389404297,5106300,0.0,0.0
2024-08-26 00:00:00-04:00,26.721064567200248,27.118403443972575,26.701197149696327,26.999202728271484,6154500,0.0,0.0
2024-08-27 00:00:00-04:00,26.999201768707106,27.26740621149427,26.949533226712546,27.0389347076416,8136200,0.0,0.0
2024-08-28 00:00:00-04:00,27.098537445590786,27.22767186777772,26.740931515440533,27.01906967163086,9130600,0.0,0.0
2024-08-29 00:00:00-04:00,27.038936147140785,27.09853840070736,26.671398390119823,26.89986801147461,7115300,0.0,0.0
2024-08-30 00:00:00-04:00,27.048868416945542,27.14820360627683,26.83033251614562,27.1184024810791,5826000,0.0,0.0
2024-09-03 00:00:00-04:00,27.098538148781834,27.555477387243407,26.899867761396052,27.307140350341797,5815200,0.0,0.0
2024-09-04 00:00:00-04:00,27.4362766653774,27.88328219491943,27.396541830043226,27.466075897216797,5238400,0.0,0.0
2024-09-05 00:00:00-04:00,27.754147050744773,27.803813698965197,27.416408537794588,27.57534408569336,4205100,0.0,0.0
2024-09-06 00:00:00-04:00,27.59521150597361,27.70447851100316,27.03893519360368,27.09853744506836,4942600,0.0,0.0
2024-09-09 00:00:00-04:00,27.17800592738375,27.27733922642484,26.8998677639495,27.227672576904297,4720600,0.0,0.0
2024-09-10 00:00:00-04:00,27.217737437679002,27.684612255145606,27.2078037293647,27.36673927307129,7224200,0.0,0.0
2024-09-11 00:00:00-04:00,27.27733781315092,27.803812986232998,27.0687356223791,27.764080047607422,6402800,0.0,0.0
2024-09-12 00:00:00-04:00,27.764081000345936,27.883281714974228,27.346874709824526,27.406475067138672,6768500,0.0,0.0
2024-09-13 00:00:00-04:00,27.525675306765418,27.783946043551417,26.144922035737547,27.744213104248047,4545800,0.0,0.0
2024-09-16 00:00:00-04:00,27.833615527546826,28.081952564242297,27.82368181871966,28.022350311279297,2549000,0.0,0.0
2024-09-17 00:00:00-04:00,28.06208443439165,28.230953690845233,27.923016303663236,28.13161849975586,4160100,0.0,0.0
2024-09-18 00:00:00-04:00,28.20115328084583,28.20115328084583,27.734280333936393,28.022350311279297,4602200,0.0,0.0
2024-09-19 00:00:00-04:00,27.903148416071257,28.27068615384579,27.81374693506423,28.072017669677734,5388800,0.0,0.0
2024-09-20 00:00:00-04:00,28.22101974436861,28.22101974436861,27.73427939626117,27.982616424560547,16768000,0.0,0.0
2024-09-23 00:00:00-04:00,28.161420330418476,28.7971625378465,28.111751786299894,28.73756217956543,5324100,0.0,0.0
2024-09-24 00:00:00-04:00,28.548823835027193,28.995831232699363,28.479289771980657,28.48922348022461,3716900,0.0,0.0
2024-09-25 00:00:00-04:00,28.677961592119892,28.767361181496494,28.221020463186477,28.429624557495117,3694300,0.0,0.0
2024-09-26 00:00:00-04:00,28.42962455015329,28.88656378430749,28.42962455015329,28.747495651245117,3027100,0.0,0.0
2024-09-27 00:00:00-04:00,28.936230429680432,29.025631913683807,28.856762654417565,28.906431198120117,3354900,0.0,0.0
2024-09-30 00:00:00-04:00,28.956097839927,29.234236000608146,28.697827096721912,29.224302291870117,5233700,0.0,0.0
2024-10-01 00:00:00-04:00,29.154768447503375,29.76070952785021,29.05543325402745,29.69117546081543,7137500,0.0,0.0
2024-10-02 00:00:00-04:00,29.373304352676467,29.909713260563095,29.373304352676467,29.85011100769043,6362100,0.0,0.0
2024-10-03 00:00:00-04:00,29.929578540569995,30.17791557487319,29.78057669892032,30.098447799682617,7995600,0.0,0.0
2024-10-04 00:00:00-04:00,30.01897861269047,30.426251178220664,29.939510841237293,30.316984176635742,11837500,0.0,0.0
2024-10-07 00:00:00-04:00,30.158050552057,30.237518328565056,29.422973145692158,29.442838668823242,14589000,0.0,0.0
2024-10-08 00:00:00-04:00,29.52230476722428,29.641507372541273,29.194499970928973,29.273967742919922,8093300,0.0,0.0
2024-10-09 00:00:00-04:00,29.234236235382337,29.492506980661542,29.13490104186553,29.29383659362793,3916300,0.0,0.0
2024-10-10 00:00:00-04:00,29.37330436950913,29.53223992127153,29.224302526564532,29.29383659362793,5698800,0.0,0.0
2024-10-11 00:00:00-04:00,29.18456768886532,29.393171784699387,29.10509991299073,29.37330436706543,4674900,0.0,0.0
2024-10-14 00:00:00-04:00,29.44283724915946,29.611706502929263,29.293835412224023,29.581907272338867,3199500,0.0,0.0
2024-10-15 00:00:00-04:00,29.790510889249433,30.068649054243465,29.641509045190972,29.760709762573242,3940000,0.0,0.0
2024-10-16 00:00:00-04:00,29.83024406571315,30.06864738187937,29.760708107336175,29.909711837768555,4654500,0.0,0.0
2024-10-17 00:00:00-04:00,29.879910950003083,30.03884649537588,29.571973567675933,29.979246139526367,9458200,0.0,0.0
2024-10-18 00:00:00-04:00,30.00904513184196,30.078581090218936,29.78057552401531,29.909711837768555,4832100,0.0,0.0
2024-10-21 00:00:00-04:00,29.909712311402924,30.04878044103681,29.7110419307878,29.88984489440918,4791700,0.0,0.0
2024-10-22 00:00:00-04:00,29.621639974370552,29.88984441550537,29.581907035680842,29.591840744018555,5166800,0.0,0.0
2024-10-23 00:00:00-04:00,29.571974274611634,29.71104240647205,29.214368341643482,29.552106857299805,4274400,0.0,0.0
2024-10-24 00:00:00-04:00,29.581908704911886,29.651442772538363,29.194501636525274,29.283903121948242,4401400,0.0,0.0
2024-10-25 00:00:00-04:00,29.55210588928228,29.55210588928228,29.075299257383964,29.115032196044922,3756400,0.0,0.0
2024-10-28 00:00:00-04:00,29.62164092323001,29.94944573023042,29.214368341643482,29.552106857299805,4491100,0.0,0.0
2024-10-29 00:00:00-04:00,29.432904252715737,29.60177351057044,28.787228347269362,29.234235763549805,5048500,0.0,0.0
2024-10-30 00:00:00-04:00,29.37330413726739,29.432904495041747,28.8666963595323,29.065366744995117,3895300,0.0,0.0
2024-10-31 00:00:00-04:00,29.06536603492253,29.869977476533816,28.9660308446179,29.33357048034668,5678800,0.0,0.0
2024-11-01 00:00:00-04:00,29.333570220986157,29.48257205779508,28.379955055018986,28.389888763427734,3986200,0.0,0.0
2024-11-04 00:00:00-05:00,28.449490071164195,28.916364908691655,28.37995600463744,28.826963424682617,5657200,0.0,0.0
2024-11-05 00:00:00-05:00,28.78722740406136,29.552105893675154,28.65809298506763,29.353435516357422,5040600,0.0,0.0
2024-11-06 00:00:00-05:00,29.144834525754206,29.25410342724552,28.717694523191305,28.826963424682617,7913200,0.0,0.0
2024-11-07 00:00:00-05:00,28.91636419654634,29.601773030853913,28.84683013173205,29.17463493347168,5099300,0.0,0.0
2024-11-08 00:00:00-05:00,29.204434624097928,30.316985362626195,29.015697949015387,30.187849044799805,5429100,0.0,0.0
2024-11-11 00:00:00-05:00,29.929578545841466,30.386519674263653,29.7110426376942,29.860044479370117,4981500,0.0,0.0
2024-11-12 00:00:00-05:00,29.909711609142747,30.31698417464621,29.820310129431142,30.237516403198242,6007000,0.0,0.0
2024-11-13 00:00:00-05:00,30.406386368777557,30.86332559167419,30.009045607540802,30.20771598815918,6126900,0.0,0.0
2024-11-14 00:00:00-05:00,30.25738335718833,30.366652258599053,29.760709288464994,29.780576705932617,4069800,0.0,0.0
2024-11-15 00:00:00-05:00,29.770642990592762,30.674589643895754,29.770642990592762,30.65472412109375,5826000,0.0,0.0
2024-11-18 00:00:00-05:00,30.684522159460734,31.08186291462962,30.654722929085864,30.942792892456055,4830600,0.0,0.0
2024-11-19 00:00:00-05:00,30.893127904081155,31.24080013619032,30.69445751582985,31.191131591796875,4824900,0.0,0.0
2024-11-20 00:00:00-05:00,31.29046654340091,31.479203221310694,31.02226208973878,31.360000610351562,3467000,0.0,0.0
2024-11-21 00:00:00-05:00,31.389999389648438,31.809999465942383,30.920000076293945,31.729999542236328,5115400,0.21,0.0
2024-11-22 00:00:00-05:00,31.81999969482422,32.34000015258789,31.670000076293945,31.93000030517578,4895400,0.0,0.0
2024-11-25 00:00:00-05:00,32.04999923706055,32.61000061035156,31.969999313354492,32.47999954223633,5535200,0.0,0.0
2024-11-26 00:00:00-05:00,32.470001220703125,32.65999984741211,32.279998779296875,32.529998779296875,4398900,0.0,0.0
2024-11-27 00:00:00-05:00,32.7599983215332,32.86000061035156,32.380001068115234,32.65999984741211,3320100,0.0,0.0
2024-11-29 00:00:00-05:00,32.63999938964844,32.849998474121094,32.540000915527344,32.619998931884766,1847100,0.0,0.0
2024-12-02 00:00:00-05:00,32.70000076293945,32.779998779296875,31.989999771118164,31.989999771118164,3169500,0.0,0.0
2024-12-03 00:00:00-05:00,33.0,33.0,32.119998931884766,32.130001068115234,3865400,0.0,0.0
2024-12-04 00:00:00-05:00,32.130001068115234,32.33000183105469,31.959999084472656,32.29999923706055,3068400,0.0,0.0
2024-12-05 00:00:00-05:00,32.380001068115234,32.529998779296875,31.889999389648438,31.989999771118164,3775900,0.0,0.0
2024-12-06 00:00:00-05:00,32.15999984741211,32.2400016784668,31.610000610351562,31.65999984741211,2842500,0.0,0.0
2024-12-09 00:00:00-05:00,31.670000076293945,31.700000762939453,31.290000915527344,31.360000610351562,3582600,0.0,0.0
2024-12-10 00:00:00-05:00,31.360000610351562,31.530000686645508,30.760000228881836,31.3799991607666,4203100,0.0,0.0
2024-12-11 00:00:00-05:00,31.420000076293945,31.610000610351562,31.15999984741211,31.40999984741211,4392500,0.0,0.0
2024-12-12 00:00:00-05:00,31.530000686645508,31.979999542236328,31.530000686645508,31.90999984741211,4164400,0.0,0.0
2024-12-13 00:00:00-05:00,31.920000076293945,32.189998626708984,31.850000381469727,31.940000534057617,4760100,0.0,0.0
2024-12-16 00:00:00-05:00,31.799999237060547,32.630001068115234,31.75,32.06999969482422,4281600,0.0,0.0
2024-12-17 00:00:00-05:00,31.829999923706055,32.16999816894531,31.6200008392334,31.709999084472656,6723000,0.0,0.0
2024-12-18 00:00:00-05:00,31.59000015258789,32.25,31.43000030517578,31.440000534057617,8050400,0.0,0.0
2024-12-19 00:00:00-05:00,31.309999465942383,32.099998474121094,31.270000457763672,31.760000228881836,8330200,0.0,0.0
2024-12-20 00:00:00-05:00,31.760000228881836,32.7400016784668,31.649999618530273,32.540000915527344,14446700,0.0,0.0
