Date,Open,High,Low,Close,Volume,Dividends,Stock Splits
2010-01-04 00:00:00-05:00,12.910436020249076,13.04699404655871,12.859226624724622,12.893365859985352,3018000,0.0,0.0
2010-01-05 00:00:00-05:00,12.944576186539038,12.99578558574669,12.176436283691054,12.711289405822754,8338900,0.0,0.0
2010-01-06 00:00:00-05:00,12.71129353595756,12.944580392473066,12.335758543261033,12.409727096557617,6686400,0.0,0.0
2010-01-07 00:00:00-05:00,12.426793061580096,12.643009677945875,12.404032846559074,12.466622352600098,4860100,0.0,0.0
2010-01-08 00:00:00-05:00,12.4666262027197,12.614564390244347,12.443867065936667,12.51783561706543,3654100,0.0,0.0
2010-01-11 00:00:00-05:00,12.495074050792244,12.614563033166664,12.256098256577413,12.57473373413086,2343400,0.0,0.0
2010-01-12 00:00:00-05:00,12.42678871499484,12.529207476232301,12.386959437906139,12.500757217407227,1774400,0.0,0.0
2010-01-13 00:00:00-05:00,12.546276416299929,12.705594608270834,12.460927811241598,12.671455383300781,3471900,0.0,0.0
2010-01-14 00:00:00-05:00,12.97302358740777,13.155102029158275,12.80232633702082,13.126651763916016,4079400,0.0,0.0
2010-01-15 00:00:00-05:00,13.08682663434472,13.08682663434472,12.847849756741658,12.927508354187012,3407100,0.0,0.0
2010-01-19 00:00:00-05:00,12.938877702713633,13.058366584770496,12.859219171519786,13.035606384277344,2031400,0.0,0.0
2010-01-20 00:00:00-05:00,12.853539423003845,13.046996941179874,12.853539423003845,12.984407424926758,2390900,0.0,0.0
2010-01-21 00:00:00-05:00,13.08113284326561,13.217690864997046,12.728358225109409,12.899055480957031,3639200,0.0,0.0
2010-01-22 00:00:00-05:00,12.825085708253722,12.96164371666229,12.637317225767038,12.643007278442383,4525200,0.0,0.0
2010-01-25 00:00:00-05:00,12.739743775117555,12.773884111996534,12.483697760128663,12.65439510345459,2833100,0.0,0.0
2010-01-26 00:00:00-05:00,12.586111206612603,12.603180282470115,12.341444323498358,12.364203453063965,2644500,0.0,0.0
2010-01-27 00:00:00-05:00,12.460934334384474,12.557663093491245,12.324376277751437,12.529213905334473,3511400,0.0,0.0
2010-01-28 00:00:00-05:00,12.523519514559487,12.523519514559487,12.290232779591888,12.392651557922363,3187100,0.0,0.0
2010-01-29 00:00:00-05:00,12.404030922633304,12.51782980955408,12.239023730391459,12.24471378326416,2586400,0.0,0.0
2010-02-01 00:00:00-05:00,12.278853416442871,12.381272200964759,12.210573865006062,12.278853416442871,3076900,0.0,0.0
2010-02-02 00:00:00-05:00,12.273166354772696,12.409724405663509,12.221956950030277,12.341445922851562,3304200,0.0,0.0
2010-02-03 00:00:00-05:00,12.318681807246502,12.426790636969502,12.244713293393865,12.330061912536621,1721400,0.0,0.0
2010-02-04 00:00:00-05:00,12.233333027494655,12.267472257650237,11.988666193302112,12.005736351013184,2646500,0.0,0.0
2010-02-05 00:00:00-05:00,11.903320136443249,11.977288665240117,11.687103518580505,11.880559921264648,4264200,0.0,0.0
2010-02-08 00:00:00-05:00,11.863495120992585,12.022812343596788,11.857805065147122,11.9260835647583,4295000,0.0,0.0
2010-02-09 00:00:00-05:00,12.017114639282227,12.142292521104709,11.943145052317636,12.017114639282227,2954900,0.0,0.0
2010-02-10 00:00:00-05:00,12.022808487755091,12.051258757858099,11.7895216992446,11.835041046142578,2653900,0.0,0.0
2010-02-11 00:00:00-05:00,11.772453353773743,11.886251185454578,11.647274328077852,11.823662757873535,2591900,0.0,0.0
2010-02-12 00:00:00-05:00,11.77814147361625,11.880559179727067,11.681412735678208,11.863490104675293,2274200,0.0,0.0
2010-02-16 00:00:00-05:00,11.78952123108383,11.937459373944357,11.78383117728918,11.880559921264648,2693600,0.0,0.0
2010-02-17 00:00:00-05:00,11.840727683655086,11.971596717834473,11.812278507027601,11.971596717834473,1562000,0.0,0.0
2010-02-18 00:00:00-05:00,11.982980254421447,12.119538307189941,11.909011716146946,12.119538307189941,1853600,0.0,0.0
2010-02-19 00:00:00-05:00,12.113843347820726,12.113843347820726,11.874866602329515,12.017114639282227,2674700,0.0,0.0
2010-02-22 00:00:00-05:00,11.590373266729,11.761070517294087,11.317256146451548,11.470884323120117,5533300,0.0,0.0
2010-02-23 00:00:00-05:00,11.248978437320963,11.374156357141306,11.16931877446554,11.226218223571777,3673200,0.0,0.0
2010-02-24 00:00:00-05:00,9.41113467317328,9.87201820625857,9.046978804754273,9.854948043823242,32118500,0.0,0.0
2010-02-25 00:00:00-05:00,9.718386328660479,9.872014476739135,9.581828336568268,9.866324424743652,7111000,0.0,0.0
2010-02-26 00:00:00-05:00,9.820807545755947,9.951675518523134,9.502172151328578,9.83218765258789,4387000,0.0,0.0
2010-03-01 00:00:00-05:00,9.917535078401452,9.98012457310635,9.746836752460796,9.758216857910156,3833800,0.0,0.0
2010-03-02 00:00:00-05:00,9.809426061756447,9.883395660512598,9.51923988988211,9.604588508605957,6484400,0.0,0.0
2010-03-03 00:00:00-05:00,9.63872943780753,9.775287453510828,9.598900152219064,9.621659278869629,4956600,0.0,0.0
2010-03-04 00:00:00-05:00,9.627355029347113,9.650114169466606,9.47941682013493,9.570455551147461,5249100,0.0,0.0
2010-03-05 00:00:00-05:00,9.570447534436367,9.672866292350937,9.456649758627355,9.496479034423828,5235900,0.0,0.0
2010-03-08 00:00:00-05:00,9.57045125271571,9.61597059777761,9.47372250880082,9.524931907653809,4767100,0.0,0.0
2010-03-09 00:00:00-05:00,9.530672980202542,9.702913616168189,9.15748365801784,9.576603889465332,10169600,0.15,0.0
2010-03-10 00:00:00-05:00,9.58234658893838,9.593828496381235,9.427329340126194,9.513449668884277,5990600,0.0,0.0
2010-03-11 00:00:00-05:00,9.513448574580291,9.743103123211824,9.513448574580291,9.679948806762695,4943500,0.0,0.0
2010-03-12 00:00:00-05:00,9.634019799714492,9.737363545699184,9.55938137224393,9.651243209838867,5560100,0.0,0.0
2010-03-15 00:00:00-04:00,9.605312098929302,9.73162294440566,9.58234718752962,9.66846752166748,5219600,0.0,0.0
2010-03-16 00:00:00-04:00,9.685686461325172,9.777548244300874,9.668461966362667,9.725875854492188,4253500,0.0,0.0
2010-03-17 00:00:00-04:00,9.714398245943455,9.78903557535426,9.64550132295857,9.685691833496094,4464600,0.0,0.0
2010-03-18 00:00:00-04:00,9.68569040206415,9.771810721758099,9.645499897466316,9.754586219787598,3999000,0.0,0.0
2010-03-19 00:00:00-04:00,9.708658218383789,9.846450990193492,9.651244289693176,9.708658218383789,4802700,0.0,0.0
2010-03-22 00:00:00-04:00,9.685689180587628,9.863671298186771,9.565119872157851,9.83496379852295,4174300,0.0,0.0
2010-03-23 00:00:00-04:00,9.90386274613808,10.133517315438452,9.875156335630296,10.116293907165527,5327100,0.0,0.0
2010-03-24 00:00:00-04:00,10.104810189839759,10.110551690550876,9.972758958721883,10.024430274963379,3947100,0.0,0.0
2010-03-25 00:00:00-04:00,10.030170529912649,10.150739839712688,9.961274720094757,9.967016220092773,3017700,0.0,0.0
2010-03-26 00:00:00-04:00,10.104812563099872,10.167966895596305,10.007209218245878,10.15074348449707,4230500,0.0,0.0
2010-03-29 00:00:00-04:00,10.248346959214548,10.248346959214548,10.081846682615149,10.208157539367676,3959800,0.0,0.0
2010-03-30 00:00:00-04:00,10.21389765177512,10.334465894910965,10.162225234694214,10.259828567504883,3118500,0.0,0.0
2010-03-31 00:00:00-04:00,10.231118009042804,10.259825507235753,10.133514705344949,10.219635009765625,3312600,0.0,0.0
2010-04-01 00:00:00-04:00,10.265567306817797,10.409101532050636,10.236860899802924,10.363170623779297,4389000,0.0,0.0
2010-04-05 00:00:00-04:00,10.38613619975255,10.455032011796073,10.340205293363805,10.41484260559082,2137400,0.0,0.0
2010-04-06 00:00:00-04:00,10.380395555760375,10.380395555760375,10.277050734091858,10.340206146240234,2313200,0.0,0.0
2010-04-07 00:00:00-04:00,10.317239717670665,10.403361128891808,10.282791810229748,10.391878128051758,2877400,0.0,0.0
2010-04-08 00:00:00-04:00,10.35743346773922,10.518191149581655,10.254088617937896,10.506708145141602,3459500,0.0,0.0
2010-04-09 00:00:00-04:00,10.506706046402138,10.53541355176788,10.409102718317339,10.523930549621582,2546100,0.0,0.0
2010-04-12 00:00:00-04:00,10.51819070259274,10.633018551954306,10.506707698640676,10.587087631225586,3514600,0.0,0.0
2010-04-13 00:00:00-04:00,10.374657496413413,10.604312123476646,10.271312640465046,10.495226860046387,6836600,0.0,0.0
2010-04-14 00:00:00-04:00,10.523933088686338,10.569864013273722,10.311501878044913,10.334467887878418,5985300,0.0,0.0
2010-04-15 00:00:00-04:00,10.345946971368855,10.351688471651029,10.225377655601614,10.231119155883789,4625800,0.0,0.0
2010-04-16 00:00:00-04:00,10.208154585818395,10.328722810474728,10.122033173830452,10.300016403198242,5973100,0.0,0.0
2010-04-19 00:00:00-04:00,10.30576147066616,10.374657310007427,10.213899621491388,10.334467887878418,4198400,0.0,0.0
2010-04-20 00:00:00-04:00,10.374655149733774,10.403362656048003,10.288534820949875,10.397621154785156,2677600,0.0,0.0
2010-04-21 00:00:00-04:00,10.374657117710495,10.386140122414405,10.122036489622449,10.17370891571045,4305300,0.0,0.0
2010-04-22 00:00:00-04:00,10.242606676497402,10.277054598313063,10.070365972339406,10.145003318786621,4043600,0.0,0.0
2010-04-23 00:00:00-04:00,10.110550433158028,10.38613586254299,10.007205623368879,10.374652862548828,3888700,0.0,0.0
2010-04-26 00:00:00-04:00,10.328721744192928,10.368911148262766,10.173704532712865,10.196670532226562,3880700,0.0,0.0
2010-04-27 00:00:00-04:00,10.455031672349653,10.650238291933789,10.248343147850509,10.374652862548828,7546900,0.0,0.0
2010-04-28 00:00:00-04:00,10.363176122130364,10.627279806124479,10.34595270681497,10.52967643737793,6484800,0.0,0.0
2010-04-29 00:00:00-04:00,10.564119799309204,10.874154282006828,10.500965478636212,10.856929779052734,6163800,0.0,0.0
2010-04-30 00:00:00-04:00,10.868412751713679,10.8913776605112,10.50670585620852,10.512447357177734,4558200,0.0,0.0
2010-05-03 00:00:00-04:00,10.529670594139459,10.902859351636513,10.506704593023722,10.862669944763184,4197400,0.0,0.0
2010-05-04 00:00:00-04:00,10.770806620921128,10.822479021110397,10.587083018061083,10.64449691772461,3119300,0.0,0.0
2010-05-05 00:00:00-04:00,10.61579679919434,10.70765866447582,10.466520994341982,10.52967643737793,3156600,0.0,0.0
2010-05-06 00:00:00-04:00,10.500966232166657,10.558379055974793,9.679950148789063,9.989983558654785,5362400,0.0,0.0
2010-05-07 00:00:00-04:00,9.97275857563201,10.081843799715049,9.651241118635724,9.863672256469727,6620800,0.0,0.0
2010-05-10 00:00:00-04:00,10.150744189528874,10.380398812465804,10.145002687070498,10.334467887878418,3345200,0.0,0.0
2010-05-11 00:00:00-04:00,10.300016341990192,10.334464249533116,9.938309480012162,9.955533981323242,6628600,0.0,0.0
2010-05-12 00:00:00-04:00,10.00720748986754,10.076103312524339,9.961276576403222,9.984241485595703,5235600,0.0,0.0
2010-05-13 00:00:00-04:00,9.98998155128196,10.070361459604879,9.898119737552225,9.91534423828125,3335600,0.0,0.0
2010-05-14 00:00:00-04:00,9.834963883226546,9.9440501927303,9.6856892640056,9.743102073669434,2668700,0.0,0.0
2010-05-17 00:00:00-04:00,9.789035083872085,10.024431158376032,9.58234651545361,9.783294677734375,3106400,0.0,0.0
2010-05-18 00:00:00-04:00,9.840707661941954,9.869415168500586,9.582346673390687,9.61679458618164,3112200,0.0,0.0
2010-05-19 00:00:00-04:00,9.565121172961847,9.75458631619274,9.524931763046096,9.662724494934082,4055100,0.0,0.0
2010-05-20 00:00:00-04:00,9.507709674238914,9.507709674238914,9.220641136169434,9.220641136169434,2730300,0.0,0.0
2010-05-21 00:00:00-04:00,9.042658033496862,9.404363873001776,9.042658033496862,9.3986234664917,3243400,0.0,0.0
2010-05-24 00:00:00-04:00,9.369916907375112,9.427330834004922,9.220641136169434,9.220641136169434,2644200,0.0,0.0
2010-05-25 00:00:00-04:00,9.059880969297378,9.134518838927303,8.962277643438219,9.12303638458252,3489200,0.0,0.0
2010-05-26 00:00:00-04:00,9.168966361351679,9.243604223364839,9.042656091210974,9.100069999694824,3236500,0.0,0.0
2010-05-27 00:00:00-04:00,9.226378931239124,9.329723738633572,9.1747065275419,9.323982238769531,2070500,0.0,0.0
2010-05-28 00:00:00-04:00,9.329723822321933,9.329723822321933,9.191931109586367,9.232120513916016,2368300,0.0,0.0
2010-06-01 00:00:00-04:00,9.163222744677311,9.31249788668776,9.088584899902344,9.088584899902344,1881300,0.0,0.0
2010-06-02 00:00:00-04:00,9.134515094251235,9.266566276550293,9.10580814884813,9.266566276550293,2194000,0.0,0.0
2010-06-03 00:00:00-04:00,9.306756373725685,9.381394765928405,9.278049973696312,9.375653266906738,3162900,0.0,0.0
2010-06-04 00:00:00-04:00,9.203414471383367,9.306758188690148,9.002466346752795,9.031172752380371,2881500,0.0,0.0
2010-06-07 00:00:00-04:00,9.100069966032116,9.146000873633445,8.927828788757324,8.927828788757324,2661100,0.0,0.0
2010-06-08 00:00:00-04:00,8.881450707470867,9.026382999970707,8.846667266879685,9.003193855285645,3784100,0.15,0.0
2010-06-09 00:00:00-04:00,9.003191146227449,9.124934257409752,8.753908054090468,8.794488906860352,4062400,0.0,0.0
2010-06-10 00:00:00-04:00,8.898842312091181,9.211896018256969,8.898842312091181,9.200301170349121,5494500,0.0,0.0
2010-06-11 00:00:00-04:00,9.136531203020544,9.206098632135184,9.090152916944117,9.194503784179688,2632200,0.0,0.0
2010-06-14 00:00:00-04:00,9.20030287793995,9.293060019800276,9.113343713982443,9.124938011169434,3389500,0.0,0.0
2010-06-15 00:00:00-04:00,9.200300473474305,9.269867897033691,9.14232789694452,9.269867897033691,3403700,0.0,0.0
2010-06-16 00:00:00-04:00,9.217692889338114,9.235085161199887,9.142328589428214,9.200301170349121,2511500,0.0,0.0
2010-06-17 00:00:00-04:00,9.252474340558068,9.252474340558068,9.084352962149884,9.235082626342773,2321400,0.0,0.0
2010-06-18 00:00:00-04:00,9.258274417772585,9.258274417772585,9.095949862307117,9.159720420837402,3163200,0.0,0.0
2010-06-21 00:00:00-04:00,9.211895395328002,9.275665395890563,9.061165699955323,9.101746559143066,2269400,0.0,0.0
2010-06-22 00:00:00-04:00,9.130735395293307,9.13653282029727,8.846668204573673,8.852465629577637,3656000,0.0,0.0
2010-06-23 00:00:00-04:00,8.840872986154102,8.980007903738478,8.78289982739077,8.910440444946289,3397300,0.0,0.0
2010-06-24 00:00:00-04:00,8.875654976060913,8.875654976060913,8.643762946550194,8.672749519348145,3736600,0.0,0.0
2010-06-25 00:00:00-04:00,8.748113189571143,9.304652657293495,8.71332919640209,9.014788627624512,13441000,0.0,0.0
2010-06-28 00:00:00-04:00,9.095950406290873,9.519152986593857,9.07855868604831,9.420598983764648,9904400,0.0,0.0
2010-06-29 00:00:00-04:00,9.287262149869767,9.316248167885124,8.991600121981136,9.107545852661133,4823400,0.0,0.0
2010-06-30 00:00:00-04:00,9.113340488232971,9.217691337471475,9.037975648138522,9.095948219299316,4051800,0.0,0.0
2010-07-01 00:00:00-04:00,9.101747858415361,9.119139578710953,8.840869842490214,9.003193855285645,4959600,0.0,0.0
2010-07-02 00:00:00-04:00,9.020584282435225,9.061165139111202,8.806084046903814,8.835070610046387,3279000,0.0,0.0
2010-07-06 00:00:00-04:00,8.922031591374378,9.10174731371009,8.800288450845468,8.869855880737305,2965500,0.0,0.0
2010-07-07 00:00:00-04:00,8.858263049706336,9.003195366534063,8.788695603973775,8.980006217956543,4783600,0.0,0.0
2010-07-08 00:00:00-04:00,8.400275247806118,8.406072671993517,7.791559529949269,8.243748664855957,22363100,0.0,0.0
2010-07-09 00:00:00-04:00,8.22055739313093,8.533611030871757,8.179975987196224,8.464043617248535,6917200,0.0,0.0
2010-07-12 00:00:00-04:00,8.446656166571177,8.493034468770938,8.179980652486071,8.330710411071777,6223800,0.0,0.0
2010-07-13 00:00:00-04:00,8.411872736975239,8.539412791900693,8.3828861598111,8.45245361328125,5563200,0.0,0.0
2010-07-14 00:00:00-04:00,8.475639642358548,8.49882878497333,8.32490993892607,8.382883071899414,3765200,0.0,0.0
2010-07-15 00:00:00-04:00,8.382886588720849,8.475643198093598,8.290129979348098,8.46984577178955,5606000,0.0,0.0
2010-07-16 00:00:00-04:00,8.446657569003763,8.458252422915331,8.10461711883545,8.10461711883545,5494000,0.0,0.0
2010-07-19 00:00:00-04:00,8.278535126740003,8.55100808142721,8.261143400700863,8.46984577178955,10664100,0.0,0.0
2010-07-20 00:00:00-04:00,8.406069926207419,8.539407321727024,8.220556835789665,8.516218185424805,7110400,0.0,0.0
2010-07-21 00:00:00-04:00,8.510426194285467,8.707534242275415,8.46984476784034,8.603182792663574,5912800,0.0,0.0
2010-07-22 00:00:00-04:00,8.649560174788792,8.759708485466161,8.597384455514769,8.72492504119873,5799300,0.0,0.0
2010-07-23 00:00:00-04:00,8.724922370147791,8.84666549355907,8.666949243619483,8.829273223876953,6524200,0.0,0.0
2010-07-26 00:00:00-04:00,8.893045047565947,9.055369051076413,8.8292744886751,8.997396469116211,8654200,0.0,0.0
2010-07-27 00:00:00-04:00,9.061166763305664,9.095950203013441,8.991599331017303,9.061166763305664,7510900,0.0,0.0
2010-07-28 00:00:00-04:00,8.991598241383198,9.130733089099058,8.956814253017862,8.97420597076416,5134800,0.0,0.0
2010-07-29 00:00:00-04:00,9.03217865594479,9.084354359488872,8.927827248856625,8.95681381225586,5756200,0.0,0.0
2010-07-30 00:00:00-04:00,8.904641849535983,9.130736475584722,8.82348010136947,9.090155601501465,5957700,0.0,0.0
2010-08-02 00:00:00-04:00,9.153921532479062,9.258272936746451,9.090151537022711,9.17711067199707,2825100,0.0,0.0
2010-08-03 00:00:00-04:00,9.136532217831665,9.165518788067217,9.00899164051894,9.032180786132812,2224200,0.0,0.0
2010-08-04 00:00:00-04:00,9.066965135752586,9.101748579097944,8.887248835558687,8.933627128601074,3946000,0.0,0.0
2010-08-05 00:00:00-04:00,8.875656314001453,8.974209791774083,8.67854825271025,8.701737403869629,7161600,0.0,0.0
2010-08-06 00:00:00-04:00,8.626372377080967,8.736520704988898,8.522020922209164,8.620574951171875,4171400,0.0,0.0
2010-08-09 00:00:00-04:00,8.632164245473048,8.661150250610953,8.516218013430985,8.56839370727539,2854900,0.0,0.0
2010-08-10 00:00:00-04:00,8.498831623562529,8.597385650810358,8.481439899010839,8.539412498474121,2561200,0.0,0.0
2010-08-11 00:00:00-04:00,8.4292608789496,8.452450020248898,8.237950325012207,8.237950325012207,3920900,0.0,0.0
2010-08-12 00:00:00-04:00,8.174183633300833,8.249547958374023,8.116210480150572,8.249547958374023,3869600,0.0,0.0
2010-08-13 00:00:00-04:00,8.237950472761455,8.255342190829667,8.116207340538468,8.191572189331055,2421900,0.0,0.0
2010-08-16 00:00:00-04:00,8.16838602525033,8.191575175418707,8.10461544763258,8.150994300842285,1722400,0.0,0.0
2010-08-17 00:00:00-04:00,8.214761072918328,8.25534193142659,8.11620708550735,8.122004508972168,2513300,0.0,0.0
2010-08-18 00:00:00-04:00,8.139398296351231,8.162587443234795,7.9364928464653905,8.075628280639648,3301900,0.0,0.0
2010-08-19 00:00:00-04:00,8.035045370540479,8.064031936993729,7.878518796289358,7.953883647918701,2250000,0.0,0.0
2010-08-20 00:00:00-04:00,7.884320081101403,7.8959143816367625,7.785766038622157,7.808955192565918,4140800,0.0,0.0
2010-08-23 00:00:00-04:00,7.826341821872624,7.9886657937441505,7.826341821872624,7.919098377227783,3173800,0.0,0.0
2010-08-24 00:00:00-04:00,7.866921803097144,7.907503206213469,7.745178699493408,7.745178699493408,2438300,0.0,0.0
2010-08-25 00:00:00-04:00,7.7219923391568726,7.826343766293419,7.675614049956811,7.768370628356934,3786100,0.0,0.0
2010-08-26 00:00:00-04:00,7.83794177321388,7.872725227693001,7.762576884678396,7.808955192565918,4248100,0.0,0.0
2010-08-27 00:00:00-04:00,7.843736016216421,7.9017091580678605,7.646627997368953,7.8785200119018555,3924400,0.0,0.0
2010-08-30 00:00:00-04:00,7.890114300374844,7.919100871270535,7.739385126888385,7.750979423522949,3880700,0.0,0.0
2010-08-31 00:00:00-04:00,7.704599301987927,7.716194148742459,7.269802500401988,7.437923908233643,10535300,0.0,0.0
2010-09-01 00:00:00-04:00,7.5306826822977575,7.571264104983353,7.443723517592556,7.5016961097717285,5929800,0.0,0.0
2010-09-02 00:00:00-04:00,7.530680999049608,7.530680999049608,7.252411291893141,7.287194728851318,14084200,0.0,0.0
2010-09-03 00:00:00-04:00,7.762574871911409,7.994466351221612,7.536480264929287,7.710399150848389,12734100,0.0,0.0
2010-09-07 00:00:00-04:00,7.675616886958605,7.681414313469617,7.217630697176092,7.252414703369141,8153100,0.0,0.0
2010-09-08 00:00:00-04:00,7.0939858035957215,7.598603279076868,7.029441323995048,7.557529926300049,10955600,0.15,0.0
2010-09-09 00:00:00-04:00,7.581002886760261,7.639679603178407,7.446046662831581,7.5868706703186035,7067400,0.0,0.0
2010-09-10 00:00:00-04:00,7.5868706703186035,7.627944036061722,7.492988371715682,7.5868706703186035,4337800,0.0,0.0
2010-09-13 00:00:00-04:00,7.639677013017746,7.710088713097512,7.504720834844689,7.551661968231201,3846200,0.0,0.0
2010-09-14 00:00:00-04:00,7.551660398653171,7.557528179002507,7.393234246297459,7.5340576171875,4125600,0.0,0.0
2010-09-15 00:00:00-04:00,7.52232127367824,7.72768908787469,7.463645155038021,7.721821308135986,7051200,0.0,0.0
2010-09-16 00:00:00-04:00,7.715955958546309,7.739426525310933,7.569264776371798,7.6103386878967285,2571400,0.0,0.0
2010-09-17 00:00:00-04:00,7.7159547719218065,7.7159547719218065,7.610337517514936,7.616204738616943,4619800,0.0,0.0
2010-09-20 00:00:00-04:00,7.627941865511013,7.798103623204498,7.627941865511013,7.762897491455078,2421500,0.0,0.0
2010-09-21 00:00:00-04:00,7.792232610828168,7.8274387279819075,7.492983133141497,7.5692620277404785,4824200,0.0,0.0
2010-09-22 00:00:00-04:00,7.575129508972168,7.680747296693086,7.551658951654434,7.575129508972168,2123800,0.0,0.0
2010-09-23 00:00:00-04:00,7.539926323803482,7.598602455758091,7.446043505427784,7.475381851196289,3494600,0.0,0.0
2010-09-24 00:00:00-04:00,7.581001858134215,7.68075192676092,7.551663503905908,7.669016361236572,3528800,0.0,0.0
2010-09-27 00:00:00-04:00,7.657279147295103,7.669014149853064,7.451911286497965,7.475381851196289,3495600,0.0,0.0
2010-09-28 00:00:00-04:00,7.563399305502904,7.563399305502904,7.340428589823886,7.504722595214844,4611900,0.0,0.0
2010-09-29 00:00:00-04:00,7.504721363702563,7.504721363702563,7.334559603289545,7.4401774406433105,5719800,0.0,0.0
2010-09-30 00:00:00-04:00,7.5105878190617235,7.639676201961351,7.446043347820714,7.598602294921875,6671600,0.0,0.0
2010-10-01 00:00:00-04:00,7.663146304125099,7.680749086319318,7.234807833795147,7.387366771697998,7706400,0.0,0.0
2010-10-04 00:00:00-04:00,7.36389650131008,7.4049698479216115,7.1937347744563915,7.281749248504639,5884400,0.0,0.0
2010-10-05 00:00:00-04:00,7.375634505445571,7.47538458174496,7.299355002417651,7.457781791687012,4086900,0.0,0.0
2010-10-06 00:00:00-04:00,7.457776722383496,7.580997288197159,7.393232829655283,7.575129508972168,4348500,0.0,0.0
2010-10-07 00:00:00-04:00,7.62207541665661,7.710090481631982,7.4695164183653615,7.545795917510986,3008800,0.0,0.0
2010-10-08 00:00:00-04:00,7.592737621693541,8.191238093173267,7.569267047885471,8.109090805053711,12476300,0.0,0.0
2010-10-11 00:00:00-04:00,8.085615076334635,8.378997341683606,8.079747856310174,8.337924003601074,8650500,0.0,0.0
2010-10-12 00:00:00-04:00,8.349659498991286,8.384865619139713,8.232306697800356,8.29685115814209,4211000,0.0,0.0
2010-10-13 00:00:00-04:00,8.349664185714365,8.37900254237549,8.032811164855957,8.032811164855957,9558100,0.0,0.0
2010-10-14 00:00:00-04:00,7.909588690036899,8.044544875714625,7.19373608629411,7.223074436187744,19346400,0.0,0.0
2010-10-15 00:00:00-04:00,7.287619888877889,7.328693251605966,6.689119439843982,7.252413749694824,16861800,0.0,0.0
2010-10-18 00:00:00-04:00,7.20546992936817,7.252411057800609,6.313587929569427,6.419205188751221,23898700,0.0,0.0
2010-10-19 00:00:00-04:00,6.425071591644663,6.542424387555808,6.307718795733517,6.366395473480225,21031600,0.0,0.0
2010-10-20 00:00:00-04:00,6.372262772698961,6.501351129594954,5.943924922410014,6.29598331451416,23376000,0.0,0.0
2010-10-21 00:00:00-04:00,6.389867757907058,6.61283841013076,6.114088193369529,6.231441020965576,13165600,0.0,0.0
2010-10-22 00:00:00-04:00,6.2549109387551205,6.3370581893567755,6.137558123311587,6.32532262802124,9262300,0.0,0.0
2010-10-25 00:00:00-04:00,6.430940441711601,6.5658960395760735,6.313587626268069,6.32532262802124,10685400,0.0,0.0
2010-10-26 00:00:00-04:00,6.3487923196818645,6.618704037945394,6.2842484199427355,6.583498477935791,11393300,0.0,0.0
2010-10-27 00:00:00-04:00,6.536560102832469,6.783001364706859,6.472015616409521,6.736059665679932,12698600,0.0,0.0
2010-10-28 00:00:00-04:00,6.753662738019048,6.847545013090112,6.6597804629479835,6.829942226409912,8693800,0.0,0.0
2010-10-29 00:00:00-04:00,6.824076261924543,6.9531647043213916,6.759532320517443,6.91209077835083,8025500,0.0,0.0
2010-11-01 00:00:00-04:00,7.005970669426912,7.011838451059735,6.747794432989674,6.812338352203369,7518400,0.0,0.0
2010-11-02 00:00:00-04:00,6.917957373780066,6.917957373780066,6.706722234888918,6.806472301483154,6397400,0.0,0.0
2010-11-03 00:00:00-04:00,6.788866674078435,6.894484487852317,6.7301905461014515,6.835807800292969,4091900,0.0,0.0
2010-11-04 00:00:00-04:00,6.876881438992219,6.9531609060311945,6.542425228193271,6.9003520011901855,10534700,0.0,0.0
2010-11-05 00:00:00-04:00,6.98836834895157,7.551662552774449,6.98836834895157,7.1702656745910645,14051900,0.0,0.0
2010-11-08 00:00:00-05:00,7.2348116547551,7.352164530665361,7.052914836989857,7.246547222137451,5994800,0.0,0.0
2010-11-09 00:00:00-05:00,7.281752320109838,7.346296817248411,7.135061095096884,7.187870025634766,4544300,0.0,0.0
2010-11-10 00:00:00-05:00,7.2054701253167055,7.211337906425929,6.959028914553378,7.193735122680664,7625500,0.0,0.0
2010-11-11 00:00:00-05:00,7.146794127228065,7.6220732143554235,7.099852996637274,7.5105881690979,9827100,0.0,0.0
2010-11-12 00:00:00-05:00,7.481249362670977,7.745293345907593,7.393234888119565,7.539926052093506,8653500,0.0,0.0
2010-11-15 00:00:00-05:00,7.586869048249662,7.680751326780599,7.516457339351461,7.522324562072754,5026900,0.0,0.0
2010-11-16 00:00:00-05:00,7.4343125718757275,7.49298929552814,7.193739012149708,7.311091899871826,5779300,0.0,0.0
2010-11-17 00:00:00-05:00,7.322822937054147,7.387367409980309,7.223073456280125,7.26414680480957,4453100,0.0,0.0
2010-11-18 00:00:00-05:00,7.369763795108632,7.592733855906992,7.316954890336579,7.352160453796387,5164700,0.0,0.0
2010-11-19 00:00:00-05:00,7.334557253296574,7.375630594848696,7.0411749631647105,7.369763374328613,7826100,0.0,0.0
2010-11-22 00:00:00-05:00,7.340428461117123,7.487119674682616,7.258281180070721,7.487119674682617,4214600,0.0,0.0
2010-11-23 00:00:00-05:00,7.399102401938189,7.440176309990873,7.2582790132551676,7.4343085289001465,4776300,0.0,0.0
2010-11-24 00:00:00-05:00,7.428442283541818,7.557530696313115,7.428442283541818,7.522324562072754,3388900,0.0,0.0
2010-11-26 00:00:00-05:00,7.481250638521152,7.5223239923721295,7.451912288806534,7.49298620223999,1014100,0.0,0.0
2010-11-29 00:00:00-05:00,7.422571853653296,7.5575280005903975,7.404969072603177,7.528189659118652,3220600,0.0,0.0
2010-11-30 00:00:00-05:00,7.475381242251451,7.592734056183508,7.369763989503779,7.387366771697998,7681400,0.0,0.0
2010-12-01 00:00:00-05:00,7.487119317064773,7.551663246500962,7.381501469275969,7.446045398712158,6022700,0.0,0.0
2010-12-02 00:00:00-05:00,7.48125144575815,7.991736771377625,7.440178087475301,7.845045566558838,8251400,0.0,0.0
2010-12-03 00:00:00-05:00,7.82157132536486,7.868512444109944,7.710086308240853,7.721821308135986,6441100,0.0,0.0
2010-12-06 00:00:00-05:00,7.733559797625982,7.768765370231987,7.492986333015824,7.63967752456665,8174700,0.0,0.0
2010-12-07 00:00:00-05:00,7.745297974646819,8.050416046656595,7.7394301902813885,7.9506659507751465,8363300,0.0,0.0
2010-12-08 00:00:00-05:00,8.021071173199443,8.026938952801624,7.234806613139577,7.463644981384277,14260000,0.0,0.0
2010-12-09 00:00:00-05:00,7.689279618401849,7.808032860078842,7.6120898697467725,7.754594326019287,6211400,0.15,0.0
2010-12-10 00:00:00-05:00,7.754595258995102,7.754595258995102,7.677405501053122,7.742719650268555,3882200,0.0,0.0
2010-12-13 00:00:00-05:00,7.772407960106861,7.998039425339365,7.701156007863993,7.897099018096924,5145100,0.0,0.0
2010-12-14 00:00:00-05:00,7.891160913121263,7.903036521172598,7.754594818091867,7.796158313751221,4658300,0.0,0.0
2010-12-15 00:00:00-05:00,7.760532497098184,7.8139716038472615,7.6892805435194775,7.742719650268555,3638500,0.0,0.0
2010-12-16 00:00:00-05:00,7.81397207460887,7.831784922511654,7.677405963587151,7.7011566162109375,4145600,0.0,0.0
2010-12-17 00:00:00-05:00,7.683341886027669,7.7308437493992415,7.618027744064466,7.7130303382873535,4307700,0.0,0.0
2010-12-20 00:00:00-05:00,7.701153479539464,7.808031089685258,7.6714650342867445,7.683340072631836,2916400,0.0,0.0
2010-12-21 00:00:00-05:00,7.68927844104905,7.7189668884875475,7.600213664993593,7.623964309692383,3480500,0.0,0.0
2010-12-22 00:00:00-05:00,7.618026756275049,7.677403653095329,7.600213913732987,7.659590244293213,2329300,0.0,0.0
2010-12-23 00:00:00-05:00,7.6477147418129885,7.677403188426257,7.505210877581322,7.53489875793457,2804000,0.0,0.0
2010-12-27 00:00:00-05:00,7.107388668975813,7.125201514208495,6.786754623486836,7.006448268890381,12781000,0.0,0.0
2010-12-28 00:00:00-05:00,7.048008775745702,7.125198494049088,6.964881256128232,7.024258136749268,8359700,0.0,0.0
2010-12-29 00:00:00-05:00,7.0658223155362805,7.08957295689274,6.923318467397522,6.988633155822754,4627100,0.0,0.0
2010-12-30 00:00:00-05:00,6.988633746695545,7.024259428612324,6.93519465756037,7.000508785247803,3351200,0.0,0.0
2010-12-31 00:00:00-05:00,6.988634157751454,7.0895739732927225,6.93519506547311,7.071761131286621,3577300,0.0,0.0
2011-01-03 00:00:00-05:00,7.214264109191212,7.623963388570842,7.071760258215674,7.416144847869873,8481500,0.0,0.0
2011-01-04 00:00:00-05:00,7.433960222911604,7.475523715556407,7.303331375122071,7.30333137512207,5579900,0.0,0.0
2011-01-05 00:00:00-05:00,7.273640830425347,7.528960648941422,7.273640830425347,7.475521564483643,4604000,0.0,0.0
2011-01-06 00:00:00-05:00,7.4695837625972334,7.570524129626381,7.422082480025864,7.475521564483643,3260900,0.0,0.0
2011-01-07 00:00:00-05:00,7.49333532147813,7.594275700867917,7.309267970539125,7.5883378982543945,6935500,0.0,0.0
2011-01-10 00:00:00-05:00,7.564588757392407,7.564588757392407,7.362707958492493,7.517087459564209,4962600,0.0,0.0
2011-01-11 00:00:00-05:00,7.5348993940143,7.594276292253305,7.404271123904597,7.570525646209717,6536100,0.0,0.0
2011-01-12 00:00:00-05:00,7.606152451949551,7.606152451949551,7.475523606073152,7.499274253845215,4136000,0.0,0.0
2011-01-13 00:00:00-05:00,7.5052088777690065,7.5052088777690065,7.356767250515932,7.439894199371338,4216000,0.0,0.0
2011-01-14 00:00:00-05:00,7.422085983452225,7.606153964996337,7.4161481787630095,7.606153964996338,3458600,0.0,0.0
2011-01-18 00:00:00-05:00,7.618026980608389,7.80803215001241,7.6061519406506735,7.790219306945801,5740100,0.0,0.0
2011-01-19 00:00:00-05:00,7.796157819041204,7.808032860078842,7.683341814752969,7.754594326019287,3840100,0.0,0.0
2011-01-20 00:00:00-05:00,7.718968820336639,7.885223374837194,7.6892803654679245,7.8436598777771,6359300,0.0,0.0
2011-01-21 00:00:00-05:00,8.045540869092237,8.188044776097662,8.021790217924668,8.182106971740723,6526900,0.0,0.0
2011-01-24 00:00:00-05:00,8.164293944586829,8.182106791003987,7.754595079431133,7.8436598777771,6765900,0.0,0.0
2011-01-25 00:00:00-05:00,7.867410591024165,7.9564753900788565,7.582402781041008,7.760532379150391,6572100,0.0,0.0
2011-01-26 00:00:00-05:00,7.778345791969475,7.8139714850872775,7.629904082704868,7.760532379150391,4879500,0.0,0.0
2011-01-27 00:00:00-05:00,7.802094184640888,7.861470511405328,7.65365251833976,7.784280776977539,4759000,0.0,0.0
2011-01-28 00:00:00-05:00,7.784281342929826,7.784281342929826,7.362706957333867,7.422083854675293,10742700,0.0,0.0
2011-01-31 00:00:00-05:00,7.451771848875214,7.552712228443421,7.362706508295016,7.433959007263184,5547900,0.0,0.0
2011-02-01 00:00:00-05:00,7.481460120472282,7.564587090221077,7.398332584463475,7.52302360534668,4158000,0.0,0.0
2011-02-02 00:00:00-05:00,7.511151122134244,7.641779999793867,7.487400468583426,7.612091541290283,3158600,0.0,0.0
2011-02-03 00:00:00-05:00,7.618026938296894,7.6833410733517455,7.564587843133802,7.570525646209717,3870200,0.0,0.0
2011-02-04 00:00:00-05:00,7.623967151195815,7.635842194841101,7.523026732039777,7.612091541290283,2757800,0.0,0.0
2011-02-07 00:00:00-05:00,7.641776534141535,7.707090660220355,7.5764624080627145,7.600213050842285,2084500,0.0,0.0
2011-02-08 00:00:00-05:00,7.600214118657114,7.659590450818299,7.552712826424138,7.582401275634766,4927000,0.0,0.0
2011-02-09 00:00:00-05:00,7.570525380496603,7.897097176828859,7.546774735286624,7.855533123016357,5617600,0.0,0.0
2011-02-10 00:00:00-05:00,7.837723975711378,7.861474632118431,7.68334442593538,7.802098274230957,3349800,0.0,0.0
2011-02-11 00:00:00-05:00,7.819908409794701,7.89709815788139,7.69521736538699,7.867409706115723,3322300,0.0,0.0
2011-02-14 00:00:00-05:00,7.8733461665906335,7.980223781950401,7.77240578756306,7.837719917297363,3281600,0.0,0.0
2011-02-15 00:00:00-05:00,7.802094028973424,8.277106898651557,7.7961562265374456,8.271169662475586,10271700,0.0,0.0
2011-02-16 00:00:00-05:00,8.288980663400256,8.484923570208881,8.182102508319229,8.354294776916504,7508400,0.0,0.0
2011-02-17 00:00:00-05:00,8.366171555741076,8.746181820566019,8.360233753788197,8.443361282348633,7194200,0.0,0.0
2011-02-18 00:00:00-05:00,8.461178027186277,8.63930820416856,8.431489569979194,8.633370399475098,4179200,0.0,0.0
2011-02-22 00:00:00-05:00,8.526488305213059,8.769933090670685,8.360233813171234,8.4017972946167,6546400,0.0,0.0
2011-02-23 00:00:00-05:00,8.413676033988004,8.603681238556089,8.330548473859379,8.4196138381958,4265900,0.0,0.0
2011-02-24 00:00:00-05:00,8.603679609129458,9.185571287306656,8.603679609129458,8.85306167602539,13198200,0.0,0.0
2011-02-25 00:00:00-05:00,8.870873713552028,9.025253182138746,8.817435189435102,9.013378143310547,4534600,0.0,0.0
2011-02-28 00:00:00-05:00,9.025252568070282,9.054941012510838,8.823371825386477,9.019314765930176,4748600,0.0,0.0
2011-03-01 00:00:00-05:00,8.99556609179292,9.031192346168343,8.651181419957608,8.740246772766113,6858400,0.0,0.0
2011-03-02 00:00:00-05:00,8.734307805627896,8.77587129164484,8.591803939632642,8.651180267333984,4343700,0.0,0.0
2011-03-03 00:00:00-05:00,8.740246272702967,8.781809761879535,8.603679632714133,8.728370666503906,3956100,0.0,0.0
2011-03-04 00:00:00-05:00,8.72243277368004,8.78774747458286,8.49680192081959,8.591804504394531,4307100,0.0,0.0
2011-03-07 00:00:00-05:00,8.633364017865501,8.775867827611279,8.591800548254602,8.680865287780762,4466800,0.0,0.0
2011-03-08 00:00:00-05:00,8.722864259739664,9.11881261569076,8.704866763231914,9.01082706451416,5767200,0.15,0.0
2011-03-09 00:00:00-05:00,8.974831239791872,9.13081106402794,8.938835675687363,9.112812995910645,6158600,0.0,0.0
2011-03-10 00:00:00-05:00,9.508760242131185,9.86271417643758,9.346781090310978,9.502760887145996,14676400,0.0,0.0
2011-03-11 00:00:00-05:00,9.35878032625941,9.646742516172615,9.352780970937047,9.490762710571289,7069500,0.0,0.0
2011-03-14 00:00:00-04:00,9.412772695383751,9.742729796483847,9.36477899763792,9.634743690490723,8239400,0.0,0.0
2011-03-15 00:00:00-04:00,9.388775189176258,9.628743661104545,9.30478651006634,9.544754981994629,4989100,0.0,0.0
2011-03-16 00:00:00-04:00,9.538756408890157,9.65874122681734,9.364779109451758,9.490762710571289,7588000,0.0,0.0
2011-03-17 00:00:00-04:00,9.574753060553897,9.652742972248161,9.472766296963712,9.532758712768555,5102100,0.0,0.0
2011-03-18 00:00:00-04:00,9.616746027049365,9.664739721092397,9.544754913854854,9.640742301940918,6443000,0.0,0.0
2011-03-21 00:00:00-04:00,9.718735557644235,9.838719255037962,9.676740062083166,9.736732482910156,7099800,0.0,0.0
2011-03-22 00:00:00-04:00,9.724729907832259,9.790721658960136,9.628742530333419,9.664738655090332,4814500,0.0,0.0
2011-03-23 00:00:00-04:00,9.634745386987722,9.772728293530687,9.472766771606663,9.754730224609375,3549700,0.0,0.0
2011-03-24 00:00:00-04:00,9.784724159785187,9.910708331798395,9.754728527727766,9.880711555480957,3418200,0.0,0.0
2011-03-25 00:00:00-04:00,9.898710742853575,9.96470251396918,9.778725912508868,9.93470573425293,2371100,0.0,0.0
2011-03-28 00:00:00-04:00,9.958703323396385,10.042692019476277,9.922708331399312,9.988698959350586,3089300,0.0,0.0
2011-03-29 00:00:00-04:00,9.982698364246447,10.150676879816757,9.964701442611787,10.078685760498047,3189400,0.0,0.0
2011-03-30 00:00:00-04:00,10.102685021563543,10.192673078905287,10.042692601915638,10.054691314697266,4238800,0.0,0.0
2011-03-31 00:00:00-04:00,10.030691567095603,10.162675088619734,10.012694646349562,10.04269027709961,4163400,0.0,0.0
2011-04-01 00:00:00-04:00,10.12667990178902,10.654611748536261,10.12667990178902,10.462636947631836,7016200,0.0,0.0
2011-04-04 00:00:00-04:00,10.456640088398581,10.780597356198527,10.414645733707879,10.600621223449707,8531400,0.0,0.0
2011-04-05 00:00:00-04:00,10.468640503725027,10.792597824173804,10.468640503725027,10.672614097595215,5556600,0.0,0.0
2011-04-06 00:00:00-04:00,10.672610742716655,10.678608954538626,10.450639144718034,10.510631561279297,9002400,0.0,0.0
2011-04-07 00:00:00-04:00,10.462637915116808,10.798593847765552,10.438640490654665,10.780595779418945,8042700,0.0,0.0
2011-04-08 00:00:00-04:00,10.708607306495061,10.798595372413104,10.36065261248772,10.450640678405762,5750000,0.0,0.0
2011-04-11 00:00:00-04:00,10.43264409768586,10.594623326031169,10.396649095029291,10.438643455505371,5137700,0.0,0.0
2011-04-12 00:00:00-04:00,10.324657797333776,10.510634454289034,10.282663437460165,10.384650230407715,6110700,0.0,0.0
2011-04-13 00:00:00-04:00,10.432639355513384,10.708603968468266,10.432639355513384,10.56462287902832,5074600,0.0,0.0
2011-04-14 00:00:00-04:00,10.492632501172865,10.666610378328524,10.474634434627779,10.558624267578125,3695800,0.0,0.0
2011-04-15 00:00:00-04:00,10.516630414160682,10.648612808872215,10.498632346775425,10.594619750976562,3529600,0.0,0.0
2011-04-18 00:00:00-04:00,10.498634443089282,10.61261993743572,10.432642660426554,10.600621223449707,3402800,0.0,0.0
2011-04-19 00:00:00-04:00,10.636614726690274,10.72060456853135,10.492633611868667,10.612618446350098,2601000,0.0,0.0
2011-04-20 00:00:00-04:00,10.714606614201,10.756600968485674,10.624617404436313,10.696608543395996,3538100,0.0,0.0
2011-04-21 00:00:00-04:00,10.684609512794616,10.792595645902864,10.57062516718951,10.588622093200684,3607800,0.0,0.0
2011-04-25 00:00:00-04:00,10.600616683185002,10.738598402145284,10.600616683185002,10.72659969329834,4053600,0.0,0.0
2011-04-26 00:00:00-04:00,10.78059586960385,10.78059586960385,10.624616042075614,10.684608459472656,2900000,0.0,0.0
2011-04-27 00:00:00-04:00,10.648611172988895,10.648611172988895,10.312655309895831,10.504630088806152,7445600,0.0,0.0
2011-04-28 00:00:00-04:00,10.534626845518007,10.696606011643608,10.474634434627779,10.558624267578125,4385200,0.0,0.0
2011-04-29 00:00:00-04:00,10.606619320108464,10.636614957248915,10.366650790204243,10.372650146484375,3452100,0.0,0.0
2011-05-02 00:00:00-04:00,10.46263892561033,10.648614406112943,10.438641498830489,10.486635208129883,5496000,0.0,0.0
2011-05-03 00:00:00-04:00,10.43863972313236,10.480634068593211,10.288659264052125,10.342652320861816,3915500,0.0,0.0
2011-05-04 00:00:00-04:00,10.342651807965309,10.462636626983436,10.132678946813604,10.180672645568848,4746500,0.0,0.0
2011-05-05 00:00:00-04:00,10.168672690279779,10.3606474402026,10.000694211967428,10.318653106689453,6278500,0.0,0.0
2011-05-06 00:00:00-04:00,10.39664537767151,10.516630202639735,10.324654253838554,10.342652320861816,4268500,0.0,0.0
2011-05-09 00:00:00-04:00,10.31865916419376,10.378650450567322,9.37078184967968,9.556757926940918,17938000,0.0,0.0
2011-05-10 00:00:00-04:00,9.50876178216794,9.550756129605693,9.118812226924259,9.38277816772461,14412000,0.0,0.0
2011-05-11 00:00:00-04:00,9.38877641021562,9.682737969590871,9.346782065199166,9.51476001739502,5567900,0.0,0.0
2011-05-12 00:00:00-04:00,9.478764458455526,9.574751853942871,9.214798548735317,9.574751853942871,8334100,0.0,0.0
2011-05-13 00:00:00-04:00,9.532757625697808,9.652741871494978,9.454767722897145,9.490762710571289,3442100,0.0,0.0
2011-05-16 00:00:00-04:00,9.478766186046784,9.616748521305883,9.442770620113507,9.520760536193848,3709300,0.0,0.0
2011-05-17 00:00:00-04:00,9.442772434705123,9.628747940063477,9.382780576128006,9.628747940063477,4537700,0.0,0.0
2011-05-18 00:00:00-04:00,9.628745692464763,9.95270405610785,9.544756995635892,9.892711639404297,5876000,0.0,0.0
2011-05-19 00:00:00-04:00,9.964701558908946,9.964701558908946,9.748729342692243,9.81472110748291,2677800,0.0,0.0
2011-05-20 00:00:00-04:00,9.766726781454878,9.904708513281498,9.742729361523311,9.796722412109375,2477800,0.0,0.0
2011-05-23 00:00:00-04:00,9.706736518412757,9.808723287113096,9.382778715520532,9.754730224609375,5115500,0.0,0.0
2011-05-24 00:00:00-04:00,9.742733808578377,10.084689188868442,9.62874830039486,9.964705467224121,5171700,0.0,0.0
2011-05-25 00:00:00-04:00,9.88671457903728,9.904712651505614,9.54475921196203,9.556757926940918,5382100,0.0,0.0
2011-05-26 00:00:00-04:00,9.550754126266987,9.628743448826834,9.496761078240976,9.538755416870117,4858400,0.0,0.0
2011-05-27 00:00:00-04:00,9.544755858906115,9.622746334610534,9.508760870874863,9.580751419067383,2756800,0.0,0.0
2011-05-31 00:00:00-04:00,9.640743311388142,9.718733787536621,9.568752762785724,9.718733787536621,2760900,0.0,0.0
2011-06-01 00:00:00-04:00,9.712736201135511,9.766729265453778,9.60475007249898,9.736732482910156,4857700,0.0,0.0
2011-06-02 00:00:00-04:00,9.73073509006091,9.790727522994356,9.634747655071592,9.688740730285645,3394700,0.0,0.0
2011-06-03 00:00:00-04:00,9.604746258088607,9.850714055961861,9.58674819571015,9.664738655090332,2976100,0.0,0.0
2011-06-06 00:00:00-04:00,9.628745548222161,9.688737964027004,9.496763148859634,9.532758712768555,2417600,0.0,0.0
2011-06-07 00:00:00-04:00,9.574755427279031,9.68274100143793,9.538759854472584,9.556757926940918,2886700,0.0,0.0
2011-06-08 00:00:00-04:00,9.58703831731631,9.647601014316757,9.381125840597209,9.441688537597656,3960400,0.15,0.0
2011-06-09 00:00:00-04:00,9.453800710843996,9.599151067829794,9.453800710843996,9.550701141357422,2027600,0.0,0.0
2011-06-10 00:00:00-04:00,9.50830468350052,9.562810981765708,9.308448641573856,9.320561408996582,3457400,0.0,0.0
2011-06-13 00:00:00-04:00,9.350842172416318,9.39323628082732,9.235773769743119,9.320561408996582,1990100,0.0,0.0
2011-06-14 00:00:00-04:00,9.393238615399138,9.574926128916408,9.381125844965934,9.556756973266602,3011000,0.0,0.0
2011-06-15 00:00:00-04:00,9.502250114197121,9.60520634667512,9.296338226809771,9.33873176574707,3349200,0.0,0.0
2011-06-16 00:00:00-04:00,9.314507484436035,9.405350953816177,9.205494859124911,9.314507484436035,2452700,0.0,0.0
2011-06-17 00:00:00-04:00,9.369014223461605,9.393239188236665,9.247889399586306,9.326620101928711,2533500,0.0,0.0
2011-06-20 00:00:00-04:00,9.290281163840447,9.484080844915328,9.253943434854603,9.417462348937988,1982500,0.0,0.0
2011-06-21 00:00:00-04:00,9.478021280408143,9.70815919082122,9.471965475582863,9.689990043640137,2932700,0.0,0.0
2011-06-22 00:00:00-04:00,9.671822183283135,9.799003335035117,9.64154084666248,9.726327896118164,3534300,0.0,0.0
2011-06-23 00:00:00-04:00,9.574924640870702,9.756612126151794,9.417462115122516,9.732386589050293,4781200,0.0,0.0
2011-06-24 00:00:00-04:00,9.908020343253973,10.010976587229257,9.556757490087957,9.599151611328125,8985000,0.0,0.0
2011-06-27 00:00:00-04:00,9.550695636255002,9.750551612147017,9.550695636255002,9.653651237487793,5266700,0.0,0.0
2011-06-28 00:00:00-04:00,9.696049435655787,9.853511961357212,9.683936667108636,9.841399192810059,5196500,0.0,0.0
2011-06-29 00:00:00-04:00,9.865626096400053,9.865626096400053,9.55675680892046,9.792950630187988,4852500,0.0,0.0
2011-06-30 00:00:00-04:00,9.817171274567364,9.853509571394993,9.714216232299805,9.714216232299805,4100100,0.0,0.0
2011-07-01 00:00:00-04:00,9.738441782056654,9.938297818147596,9.732385398522135,9.877735137939453,3375600,0.0,0.0
2011-07-05 00:00:00-04:00,9.841399195732667,9.847455580008042,9.714218591361357,9.732386589050293,3433300,0.0,0.0
2011-07-06 00:00:00-04:00,9.720273817612906,9.841399192810059,9.659711707582924,9.841399192810059,3177400,0.0,0.0
2011-07-07 00:00:00-04:00,9.914072036743164,9.968577170569674,9.853509365101964,9.914072036743164,5105000,0.0,0.0
2011-07-08 00:00:00-04:00,9.817172799378234,9.835341950614096,9.689992206138468,9.762667655944824,3527300,0.0,0.0
2011-07-11 00:00:00-04:00,9.671825957538353,9.756613617649345,9.496194829683834,9.550701141357422,2760600,0.0,0.0
2011-07-12 00:00:00-04:00,9.520417491046286,9.599148746920193,9.441686235172378,9.544642448425293,3101500,0.0,0.0
2011-07-13 00:00:00-04:00,9.58703829742736,9.617319645864763,9.53253198575377,9.550701141357422,2727500,0.0,0.0
2011-07-14 00:00:00-04:00,9.58703429465639,9.58703429465639,9.320559810316558,9.35084056854248,3388400,0.0,0.0
2011-07-15 00:00:00-04:00,9.387180048314123,9.40534862217231,9.217605344644417,9.308448791503906,2330800,0.0,0.0
2011-07-18 00:00:00-04:00,9.253944106033718,9.272113260628734,9.108594334685488,9.169157028198242,2262600,0.0,0.0
2011-07-19 00:00:00-04:00,9.19337970738612,9.266054575015167,9.084367117158298,9.223660469055176,3546900,0.0,0.0
2011-07-20 00:00:00-04:00,9.259999827729608,9.302393363611268,9.181268562828947,9.25394344329834,2629100,0.0,0.0
2011-07-21 00:00:00-04:00,9.31450842184915,9.381126934261168,9.211552171486826,9.369014739990234,2419000,0.0,0.0
2011-07-22 00:00:00-04:00,9.362954819678663,9.453798263909102,9.241830034848567,9.39323616027832,1264900,0.0,0.0
2011-07-25 00:00:00-04:00,9.308453534837323,9.411409801778337,9.296341338616003,9.362959861755371,1670200,0.0,0.0
2011-07-26 00:00:00-04:00,9.39323655795861,9.405348748170146,9.284223958212005,9.29028034210205,1785700,0.0,0.0
2011-07-27 00:00:00-04:00,9.247889429184271,9.27817020207347,9.048032747189488,9.1025390625,3281300,0.0,0.0
2011-07-28 00:00:00-04:00,9.090425216797692,9.181268674093177,8.981412605988218,9.066200256347656,2004800,0.0,0.0
2011-07-29 00:00:00-04:00,8.975356768907679,9.08436938636604,8.890569690945533,9.060144424438477,3122300,0.0,0.0
2011-08-01 00:00:00-04:00,9.120706266542228,9.120706266542228,8.781556253650376,8.817893981933594,3209400,0.0,0.0
2011-08-02 00:00:00-04:00,8.745219347484761,8.82395061819258,8.611982345581055,8.611982345581055,3391900,0.0,0.0
2011-08-03 00:00:00-04:00,8.593816043551428,8.684660114169708,8.478747580517553,8.672547340393066,3227700,0.0,0.0
2011-08-04 00:00:00-04:00,8.569586849225809,8.684655833105765,8.42423710096871,8.436349868774414,5084000,0.0,0.0
2011-08-05 00:00:00-04:00,8.527192462474382,8.587755140296382,8.103255450425872,8.309167861938477,6553300,0.0,0.0
2011-08-08 00:00:00-04:00,7.9760770610654355,8.206214508175258,7.630871179185053,7.709601879119873,5656500,0.0,0.0
2011-08-09 00:00:00-04:00,7.794390220625932,8.072977620058886,7.594534105551068,8.06692123413086,7578100,0.0,0.0
2011-08-10 00:00:00-04:00,7.897344570662438,8.085088446270174,7.758051193250741,7.782276153564453,5738800,0.0,0.0
2011-08-11 00:00:00-04:00,7.80044642227612,8.39395836755155,7.782277842490006,8.303114891052246,4015800,0.0,0.0
2011-08-12 00:00:00-04:00,8.321281692912939,8.369731613703253,8.115369240769791,8.175931930541992,3130500,0.0,0.0
2011-08-15 00:00:00-04:00,8.254662542850578,8.490856321184765,8.236493968384432,8.478743553161621,2571100,0.0,0.0
2011-08-16 00:00:00-04:00,8.46057347721791,8.569585482237263,8.29099822039942,8.484798431396484,4049000,0.0,0.0
2011-08-17 00:00:00-04:00,8.551419665786305,8.624094551733828,8.418182086098186,8.502969741821289,2314200,0.0,0.0
2011-08-18 00:00:00-04:00,8.272832183850415,8.315225722259656,8.0305825678424,8.127482414245605,6850000,0.0,0.0
2011-08-19 00:00:00-04:00,8.04875387196632,8.242553630441664,8.006360319192048,8.030585289001465,2631300,0.0,0.0
2011-08-22 00:00:00-04:00,8.2183269956512,8.230439766886358,8.03058366205603,8.115370750427246,2540300,0.0,0.0
2011-08-23 00:00:00-04:00,8.169877467659697,8.720995879452651,8.157765273397558,8.714940071105957,5621800,0.0,0.0
2011-08-24 00:00:00-04:00,8.690713882446289,8.866345006306013,8.61803841682208,8.690713882446289,5552500,0.0,0.0
2011-08-25 00:00:00-04:00,8.763389682070338,8.763389682070338,8.188046325273541,8.206214904785156,5329800,0.0,0.0
2011-08-26 00:00:00-04:00,8.151704219290211,8.502966315268152,7.945791836633816,8.454516410827637,3664800,0.0,0.0
2011-08-29 00:00:00-04:00,8.575644228783727,9.066200408067008,8.53930707628489,9.05408763885498,4165200,0.0,0.0
2011-08-30 00:00:00-04:00,8.999581203082991,9.181268695669548,8.969300435625746,9.126762390136719,4637300,0.0,0.0
2011-08-31 00:00:00-04:00,9.199436992238647,9.290281024556984,9.06014361794657,9.15704345703125,2950800,0.0,0.0
2011-09-01 00:00:00-04:00,9.187323972046565,9.393236400303675,9.072254990341216,9.193380355834961,3813200,0.0,0.0
2011-09-02 00:00:00-04:00,8.393954606260332,8.963241908438498,7.9821303760887306,8.121423721313477,13583500,0.0,0.0
2011-09-06 00:00:00-04:00,7.848892458676699,8.181986003169222,7.842836075897019,8.169873237609863,7090300,0.0,0.0
2011-09-07 00:00:00-04:00,8.284943619593886,8.642262178855399,8.194099595039905,8.563530921936035,6507700,0.0,0.0
2011-09-08 00:00:00-04:00,8.496914765760803,8.52113973175992,8.212271559663357,8.230440139770508,5442000,0.0,0.0
2011-09-09 00:00:00-04:00,8.266775871521364,8.315225795147661,7.915513636446394,7.9518513679504395,6872400,0.0,0.0
2011-09-12 00:00:00-04:00,7.8973476662652455,8.042697485121755,7.776222817218154,8.030585289001465,5282200,0.0,0.0
2011-09-13 00:00:00-04:00,8.03057891802356,8.153090127215863,7.95094686571926,8.079583168029785,3340100,0.15,0.0
2011-09-14 00:00:00-04:00,8.140840426426267,8.422615213292586,8.018329776522839,8.361359596252441,4521700,0.0,0.0
2011-09-15 00:00:00-04:00,8.447119001703744,8.796274568522758,8.373612597330107,8.69826602935791,6883700,0.0,0.0
2011-09-16 00:00:00-04:00,8.771770945537806,8.802398754874837,8.575753900463805,8.655385971069336,4142000,0.0,0.0
2011-09-19 00:00:00-04:00,8.489997413971087,8.704391527042752,8.422616690748804,8.630885124206543,4482900,0.0,0.0
2011-09-20 00:00:00-04:00,8.64313589925743,8.888157826221754,8.53900168252856,8.630885124206543,5261900,0.0,0.0
2011-09-21 00:00:00-04:00,8.649259432219921,8.667635882323898,8.048956999290889,8.06120777130127,6037200,0.0,0.0
2011-09-22 00:00:00-04:00,7.810062760194927,8.140841865494927,7.797811400950464,8.04283332824707,7184300,0.0,0.0
2011-09-23 00:00:00-04:00,8.024454296258932,8.171467054913084,7.981575136852223,8.1653413772583,3787800,0.0,0.0
2011-09-26 00:00:00-04:00,8.300106057158946,8.434868088394266,8.05508412907864,8.428742408752441,4220000,0.0,0.0
2011-09-27 00:00:00-04:00,8.588006574378095,8.655387297907273,8.385863235436634,8.428742408752441,2614700,0.0,0.0
2011-09-28 00:00:00-04:00,8.447119195520726,8.539002057051757,8.269478568164278,8.275604248046875,3231400,0.0,0.0
2011-09-29 00:00:00-04:00,8.453245235175762,8.489998147681593,8.251102463862654,8.41036605834961,3200400,0.0,0.0
2011-09-30 00:00:00-04:00,8.28785284763734,8.355234140300814,8.153091430664062,8.153091430664062,2508100,0.0,0.0
2011-10-03 00:00:00-04:00,8.097960624900727,8.31235408388528,7.9693243158392875,8.036705017089844,4539800,0.0,0.0
2011-10-04 00:00:00-04:00,7.938699448804785,8.287855023635085,7.8468165872737545,8.275604248046875,5700000,0.0,0.0
2011-10-05 00:00:00-04:00,8.318484243151921,8.453246302433946,8.238852143766048,8.391990661621094,4304800,0.0,0.0
2011-10-06 00:00:00-04:00,8.361361505946796,8.496123543707993,8.312357234793087,8.489997863769531,3334600,0.0,0.0
2011-10-07 00:00:00-04:00,8.5451297220171,8.600259685413521,8.398116875744726,8.459372520446777,2368600,0.0,0.0
2011-10-10 00:00:00-04:00,8.655389316149229,8.826904296875,8.630887176045547,8.826904296875,2613900,0.0,0.0
2011-10-11 00:00:00-04:00,8.771771572024571,9.041295612427815,8.698265174871937,9.01066780090332,2884100,0.0,0.0
2011-10-12 00:00:00-04:00,9.09029910962645,9.18830763088762,8.955537100803909,9.078047752380371,3726400,0.0,0.0
2011-10-13 00:00:00-04:00,9.02904497980014,9.090300607772164,8.943287801651662,9.016794204711914,2776500,0.0,0.0
2011-10-14 00:00:00-04:00,9.169931347123566,9.182182120417126,9.010667205069142,9.114801406860352,1967300,0.0,0.0
2011-10-17 00:00:00-04:00,9.065798635403064,9.078049410710184,8.68601525405079,8.69826602935791,3982500,0.0,0.0
2011-10-18 00:00:00-04:00,8.67988802948864,8.900407203362214,8.61863241132421,8.802398681640625,3965400,0.0,0.0
2011-10-19 00:00:00-04:00,8.820773902197386,8.931033765832309,8.655384690921789,8.679886817932129,2407300,0.0,0.0
2011-10-20 00:00:00-04:00,8.716639389426527,8.784020674310302,8.58800366557954,8.704388618469238,2422200,0.0,0.0
2011-10-21 00:00:00-04:00,8.826904296875,8.869782896012168,8.753397876563955,8.826904296875,4009100,0.0,0.0
2011-10-24 00:00:00-04:00,8.87590433323079,9.176055552033342,8.863653561124982,9.169930458068848,2346200,0.0,0.0
2011-10-25 00:00:00-04:00,9.127055119617657,9.200562119760226,8.89428509448209,8.9126615524292,1921300,0.0,0.0
2011-10-26 00:00:00-04:00,9.078048640290586,9.200559888026554,8.92491016479755,9.120927810668945,2851200,0.0,0.0
2011-10-27 00:00:00-04:00,9.445580018973986,9.506835635084673,9.24343730365631,9.359822273254395,4231300,0.0,0.0
2011-10-28 00:00:00-04:00,9.421078478129681,9.470082740409984,9.33532072705071,9.457831382751465,2211400,0.0,0.0
2011-10-31 00:00:00-04:00,9.329195187714769,9.43332939266168,9.249563698451265,9.365948677062988,3255500,0.0,0.0
2011-11-01 00:00:00-04:00,9.133178584936386,9.27406628616198,9.065797866023143,9.120927810668945,3577200,0.0,0.0
2011-11-02 00:00:00-04:00,9.225060791862417,9.274065050758148,9.102549560446244,9.20055866241455,2468800,0.0,0.0
2011-11-03 00:00:00-04:00,9.316944577675628,9.427204463479793,9.102550485095726,9.402702331542969,2694000,0.0,0.0
2011-11-04 00:00:00-04:00,9.292442774108075,9.396576984563625,9.231187150012955,9.37820053100586,1742600,0.0,0.0
2011-11-07 00:00:00-05:00,9.384323194434886,9.537461630814969,9.261812562166176,9.439453125,1396500,0.0,0.0
2011-11-08 00:00:00-05:00,9.488459256329868,9.537463518938685,9.298567884764923,9.512961387634277,1712400,0.0,0.0
2011-11-09 00:00:00-05:00,9.568088895899493,9.59871669828542,9.310816290540496,9.396574020385742,3896800,0.0,0.0
2011-11-10 00:00:00-05:00,9.525212745374926,9.55584055554966,9.408827183546316,9.512961387634277,1977500,0.0,0.0
2011-11-11 00:00:00-05:00,9.623220704445194,9.776359162132623,9.598718574582279,9.745731353759766,1271600,0.0,0.0
2011-11-14 00:00:00-05:00,9.690600348697275,9.690600348697275,9.482331975702092,9.56196403503418,2104000,0.0,0.0
2011-11-15 00:00:00-05:00,9.500713324543126,9.78861330346112,9.488461963307268,9.757986068725586,3070000,0.0,0.0
2011-11-16 00:00:00-05:00,9.64159976351948,9.702855396832737,9.488461264413349,9.494586944580078,2632900,0.0,0.0
2011-11-17 00:00:00-05:00,9.476206606769,9.598717239037711,9.359821067981144,9.439453125,2577900,0.0,0.0
2011-11-18 00:00:00-05:00,9.51296063511514,9.549714121252828,9.408826439264677,9.476207733154297,2166000,0.0,0.0
2011-11-21 00:00:00-05:00,9.341446521574099,9.396576463366445,9.182182375102185,9.237312316894531,2876400,0.0,0.0
2011-11-22 00:00:00-05:00,9.237310581676116,9.34757044454862,9.237310581676116,9.274064064025879,3288200,0.0,0.0
2011-11-23 00:00:00-05:00,9.163804463284183,9.182180912896332,8.894281060324413,8.918783187866211,2314900,0.0,0.0
2011-11-25 00:00:00-05:00,8.924912857289728,8.9616663595338,8.826904296875,8.826904296875,831500,0.0,0.0
2011-11-28 00:00:00-05:00,9.059673153584514,9.151556015014648,8.992292427480882,9.151556015014648,2949200,0.0,0.0
2011-11-29 00:00:00-05:00,9.200561135128327,9.414954679372668,9.139305502957368,9.298569679260254,2040200,0.0,0.0
2011-11-30 00:00:00-05:00,9.555840806966668,9.71510437254715,9.555840806966668,9.635472297668457,5234300,0.0,0.0
2011-12-01 00:00:00-05:00,9.647723636931543,9.911121993003427,9.586468015089789,9.837615013122559,3255800,0.0,0.0
2011-12-02 00:00:00-05:00,9.482333225537356,9.672225174231645,8.85140292973217,9.206684112548828,11424600,0.0,0.0
2011-12-05 00:00:00-05:00,9.310819193141233,9.372074817009217,9.047421412533518,9.120927810668945,5246900,0.0,0.0
2011-12-06 00:00:00-05:00,9.127055638848182,9.574220424965166,9.047424121821514,9.267943382263184,4594700,0.0,0.0
2011-12-07 00:00:00-05:00,9.24956422625992,9.592594086925471,9.24956422625992,9.537464141845703,5106500,0.0,0.0
2011-12-08 00:00:00-05:00,9.525213367481827,9.598719766195874,9.378200570053734,9.537464141845703,4668600,0.0,0.0
2011-12-09 00:00:00-05:00,9.592596423823306,9.78861353481342,9.537466465313068,9.751860618591309,2956500,0.0,0.0
2011-12-12 00:00:00-05:00,9.672224215242837,9.721228471174227,9.525211447448667,9.708977699279785,3217800,0.0,0.0
2011-12-13 00:00:00-05:00,9.770235890254064,9.80086370617125,9.561967443029605,9.629348754882812,2448600,0.0,0.0
2011-12-14 00:00:00-05:00,9.61709596904817,9.64159810131392,9.378200325501359,9.414953231811523,3991500,0.0,0.0
2011-12-15 00:00:00-05:00,9.512961028155837,9.525212385433528,9.3598225672459,9.40882682800293,2349900,0.0,0.0
2011-12-16 00:00:00-05:00,9.482333219138475,9.494584576416168,9.274065403009528,9.40882682800293,5263900,0.0,0.0
2011-12-19 00:00:00-05:00,9.494585053603789,9.494585053603789,9.255688832273947,9.292442321777344,2267400,0.0,0.0
2011-12-20 00:00:00-05:00,9.39796960984122,9.596605497484566,9.34210311844612,9.54694652557373,3223400,0.2,0.0
2011-12-21 00:00:00-05:00,9.57177688757068,9.702131848762564,9.559361847465883,9.677302360534668,2036900,0.0,0.0
2011-12-22 00:00:00-05:00,9.733169057329137,9.931804967239787,9.714546496788733,9.869730949401855,2760600,0.0,0.0
2011-12-23 00:00:00-05:00,9.913179648329567,9.993875607453429,9.86972761373579,9.981460571289062,1839300,0.0,0.0
2011-12-27 00:00:00-05:00,9.969043806683544,10.043532826791761,9.919384854599002,9.93179988861084,2409400,0.0,0.0
2011-12-28 00:00:00-05:00,9.938010129635744,9.962839020502237,9.832484679536106,9.851106643676758,1784300,0.0,0.0
2011-12-29 00:00:00-05:00,9.8511088587298,10.136648271677695,9.801449881867706,10.099404335021973,3647500,0.0,0.0
2011-12-30 00:00:00-05:00,10.074570370268038,10.329072676556045,10.0249114125524,10.13664436340332,3266400,0.0,0.0
2012-01-03 00:00:00-05:00,10.335284345147379,10.509091358938367,10.074574416442607,10.080781936645508,2389900,0.0,0.0
2012-01-04 00:00:00-05:00,10.086991745661608,10.14285825620083,9.931807257266815,10.012502670288086,2694200,0.0,0.0
2012-01-05 00:00:00-05:00,9.925597483463225,10.149063474914007,9.925597483463225,10.080781936645508,2685700,0.0,0.0
2012-01-06 00:00:00-05:00,10.068363934366346,10.130437934171248,10.018704971315039,10.093194007873535,1632500,0.0,0.0
2012-01-09 00:00:00-05:00,10.111816563003927,10.14906048930164,9.993876081770921,10.093194007873535,1312600,0.0,0.0
2012-01-10 00:00:00-05:00,10.192511023122867,10.192511023122867,10.080778070251668,10.08698558807373,2100000,0.0,0.0
2012-01-11 00:00:00-05:00,10.068365535669159,10.186306035659772,10.068365535669159,10.155269622802734,1324900,0.0,0.0
2012-01-12 00:00:00-05:00,10.18009763265581,10.204927707956779,10.074572180553,10.173890113830566,1248300,0.0,0.0
2012-01-13 00:00:00-05:00,10.105610669061337,10.21113613050352,10.062158033438928,10.180098533630371,1459200,0.0,0.0
2012-01-17 00:00:00-05:00,10.30424614099361,10.329075033535634,10.000084807583747,10.06215763092041,2633000,0.0,0.0
2012-01-18 00:00:00-05:00,10.080778070251668,10.155267100153456,9.987667670846657,10.08698558807373,2836800,0.0,0.0
2012-01-19 00:00:00-05:00,10.11802199322108,10.149059582331393,10.06215551678548,10.08698558807373,1794000,0.0,0.0
2012-01-20 00:00:00-05:00,10.1118160582867,10.248377903870733,10.08077846795191,10.235962867736816,2111300,0.0,0.0
2012-01-23 00:00:00-05:00,10.23596274263367,10.552539056401269,10.229755224642581,10.502880096435547,3389100,0.0,0.0
2012-01-24 00:00:00-05:00,10.453224021392574,10.552541968734182,10.440808981984041,10.471846580505371,4589000,0.0,0.0
2012-01-25 00:00:00-05:00,10.471844745971639,10.571162675914014,10.353904260178902,10.490466117858887,3288500,0.0,0.0
2012-01-26 00:00:00-05:00,10.533916502428,10.608405534358079,10.440806100487645,10.502880096435547,2408900,0.0,0.0
2012-01-27 00:00:00-05:00,10.478049384030092,10.533915858572222,10.310451144366622,10.409769058227539,1866600,0.0,0.0
2012-01-30 00:00:00-05:00,10.347694627692922,10.360109662390304,10.248376718039616,10.291828155517578,2313100,0.0,0.0
2012-01-31 00:00:00-05:00,10.329075429143366,10.415979516276941,10.118024506618376,10.155269622802734,3271800,0.0,0.0
2012-02-01 00:00:00-05:00,10.242172858294317,10.66427471703997,10.20492892486479,10.552541732788086,3919100,0.0,0.0
2012-02-02 00:00:00-05:00,10.577370333392428,10.577370333392428,10.422185917824791,10.447014808654785,2070400,0.0,0.0
2012-02-03 00:00:00-05:00,10.56495522636847,10.838078943514057,10.552540189053728,10.676688194274902,2340700,0.0,0.0
2012-02-06 00:00:00-05:00,10.658065690773551,10.670480728149414,10.583576650481504,10.670480728149414,1496100,0.0,0.0
2012-02-07 00:00:00-05:00,10.676689467582387,10.720140919402905,10.633236831798605,10.639444351196289,2047500,0.0,0.0
2012-02-08 00:00:00-05:00,10.645652717230222,10.713934252071821,10.527712207221102,10.651860237121582,2277800,0.0,0.0
2012-02-09 00:00:00-05:00,10.658064203415046,10.664271721236704,10.527708697086169,10.564953804016113,2808300,0.0,0.0
2012-02-10 00:00:00-05:00,10.496674892947617,10.540126344503236,10.415979509196216,10.428393363952637,2349400,0.0,0.0
2012-02-13 00:00:00-05:00,10.341488389448134,10.341488389448134,10.024912069285884,10.198719024658203,4489300,0.0,0.0
2012-02-14 00:00:00-05:00,10.130439157346597,10.192513164646474,10.01870618099946,10.06215763092041,2593100,0.0,0.0
2012-02-15 00:00:00-05:00,10.093192408967006,10.130436329364748,9.950423060806596,10.000082015991211,2040000,0.0,0.0
2012-02-16 00:00:00-05:00,10.018704075994005,10.167680951834617,10.012496558171943,10.08698558807373,2307300,0.0,0.0
2012-02-17 00:00:00-05:00,10.124230499578612,10.198719536753549,9.950424719442223,10.055950164794922,2702000,0.0,0.0
2012-02-21 00:00:00-05:00,10.136645347724478,10.204926865200074,10.062156311936278,10.105608940124512,2291600,0.0,0.0
2012-02-22 00:00:00-05:00,10.105609180850617,10.173889515989664,9.962838624185878,10.049742698669434,1728900,0.0,0.0
2012-02-23 00:00:00-05:00,10.012501541110415,10.06836804534919,9.919391095366972,10.006295204162598,1530200,0.0,0.0
2012-02-24 00:00:00-05:00,10.155267841443443,10.229755692819554,10.093193842654653,10.167681694030762,1782600,0.0,0.0
2012-02-27 00:00:00-05:00,10.124233737209874,10.298040756891135,10.055953380590791,10.229759216308594,4877400,0.0,0.0
2012-02-28 00:00:00-05:00,10.229757044111594,10.378733950505856,10.19251311350383,10.260794639587402,2169100,0.0,0.0
2012-02-29 00:00:00-05:00,10.2545869218979,10.28562333280944,10.080779942489006,10.118023872375488,2569900,0.0,0.0
2012-03-01 00:00:00-05:00,10.11802242155877,10.248377933414643,10.099401051267227,10.204926490783691,2154400,0.0,0.0
2012-03-02 00:00:00-05:00,10.192510890729196,10.235962330956264,10.086985457050762,10.130436897277832,1602400,0.0,0.0
2012-03-05 00:00:00-05:00,10.105609128257187,10.124230499578612,10.000083682904489,10.055950164794922,1438000,0.0,0.0
2012-03-06 00:00:00-05:00,9.993879687347459,10.043538668314657,9.888354204796727,9.92559814453125,1613300,0.0,0.0
2012-03-07 00:00:00-05:00,9.931802610928338,9.962839020502237,9.745581193577118,9.851106643676758,3901400,0.0,0.0
2012-03-08 00:00:00-05:00,9.524202512058023,10.1025699878575,9.373324196511325,10.039704322814941,7975000,0.2,0.0
2012-03-09 00:00:00-05:00,10.001981858876157,10.089993887094069,9.90768308591783,9.995695114135742,2814200,0.0,0.0
2012-03-12 00:00:00-04:00,10.001987920055846,10.253451866689229,9.976841525392508,10.21573257446289,2533100,0.0,0.0
2012-03-13 00:00:00-04:00,10.291169743170654,10.454620367646184,10.171723949216034,10.442048072814941,2864400,0.0,0.0
2012-03-14 00:00:00-04:00,10.448335967101395,10.530061288313432,10.366609446814849,10.372896194458008,2364800,0.0,0.0
2012-03-15 00:00:00-04:00,10.354031811071154,10.530057077465587,10.328886029628537,10.523770332336426,2464200,0.0,0.0
2012-03-16 00:00:00-04:00,10.555208133100498,10.662079244334587,10.536347890431516,10.630646705627441,3104300,0.0,0.0
2012-03-19 00:00:00-04:00,10.59292741936397,10.699799729672549,10.586640671807643,10.630646705627441,1993000,0.0,0.0
2012-03-20 00:00:00-04:00,10.59292516067656,10.78780949707032,10.561491429597412,10.781522750854492,2969800,0.0,0.0
2012-03-21 00:00:00-04:00,10.77523649602277,10.77523649602277,10.56777865773663,10.624358177185059,2781300,0.0,0.0
2012-03-22 00:00:00-04:00,10.55520756187581,10.643219624752387,10.5300605730114,10.611785888671875,1853900,0.0,0.0
2012-03-23 00:00:00-04:00,10.586638952388643,10.592925698923915,10.460906419831815,10.561491966247559,1838000,0.0,0.0
2012-03-26 00:00:00-04:00,10.636933198627581,10.794098286551113,10.58664041845503,10.762665748596191,3526900,0.0,0.0
2012-03-27 00:00:00-04:00,10.699796095944084,10.768947897430246,10.65579007706905,10.680935859680176,4279400,0.0,0.0
2012-03-28 00:00:00-04:00,10.674651715210405,10.731231238714031,10.530060132511972,10.574066162109375,3211000,0.0,0.0
2012-03-29 00:00:00-04:00,10.523769627720414,10.548916606553352,10.404323876411862,10.498623847961426,2723600,0.0,0.0
2012-03-30 00:00:00-04:00,10.536348422289594,10.542635170163265,10.347749583303086,10.354036331176758,3322400,0.0,0.0
2012-04-02 00:00:00-04:00,10.328886520965083,10.586637088151537,10.316313030108649,10.486051559448242,2941700,0.0,0.0
2012-04-03 00:00:00-04:00,10.47976811070405,10.78152479173936,10.442048825343253,10.762665748596191,4569900,0.0,0.0
2012-04-04 00:00:00-04:00,10.706082841365387,10.756375605661724,10.630643095383839,10.680935859680176,3190100,0.0,0.0
2012-04-05 00:00:00-04:00,10.64950758013741,10.731232905069488,10.60550154370671,10.706087112426758,2433000,0.0,0.0
2012-04-09 00:00:00-04:00,10.586640168204909,10.586640168204909,10.473481115722938,10.536347389221191,1838800,0.0,0.0
2012-04-10 00:00:00-04:00,10.618067934639942,10.712367902054863,10.42947039795789,10.47347640991211,4174600,0.0,0.0
2012-04-11 00:00:00-04:00,10.561489934666707,10.611782698200393,10.47976464357724,10.567776679992676,2236000,0.0,0.0
2012-04-12 00:00:00-04:00,10.567776840244894,10.687222605101478,10.511197330527255,10.680935859680176,2183600,0.0,0.0
2012-04-13 00:00:00-04:00,10.65579311918459,10.762665423709475,10.592926846097996,10.611785888671875,5859700,0.0,0.0
2012-04-16 00:00:00-04:00,10.643215379028968,10.655788868445436,10.423184110536564,10.498623847961426,2241800,0.0,0.0
2012-04-17 00:00:00-04:00,10.567779356023975,10.649505866882743,10.486054044239575,10.636932373046875,1729300,0.0,0.0
2012-04-18 00:00:00-04:00,10.586637076508802,10.699796095944084,10.555204548476373,10.680935859680176,2504300,0.0,0.0
2012-04-19 00:00:00-04:00,10.71865819319676,10.75009192927727,10.580353351665792,10.611785888671875,3265000,0.0,0.0
2012-04-20 00:00:00-04:00,10.65579196520233,10.668364259198574,10.49234015250817,10.561491966247559,3181300,0.0,0.0
2012-04-23 00:00:00-04:00,10.467195394753752,10.498629134122114,10.272311006968124,10.354036331176758,2628000,0.0,0.0
2012-04-24 00:00:00-04:00,10.36661140243385,10.442051189308646,10.29117281463379,10.42947769165039,1712300,0.0,0.0
2012-04-25 00:00:00-04:00,10.54891731285307,10.624355856254951,10.429471553547062,10.523770332336426,2677200,0.0,0.0
2012-04-26 00:00:00-04:00,9.065282024583475,9.536777273020741,9.021275993247905,9.39847183227539,16719800,0.0,0.0
2012-04-27 00:00:00-04:00,9.398470753215193,9.42990388607621,9.316744847591409,9.404757499694824,6586300,0.0,0.0
2012-04-30 00:00:00-04:00,9.404756185998943,9.461335697338079,9.216158014714177,9.241304397583008,7239300,0.0,0.0
2012-05-01 00:00:00-04:00,9.2601668075435,9.27274030251122,9.147008350520212,9.216160774230957,6618900,0.0,0.0
2012-05-02 00:00:00-04:00,9.159580806122515,9.260166362885368,9.153294658477744,9.178441047668457,4412900,0.0,0.0
2012-05-03 00:00:00-04:00,9.191011553286996,9.241304318594791,9.1407187879792,9.184724807739258,3535500,0.0,0.0
2012-05-04 00:00:00-04:00,9.159581919080596,9.209874703572973,9.084142742342028,9.140722274780273,3958000,0.0,0.0
2012-05-07 00:00:00-04:00,9.115576044332684,9.153295933140125,9.090429651640155,9.103002548217773,3422000,0.0,0.0
2012-05-08 00:00:00-04:00,9.0527073944237,9.147006792002633,9.033847754722768,9.09671401977539,4379600,0.0,0.0
2012-05-09 00:00:00-04:00,9.021274834693754,9.172153150928251,9.021274834693754,9.12814712524414,4866000,0.0,0.0
2012-05-10 00:00:00-04:00,9.140721415598403,9.209873837891122,9.090428635833293,9.165867805480957,4007700,0.0,0.0
2012-05-11 00:00:00-04:00,9.10929030080473,9.184729487201395,9.065284258624347,9.15958309173584,4837200,0.0,0.0
2012-05-14 00:00:00-04:00,9.090426620343377,9.22244528784049,9.06528023603617,9.172152519226074,4435700,0.0,0.0
2012-05-15 00:00:00-04:00,9.134432642996716,9.184725411611131,9.096713366304451,9.172152519226074,4968100,0.0,0.0
2012-05-16 00:00:00-04:00,9.19101270488971,9.348177766053086,9.159579572749609,9.235018730163574,7437200,0.0,0.0
2012-05-17 00:00:00-04:00,9.222448363160257,9.228735111217715,9.103002548217773,9.103002548217773,3247400,0.0,0.0
2012-05-18 00:00:00-04:00,9.109286886061977,9.165866404534198,9.103000139667921,9.12814712524414,2931600,0.0,0.0
2012-05-21 00:00:00-04:00,9.128149921474698,9.310461425989905,9.128149921474698,9.291601181030273,2278500,0.0,0.0
2012-05-22 00:00:00-04:00,9.323029559190543,9.360749430298306,9.203584399833815,9.260163307189941,2276000,0.0,0.0
2012-05-23 00:00:00-04:00,9.197299974984396,9.45505059404453,9.191013228290938,9.448763847351074,2519700,0.0,0.0
2012-05-24 00:00:00-04:00,9.473909178167027,9.505342308592093,9.37332364043649,9.423616409301758,10505300,0.0,0.0
2012-05-25 00:00:00-04:00,9.44876328818264,9.612215095316646,9.44876328818264,9.549348831176758,12465800,0.0,0.0
2012-05-29 00:00:00-04:00,9.599643387693469,9.687655448913574,9.549350010448434,9.687655448913574,6320100,0.0,0.0
2012-05-30 00:00:00-04:00,9.631077603354752,9.706516783069857,9.543065526789114,9.668797492980957,3561600,0.0,0.0
2012-05-31 00:00:00-04:00,9.668795168497267,9.69394155569017,9.486483711464428,9.599642753601074,5092500,0.0,0.0
2012-06-01 00:00:00-04:00,9.461336011148019,9.587067929662405,9.44876251952804,9.467622756958008,3920800,0.0,0.0
2012-06-04 00:00:00-04:00,9.499056796617564,9.66250861643218,9.486483902536458,9.649935722351074,3813500,0.0,0.0
2012-06-05 00:00:00-04:00,9.631078088353291,9.78195705491872,9.624791939380124,9.763096809387207,3621100,0.0,0.0
2012-06-06 00:00:00-04:00,9.832245425740458,9.926544212874868,9.819671934369435,9.895111083984375,2785900,0.0,0.0
2012-06-07 00:00:00-04:00,9.984262989853473,9.996997703157584,9.786869771984952,9.818707466125488,2694100,0.2,0.0
2012-06-08 00:00:00-04:00,9.780495199462125,9.869640558602548,9.774128150936658,9.83780288696289,2416300,0.0,0.0
2012-06-11 00:00:00-04:00,9.91421408384332,9.946051759173733,9.684983914520018,9.697718620300293,2310600,0.0,0.0
2012-06-12 00:00:00-04:00,9.716821377659652,9.786863776054492,9.564001268114655,9.627676010131836,3398700,0.0,0.0
2012-06-13 00:00:00-04:00,9.621309066779798,9.748659774758265,9.551266663194186,9.653146743774414,2115800,0.0,0.0
2012-06-14 00:00:00-04:00,9.691352777644141,9.837805252243477,9.665882755659334,9.780497550964355,2588700,0.0,0.0
2012-06-15 00:00:00-04:00,9.82507228109369,9.933320045471191,9.786866937738493,9.933320045471191,2159700,0.0,0.0
2012-06-18 00:00:00-04:00,9.914214641307368,9.958787632177488,9.837804580569824,9.86964225769043,2164900,0.0,0.0
2012-06-19 00:00:00-04:00,9.946055451824732,9.971525480094636,9.818705310475213,9.844175338745117,3120800,0.0,0.0
2012-06-20 00:00:00-04:00,9.863274414452054,9.965154493510452,9.837804394687454,9.90784740447998,3182500,0.0,0.0
2012-06-21 00:00:00-04:00,9.926950879098772,9.965155609397208,9.748660720781846,9.755027770996094,2777200,0.0,0.0
2012-06-22 00:00:00-04:00,9.812333876127123,9.888743931536727,9.774129152048891,9.850539207458496,2687700,0.0,0.0
2012-06-25 00:00:00-04:00,9.767765769913819,9.812338169927326,9.621312644185512,9.684988021850586,2998400,0.0,0.0
2012-06-26 00:00:00-04:00,9.704088259172261,9.74229359882399,9.551268115071897,9.608575820922852,4766700,0.0,0.0
2012-06-27 00:00:00-04:00,9.88874653029856,10.18165212330418,9.80596879670422,9.97789192199707,9357600,0.0,0.0
2012-06-28 00:00:00-04:00,9.996991478393658,10.111606863031346,9.933316737014044,10.092504501342773,5707900,0.0,0.0
2012-06-29 00:00:00-04:00,10.251696989499228,10.366312426949985,10.16255158178715,10.175286293029785,5751900,0.0,0.0
2012-07-02 00:00:00-04:00,10.238955941049218,10.238955941049218,10.105238207939307,10.181648254394531,4779200,0.0,0.0
2012-07-03 00:00:00-04:00,10.175286293029785,10.245329330251206,10.124346233552428,10.175286293029785,5620400,0.0,0.0
2012-07-05 00:00:00-04:00,10.188018756028374,10.38541127936461,10.124343395901901,10.283531188964844,7448400,0.0,0.0
2012-07-06 00:00:00-04:00,10.200754070954964,10.28989884642814,10.168916390891727,10.283531188964844,4112700,0.0,0.0
2012-07-09 00:00:00-04:00,10.2962670179634,10.30900233352584,10.213489895820624,10.238959312438965,4533700,0.0,0.0
2012-07-10 00:00:00-04:00,10.283532296773668,10.321737031162623,10.181652195398717,10.21349048614502,6867800,0.0,0.0
2012-07-11 00:00:00-04:00,10.277162183918671,10.32810222243909,10.232589802026594,10.251692771911621,5948800,0.0,0.0
2012-07-12 00:00:00-04:00,10.207122342552303,10.429984294644223,10.194387026859465,10.37267780303955,4579900,0.0,0.0
2012-07-13 00:00:00-04:00,10.410877284959149,10.544594388775025,10.32173133457596,10.519124984741211,2591100,0.0,0.0
2012-07-16 00:00:00-04:00,10.48091983795166,10.576433450087297,10.4681857422388,10.48091983795166,2851200,0.0,0.0
2012-07-17 00:00:00-04:00,10.506391590330795,10.627374621432692,10.480920967148855,10.621006965637207,3619200,0.0,0.0
2012-07-18 00:00:00-04:00,10.582803615673773,10.722888417794701,10.576435959053779,10.659213066101074,5483000,0.0,0.0
2012-07-19 00:00:00-04:00,10.697417794719222,10.748357833189072,10.51276061070588,10.557332992553711,3286500,0.0,0.0
2012-07-20 00:00:00-04:00,10.512764336011925,10.589173813540027,10.493661359376526,10.538233757019043,2356900,0.0,0.0
2012-07-23 00:00:00-04:00,10.41724960178776,10.44908667470505,10.366309556416207,10.398146629333496,2017000,0.0,0.0
2012-07-24 00:00:00-04:00,10.41724809159918,10.43634984677778,10.143444931980397,10.226222038269043,3668800,0.0,0.0
2012-07-25 00:00:00-04:00,10.270796980475147,10.379044739999358,10.181652195398717,10.21349048614502,2335400,0.0,0.0
2012-07-26 00:00:00-04:00,10.340837535695776,10.35357284895246,10.245325115283277,10.251692771911621,3460800,0.0,0.0
2012-07-27 00:00:00-04:00,10.315369892540671,10.35357462435565,10.245326872124435,10.321736335754395,3970400,0.0,0.0
2012-07-30 00:00:00-04:00,10.334470347489596,10.449085742982199,10.321735033655667,10.404513359069824,2614300,0.0,0.0
2012-07-31 00:00:00-04:00,10.39814847275147,10.436353209926576,10.26443128538525,10.270797729492188,3489300,0.0,0.0
2012-08-01 00:00:00-04:00,10.296264619531712,10.321734030217158,10.188016891479492,10.188016891479492,6784100,0.0,0.0
2012-08-02 00:00:00-04:00,10.149814966972864,10.17528499345855,9.88874704368124,9.933320045471191,4463700,0.0,0.0
2012-08-03 00:00:00-04:00,10.05429864445005,10.213487007699667,10.022460971800127,10.130708694458008,2264300,0.0,0.0
2012-08-06 00:00:00-04:00,10.137076086638912,10.264426773924527,10.111606070632405,10.149810791015625,3206100,0.0,0.0
2012-08-07 00:00:00-04:00,10.168913758460315,10.226220839035143,10.105238414817508,10.149810791015625,3857200,0.0,0.0
2012-08-08 00:00:00-04:00,10.137075879108918,10.289895972019368,10.137075879108918,10.181648254394531,2962600,0.0,0.0
2012-08-09 00:00:00-04:00,10.194387971461678,10.309003394304279,10.149814969659927,10.26443099975586,2594600,0.0,0.0
2012-08-10 00:00:00-04:00,10.25805950164795,10.308999535565558,10.194384155624386,10.25805950164795,1173400,0.0,0.0
2012-08-13 00:00:00-04:00,10.213489798029705,10.321736335754395,10.194386824868952,10.321736335754395,1397600,0.0,0.0
2012-08-14 00:00:00-04:00,10.347208023071289,10.417251050638823,10.321737389589767,10.347208023071289,1726500,0.0,0.0
2012-08-15 00:00:00-04:00,10.321732688699079,10.366306276991317,10.289895625853578,10.359938621520996,1044500,0.0,0.0
2012-08-16 00:00:00-04:00,10.37904455748654,10.500027631181817,10.340839823769407,10.493659973144531,1795100,0.0,0.0
2012-08-17 00:00:00-04:00,10.512762947256391,10.557335339010812,10.44908758139011,10.493659973144531,2325200,0.0,0.0
2012-08-20 00:00:00-04:00,10.506394285421242,10.805666897541215,10.500026627992332,10.799299240112305,6404500,0.0,0.0
2012-08-21 00:00:00-04:00,10.799297868222002,10.831136151321974,10.646477752861085,10.659213066101074,3920100,0.0,0.0
2012-08-22 00:00:00-04:00,10.627376000889624,10.684683695981496,10.500025297461839,10.557332992553711,2561800,0.0,0.0
2012-08-23 00:00:00-04:00,10.55096493976723,10.55096493976723,10.41724779924451,10.423615455627441,2597100,0.0,0.0
2012-08-24 00:00:00-04:00,10.385410414747795,10.449085769573102,10.328102716855657,10.410881042480469,1853500,0.0,0.0
2012-08-27 00:00:00-04:00,10.4108824069246,10.455454796792033,10.334471728218617,10.340839385986328,1724500,0.0,0.0
2012-08-28 00:00:00-04:00,10.334474206301937,10.372680162069528,10.238961745896615,10.309004783630371,1872600,0.0,0.0
2012-08-29 00:00:00-04:00,10.302633277411148,10.461821056816126,10.277162649743293,10.404513359069824,1712500,0.0,0.0
2012-08-30 00:00:00-04:00,10.404516564091493,10.659216846696408,10.379045928577627,10.538233757019043,6874000,0.0,0.0
2012-08-31 00:00:00-04:00,10.57006825209109,10.62737594689178,10.48728993093173,10.544597625732422,5595000,0.0,0.0
2012-09-04 00:00:00-04:00,10.52549831416995,10.614643098109367,10.398147581822272,10.50639533996582,5641600,0.0,0.0
2012-09-05 00:00:00-04:00,10.493659502853829,10.50002716060574,10.321736387071864,10.334471702575684,2547500,0.0,0.0
2012-09-06 00:00:00-04:00,10.442720469613693,10.442720469613693,10.124344838134578,10.347208023071289,8056500,0.0,0.0
2012-09-07 00:00:00-04:00,10.32810361150768,10.41724960178776,10.270795908651372,10.398146629333496,2379500,0.0,0.0
2012-09-10 00:00:00-04:00,10.417250556026401,10.52549831416995,10.398147581822272,10.50639533996582,3898500,0.0,0.0
2012-09-11 00:00:00-04:00,10.493661001067657,10.544601055849279,10.391780891504414,10.512763977050781,4052700,0.0,0.0
2012-09-12 00:00:00-04:00,10.577216341604283,10.6481182467972,10.499869926302106,10.615889549255371,3326400,0.2,0.0
2012-09-13 00:00:00-04:00,10.641677329853636,10.809262944819794,10.583666877388438,10.796371459960938,3406900,0.0,0.0
2012-09-14 00:00:00-04:00,10.82859351405098,10.963951578411116,10.770583090667927,10.912386894226074,3395200,0.0,0.0
2012-09-17 00:00:00-04:00,10.880161151100618,10.899498373942754,10.699685322171542,10.770586013793945,3828600,0.0,0.0
2012-09-18 00:00:00-04:00,10.796367218189507,10.880159378051758,10.770584258601628,10.880159378051758,2516200,0.0,0.0
2012-09-19 00:00:00-04:00,10.867272495215248,11.028412354376092,10.828598043848961,10.976847648620605,3940200,0.0,0.0
2012-09-20 00:00:00-04:00,10.944616750047409,11.041300400325701,10.899497795210825,10.963953971862793,3209500,0.0,0.0
2012-09-21 00:00:00-04:00,11.047745995644672,11.060637476685395,10.951062346637842,10.957508087158203,3356000,0.0,0.0
2012-09-24 00:00:00-04:00,10.918833740678634,11.034854599210155,10.899496521123657,11.021963119506836,3695800,0.0,0.0
2012-09-25 00:00:00-04:00,11.067083173676206,11.073528914171215,10.912389089993868,10.925280570983887,4974800,0.0,0.0
2012-09-26 00:00:00-04:00,10.925280757631338,11.028410148514759,10.880160573395441,10.963953971862793,3026700,0.0,0.0
2012-09-27 00:00:00-04:00,11.02196628208695,11.228225098926083,10.944618611072514,11.170214653015137,4517900,0.0,0.0
2012-09-28 00:00:00-04:00,11.163768911313973,11.19599761981979,11.034857765489278,11.170214653015137,2885400,0.0,0.0
2012-10-01 00:00:00-04:00,11.208887690420351,11.428037987076024,11.137986991666693,11.370027542114258,4368100,0.0,0.0
2012-10-02 00:00:00-04:00,11.337797066219222,11.447372185579239,11.318459846544215,11.363578796386719,2978200,0.0,0.0
2012-10-03 00:00:00-04:00,11.389359013478126,11.518271321471998,11.382913275138543,11.440923690795898,2422700,0.0,0.0
2012-10-04 00:00:00-04:00,11.486045220157909,11.57628311846514,11.447372010797546,11.531164169311523,1909300,0.0,0.0
2012-10-05 00:00:00-04:00,11.550500772821524,11.627848416817251,11.498936086624068,11.576282501220703,2116700,0.0,0.0
2012-10-08 00:00:00-04:00,11.56339829016084,11.582734289207766,11.473159120142817,11.486050605773926,2266000,0.0,0.0
2012-10-09 00:00:00-04:00,11.492491674912316,11.492491674912316,11.32490611805951,11.357134819030762,2371800,0.0,0.0
2012-10-10 00:00:00-04:00,10.931725953991124,11.079975538402094,10.654566466995327,10.744804382324219,11638900,0.0,0.0
2012-10-11 00:00:00-04:00,10.860824812644047,10.96395420572725,10.751249678818226,10.93172550201416,4749800,0.0,0.0
2012-10-12 00:00:00-04:00,10.925281092953322,11.060637961617482,10.886606648135546,10.905943870544434,4622900,0.0,0.0
2012-10-15 00:00:00-04:00,10.989737903009807,11.021966612481712,10.854381011426486,10.976847648620605,2387400,0.0,0.0
2012-10-16 00:00:00-04:00,11.028411055129634,11.067084272540304,10.963954873178904,11.034856796264648,1769800,0.0,0.0
2012-10-17 00:00:00-04:00,11.0864208689443,11.14443130647919,11.03485617217988,11.079975128173828,1890900,0.0,0.0
2012-10-18 00:00:00-04:00,11.086418780242527,11.170210935673357,11.0606358220182,11.144429206848145,2009500,0.0,0.0
2012-10-19 00:00:00-04:00,11.04774786066035,11.112204047345783,11.02196612362588,11.028411865234375,2098300,0.0,0.0
2012-10-22 00:00:00-04:00,10.899496551907307,11.460263626593713,10.596554154418753,11.434480667114258,3911900,0.0,0.0
2012-10-23 00:00:00-04:00,11.312012932069205,11.434479518496236,11.273339726134003,11.395806312561035,2686100,0.0,0.0
2012-10-24 00:00:00-04:00,11.415146427965208,11.440929394176518,11.279789543554314,11.305572509765625,1929600,0.0,0.0
2012-10-25 00:00:00-04:00,11.395805897309641,11.518272479274117,11.376468680347141,11.479598045349121,1682400,0.0,0.0
2012-10-26 00:00:00-04:00,11.492488368113671,11.505379844792834,11.40869622849687,11.440923690795898,1767600,0.0,0.0
2012-10-31 00:00:00-04:00,11.440928418609772,11.54405781586219,11.312016057344554,11.408700942993164,3099600,0.0,0.0
2012-11-01 00:00:00-04:00,11.498936243830562,11.711640730977912,11.466708775541218,11.685857772827148,2861000,0.0,0.0
2012-11-02 00:00:00-04:00,11.718084473626577,11.782540628620344,11.53760748552381,11.550498962402344,4862400,0.0,0.0
2012-11-05 00:00:00-05:00,11.563391271331943,11.698748100099529,11.537608315719648,11.647183418273926,1272600,0.0,0.0
2012-11-06 00:00:00-05:00,11.67296617434326,11.846996204155351,11.634291741585935,11.782541275024414,2081900,0.0,0.0
2012-11-07 00:00:00-05:00,11.692304753539197,11.788989627468846,11.125093137401361,11.595621109008789,1802900,0.0,0.0
2012-11-08 00:00:00-05:00,11.569839476269756,11.627849909362974,11.466710090637207,11.466710090637207,1643400,0.0,0.0
2012-11-09 00:00:00-05:00,11.466713620447573,11.524722841998576,11.395811684974658,11.453822135925293,1349700,0.0,0.0
2012-11-12 00:00:00-05:00,11.453823121095892,11.537615318898624,11.447377378280338,11.486050605773926,905800,0.0,0.0
2012-11-13 00:00:00-05:00,11.43448589264923,11.634299002332464,11.43448589264923,11.486050605773926,2322800,0.0,0.0
2012-11-14 00:00:00-05:00,11.447375211863115,11.569841843382346,11.337800063535278,11.370027542114258,1751400,0.0,0.0
2012-11-15 00:00:00-05:00,11.357134819030762,11.440926982757547,11.254004205321989,11.357134819030762,2419500,0.0,0.0
2012-11-16 00:00:00-05:00,11.363580603817502,11.531166179458634,11.318461646798614,11.50538444519043,1825100,0.0,0.0
2012-11-19 00:00:00-05:00,11.589180700262633,11.698755875645753,11.531170240977463,11.62140941619873,1809100,0.0,0.0
2012-11-20 00:00:00-05:00,11.627852392195416,11.730981799848632,11.531167496795952,11.582732200622559,1864700,0.0,0.0
2012-11-21 00:00:00-05:00,11.569838281195569,11.62784870829676,11.524718103917545,11.589174270629883,1059200,0.0,0.0
2012-11-23 00:00:00-05:00,11.634291963488856,11.756758544091609,11.576281542645392,11.750312805175781,722400,0.0,0.0
2012-11-26 00:00:00-05:00,11.730980925884545,11.79543587881624,11.627851525914522,11.660079002380371,1518800,0.0,0.0
2012-11-27 00:00:00-05:00,11.679410934448242,11.763203072936397,11.640736504931679,11.679410934448242,1650500,0.0,0.0
2012-11-28 00:00:00-05:00,11.627851525914522,11.679416225899534,11.531166637718131,11.660079002380371,1938700,0.0,0.0
2012-11-29 00:00:00-05:00,11.698748734014256,11.763204897138662,11.621402321784212,11.705194473266602,1575300,0.0,0.0
2012-11-30 00:00:00-05:00,11.718093105207412,11.737429105369264,11.550507470539122,11.62140941619873,4344900,0.0,0.0
2012-12-03 00:00:00-05:00,11.679413103014705,11.698749091964316,11.556946512271091,11.576282501220703,1966000,0.0,0.0
2012-12-04 00:00:00-05:00,11.550503402209316,11.62140532289578,11.428036783587071,11.50538444519043,2252300,0.0,0.0
2012-12-05 00:00:00-05:00,11.511827191602176,11.518272930842377,11.221775072788382,11.324904441833496,3563400,0.0,0.0
2012-12-06 00:00:00-05:00,11.468344141197875,11.996448322495853,11.468344141197875,11.905171394348145,6693700,0.2,0.0
2012-12-07 00:00:00-05:00,11.879086933716474,12.159438810731297,11.866048265885437,12.120320320129395,2858400,0.0,0.0
2012-12-10 00:00:00-05:00,12.133363847391342,12.15944243437952,11.983407308878952,12.029047012329102,2292400,0.0,0.0
2012-12-11 00:00:00-05:00,12.061644623081346,12.120322993705035,11.931247967572114,11.9899263381958,2197600,0.0,0.0
2012-12-12 00:00:00-05:00,12.02252341946295,12.31591396303045,12.02252341946295,12.192038536071777,2632400,0.0,0.0
2012-12-13 00:00:00-05:00,12.12684244318288,12.283317677110803,12.061644118157592,12.179000854492188,2999200,0.0,0.0
2012-12-14 00:00:00-05:00,12.16596291005328,12.2442011614588,12.107284532387846,12.12684440612793,2268100,0.0,0.0
2012-12-17 00:00:00-05:00,12.17900183502561,12.426753997802734,12.152922005493958,12.426753997802734,2618200,0.0,0.0
2012-12-18 00:00:00-05:00,12.465870495411075,12.596265878444203,12.420230805617367,12.51150894165039,6638700,0.0,0.0
2012-12-19 00:00:00-05:00,12.465871862845804,12.602787216582579,12.35503509115457,12.413713455200195,5357100,0.0,0.0
2012-12-20 00:00:00-05:00,12.426752819160809,12.531069640283837,12.270277587476267,12.355035781860352,4612700,0.0,0.0
2012-12-21 00:00:00-05:00,12.322437800316909,12.394156091661479,12.152922630310057,12.152922630310059,5643600,0.0,0.0
2012-12-24 00:00:00-05:00,12.178999311400812,12.257236296674762,12.022524097298456,12.133360862731934,1881100,0.0,0.0
2012-12-26 00:00:00-05:00,12.120324988884729,12.165963452759307,11.866052836695008,11.937769889831543,2611600,0.0,0.0
2012-12-27 00:00:00-05:00,11.963848643300608,12.061645520430988,11.885610395463447,12.042085647583008,2693400,0.0,0.0
2012-12-28 00:00:00-05:00,11.963850104399771,11.989928694493862,11.859533256913581,11.892131805419922,2926700,0.0,0.0
2012-12-31 00:00:00-05:00,11.87257103497478,12.120324461739713,11.839972488926412,12.107284545898438,2878600,0.0,0.0
2013-01-02 00:00:00-05:00,12.296358580808617,12.459353784717301,12.296358580808617,12.426753997802734,4512900,0.0,0.0
2013-01-03 00:00:00-05:00,12.439793852960308,12.59626909873629,12.413715267108334,12.478912353515625,4968400,0.0,0.0
2013-01-04 00:00:00-05:00,12.518033928834294,12.55063247680664,12.439795672723815,12.55063247680664,2330400,0.0,0.0
2013-01-07 00:00:00-05:00,12.51150894165039,12.557147387889705,12.413712093486945,12.51150894165039,1759600,0.0,0.0
2013-01-08 00:00:00-05:00,12.459353784717301,12.550630700968656,12.420234040419821,12.426753997802734,3883000,0.0,0.0
2013-01-09 00:00:00-05:00,12.459354427638065,12.772304936838307,12.433274596760654,12.687546730041504,2400600,0.0,0.0
2013-01-10 00:00:00-05:00,12.720148769741465,12.961381030274831,12.713628810868265,12.909222602844238,4806300,0.0,0.0
2013-01-11 00:00:00-05:00,12.92226110608157,13.078736371245103,12.830984178958229,13.026577949523926,4589100,0.0,0.0
2013-01-14 00:00:00-05:00,12.922258336686696,12.922258336686696,12.50499105234266,12.654946327209473,4692300,0.0,0.0
2013-01-15 00:00:00-05:00,12.583230055413367,12.641908432087138,12.557151467755467,12.570191383361816,3273400,0.0,0.0
2013-01-16 00:00:00-05:00,12.511512274190588,12.648427649377025,12.511512274190588,12.641907691955566,1818300,0.0,0.0
2013-01-17 00:00:00-05:00,12.71362379545871,13.41124295347157,12.635385563399595,13.261287689208984,8763700,0.0,0.0
2013-01-18 00:00:00-05:00,13.235208973714707,13.430803948484963,13.137412108106888,13.40472412109375,4109300,0.0,0.0
2013-01-22 00:00:00-05:00,13.430804980031343,13.63291868361803,13.346046778054703,13.619878768920898,5151700,0.0,0.0
2013-01-23 00:00:00-05:00,13.600321447054643,13.913271968523642,13.535123110859894,13.861113548278809,12080200,0.0,0.0
2013-01-24 00:00:00-05:00,13.874151536567659,14.16754214334838,13.867631579498578,14.161022186279297,6885500,0.0,0.0
2013-01-25 00:00:00-05:00,14.219702630727888,14.565252944470414,14.154504294080546,14.558732986450195,8532400,0.0,0.0
2013-01-28 00:00:00-05:00,14.506574618576565,14.806485227267778,14.441376281692218,14.773886680603027,6758700,0.0,0.0
2013-01-29 00:00:00-05:00,14.773879564126604,14.956434570756311,14.663042817878967,14.943394660949707,6334800,0.0,0.0
2013-01-30 00:00:00-05:00,14.96947663909015,15.119433148837894,14.78040287814099,15.041194915771484,5516100,0.0,0.0
2013-01-31 00:00:00-05:00,14.982516434195947,15.073794579315669,14.832561169180396,14.845601081848145,5029400,0.0,0.0
2013-02-01 00:00:00-05:00,14.982519575184591,15.171594617841754,14.904282569885254,14.904282569885254,5349500,0.0,0.0
2013-02-04 00:00:00-05:00,14.871677498854963,15.621454958346975,14.845598920870072,15.53017807006836,7012600,0.0,0.0
2013-02-05 00:00:00-05:00,15.497580535444746,15.510620447054718,15.269387056487876,15.478020668029785,5792800,0.0,0.0
2013-02-06 00:00:00-05:00,15.425866508340581,15.680138636905669,15.295469843481442,15.647540092468262,4020600,0.0,0.0
2013-02-07 00:00:00-05:00,15.647542243931916,15.712740585325951,15.425868629325151,15.706220626831055,3287100,0.0,0.0
2013-02-08 00:00:00-05:00,15.693180130216147,15.927893653143597,15.6671015407547,15.908333778381348,2391900,0.0,0.0
2013-02-11 00:00:00-05:00,15.908328678348193,15.960487084104567,15.817051779163158,15.94092845916748,3472300,0.0,0.0
2013-02-12 00:00:00-05:00,15.940927327009716,16.195199381568806,15.908327548505731,16.130001068115234,3952400,0.0,0.0
2013-02-13 00:00:00-05:00,16.195201873779297,16.32559852075262,16.116963636884385,16.195201873779297,3523600,0.0,0.0
2013-02-14 00:00:00-05:00,16.14956404732144,16.25388087152778,16.123484219492536,16.208242416381836,2320300,0.0,0.0
2013-02-15 00:00:00-05:00,16.234318940682666,16.449472518751726,16.214760315847418,16.364715576171875,3879100,0.0,0.0
2013-02-19 00:00:00-05:00,16.345158950964105,16.345158950964105,15.621459843157208,16.29952049255371,8838200,0.0,0.0
2013-02-20 00:00:00-05:00,16.29951734329825,16.33863583672691,15.934408503003622,15.94092845916748,3699500,0.0,0.0
2013-02-21 00:00:00-05:00,15.973527261094098,16.07784407433525,15.75837367833991,15.99960708618164,4899000,0.0,0.0
2013-02-22 00:00:00-05:00,16.064802800963168,16.20171938396572,15.9344074172346,16.077842712402344,3401500,0.0,0.0
2013-02-25 00:00:00-05:00,16.103926004731797,16.188682960237795,15.82357406616211,15.82357406616211,3962900,0.0,0.0
2013-02-26 00:00:00-05:00,15.91484758931448,16.103922574985514,15.862689186983577,16.045244216918945,3918300,0.0,0.0
2013-02-27 00:00:00-05:00,16.01916547703422,16.27995750632093,16.01916547703422,16.22127914428711,3366900,0.0,0.0
2013-02-28 00:00:00-05:00,16.234321000656102,16.299519326673725,16.16260396123589,16.208242416381836,2681000,0.0,0.0
2013-03-01 00:00:00-05:00,16.18867877961994,16.266917001351857,16.01916366882942,16.15608024597168,4195100,0.0,0.0
2013-03-04 00:00:00-05:00,16.130004403968414,16.62550994771511,16.077845991129532,16.58639144897461,4512300,0.0,0.0
2013-03-05 00:00:00-05:00,16.612474134761705,16.62551405207927,16.30604353912866,16.377761840820312,4054500,0.0,0.0
2013-03-06 00:00:00-05:00,16.4364382178645,16.50163655786771,16.28648290634555,16.469038009643555,3478300,0.0,0.0
2013-03-07 00:00:00-05:00,16.521187629425054,16.68418277080174,16.18867739179011,16.286474227905273,7001400,0.0,0.0
2013-03-08 00:00:00-05:00,17.505683612624992,17.92947085689523,17.297049968895312,17.786035537719727,15677900,0.0,0.0
2013-03-11 00:00:00-04:00,17.688232964770016,17.857748068405037,17.61651594506026,17.825149536132812,5300100,0.0,0.0
2013-03-12 00:00:00-04:00,17.87730961842394,18.066383361816406,17.772992813058217,18.066383361816406,5361600,0.0,0.0
2013-03-13 00:00:00-04:00,17.98815235367069,18.431499545493637,17.890355471604998,18.37934112548828,7217500,0.0,0.0
2013-03-14 00:00:00-04:00,18.333374479634436,18.445003242232815,18.20204608159855,18.339941024780273,4324900,0.2,0.0
2013-03-15 00:00:00-04:00,18.267703860085103,18.30710186467252,18.005048408768996,18.064146041870117,4472100,0.0,0.0
2013-03-18 00:00:00-04:00,17.9459570055556,18.234878728521657,17.840894788557105,18.136383056640625,3894200,0.0,0.0
2013-03-19 00:00:00-04:00,18.175776334055193,18.280838523649955,18.018183049663048,18.123245239257812,3339900,0.0,0.0
2013-03-20 00:00:00-04:00,18.195475646238503,18.346503647421937,18.096979994990285,18.274272918701172,4316800,0.0,0.0
2013-03-21 00:00:00-04:00,18.24144398976912,18.445001864321828,18.24144398976912,18.320240020751953,4451400,0.0,0.0
2013-03-22 00:00:00-04:00,18.320246295877258,18.609168097471095,18.21518405028691,18.59603500366211,5515100,0.0,0.0
2013-03-25 00:00:00-04:00,18.62229102067317,18.825848853775796,18.576326469886133,18.68795394897461,3196900,0.0,0.0
2013-03-26 00:00:00-04:00,18.72735149539338,18.996573484604607,18.72735149539338,18.983440399169922,3085900,0.0,0.0
2013-03-27 00:00:00-04:00,18.917783726853926,19.160740893987736,18.87181916204386,19.147607803344727,3606600,0.0,0.0
2013-03-28 00:00:00-04:00,19.14104160984977,19.324901124909978,19.0294128422133,19.318334579467773,2348600,0.0,0.0
2013-04-01 00:00:00-04:00,19.344595863945447,19.489057331573928,19.154171091762784,19.21983528137207,2971900,0.0,0.0
2013-04-02 00:00:00-04:00,19.318339155161038,19.370870278700558,19.173878878537543,19.200143814086914,3119500,0.0,0.0
2013-04-03 00:00:00-04:00,19.272370509286038,19.29863543928961,18.852120357264283,18.865253448486328,3578300,0.0,0.0
2013-04-04 00:00:00-04:00,18.871816533848357,18.976878739479947,18.622294108583404,18.668258666992188,4646200,0.0,0.0
2013-04-05 00:00:00-04:00,18.504098991335127,18.59602810903302,18.267708400180204,18.56976318359375,3038000,0.0,0.0
2013-04-08 00:00:00-04:00,18.563192555201635,18.628856733014068,18.477828748313467,18.602590560913086,2400800,0.0,0.0
2013-04-09 00:00:00-04:00,18.609165277265276,18.714227506933515,18.49096995577836,18.58289909362793,2096000,0.0,0.0
2013-04-10 00:00:00-04:00,18.740492030357267,19.07537707498208,18.674827829521643,19.009714126586914,3055900,0.0,0.0
2013-04-11 00:00:00-04:00,18.94405020153436,19.108210079792993,18.86525290889641,18.884952545166016,2391500,0.0,0.0
2013-04-12 00:00:00-04:00,18.825849883698456,18.97031008728084,18.72078768974033,18.766752243041992,1574200,0.0,0.0
2013-04-15 00:00:00-04:00,18.628862561919476,18.714225143077275,17.978788375854492,17.978788375854492,2613200,0.0,0.0
2013-04-16 00:00:00-04:00,18.08385455883028,18.20204863068644,17.92625995814086,18.156084060668945,2659700,0.0,0.0
2013-04-17 00:00:00-04:00,18.01161487740199,18.051012881827095,17.51256889573738,17.532268524169922,5905600,0.0,0.0
2013-04-18 00:00:00-04:00,17.558538710021665,17.840893873386513,17.453476498412467,17.66360092163086,5374700,0.0,0.0
2013-04-19 00:00:00-04:00,17.683298099714737,18.267706727169994,17.643900088943866,18.21517562866211,3514300,0.0,0.0
2013-04-22 00:00:00-04:00,18.221750803656413,18.221750803656413,17.89999751633519,18.202051162719727,1993300,0.0,0.0
2013-04-23 00:00:00-04:00,18.3333750970665,18.661694850772964,18.287410531938068,18.61573028564453,2244900,0.0,0.0
2013-04-24 00:00:00-04:00,18.655124917318663,18.753620575054022,18.385902868369893,18.530363082885742,2506500,0.0,0.0
2013-04-25 00:00:00-04:00,18.497536360659428,18.628864772963745,18.300544994643513,18.405607223510742,3867000,0.0,0.0
2013-04-26 00:00:00-04:00,17.6964334994653,19.01627767846671,17.6964334994653,18.819286346435547,6067800,0.0,0.0
2013-04-29 00:00:00-04:00,18.760186927906908,18.8258511165409,18.33993812455371,18.353071212768555,2506100,0.0,0.0
2013-04-30 00:00:00-04:00,18.29397290264403,18.52379567584092,18.195475997056583,18.21517562866211,2044300,0.0,0.0
2013-05-01 00:00:00-04:00,18.136383135021028,18.39903867865238,17.998488191839304,18.339941024780273,3062700,0.0,0.0
2013-05-02 00:00:00-04:00,18.35307455414358,18.668261214041603,18.300543444160574,18.48440170288086,2709100,0.0,0.0
2013-05-03 00:00:00-04:00,18.628860397807397,18.917780833116417,18.504098560663795,18.793020248413086,2690200,0.0,0.0
2013-05-06 00:00:00-04:00,18.753618129716124,18.793017389625078,18.596024847400535,18.68795394897461,1770200,0.0,0.0
2013-05-07 00:00:00-04:00,18.701091024852484,18.76018867488231,18.353072921832766,18.359638214111328,4319900,0.0,0.0
2013-05-08 00:00:00-04:00,18.287410930455803,18.293977475965885,17.913126603464537,18.188915252685547,4091300,0.0,0.0
2013-05-09 00:00:00-04:00,18.215181381418205,18.339943249442054,17.932826168099243,18.077287673950195,3702900,0.0,0.0
2013-05-10 00:00:00-04:00,18.156077181422646,18.274272460935812,17.94595279670596,18.2677059173584,2045500,0.0,0.0
2013-05-13 00:00:00-04:00,18.26114666831959,18.307111239282207,18.0444556534668,18.096986770629883,1552900,0.0,0.0
2013-05-14 00:00:00-04:00,18.07728548114892,18.37933904321487,18.044452755419737,18.339941024780273,1773600,0.0,0.0
2013-05-15 00:00:00-04:00,18.385901239783223,18.957178007950144,18.32680359988871,18.89151382446289,3918000,0.0,0.0
2013-05-16 00:00:00-04:00,18.793020251808535,19.173871055184932,18.77988716317204,18.9309139251709,3236400,0.0,0.0
2013-05-17 00:00:00-04:00,18.944052536938432,19.462797164916992,18.924352898240276,19.462797164916992,3693000,0.0,0.0
2013-05-20 00:00:00-04:00,19.44966270623729,19.850211952979183,19.397131595888823,19.443096160888672,3465000,0.0,0.0
2013-05-21 00:00:00-04:00,19.462797164916992,19.535027921036278,18.852122142120987,19.462797164916992,2164400,0.0,0.0
2013-05-22 00:00:00-04:00,19.423395898155537,19.69918453169691,19.07537652055034,19.167306900024414,3512000,0.0,0.0
2013-05-23 00:00:00-04:00,19.02940824662647,19.187001541859217,18.793018929997444,19.141036987304688,3108000,0.0,0.0
2013-05-24 00:00:00-04:00,18.99001393865344,19.18700528299424,18.838987157829465,19.167306900024414,1324200,0.0,0.0
2013-05-28 00:00:00-04:00,19.29206685801935,19.57442202729715,19.29206685801935,19.489059448242188,1844900,0.0,0.0
2013-05-29 00:00:00-04:00,19.37742914812842,19.554722089494014,19.331464589798145,19.429960250854492,1496500,0.0,0.0
2013-05-30 00:00:00-04:00,19.456226723651525,19.692617330942777,19.410262161664978,19.489059448242188,1524800,0.0,0.0
2013-05-31 00:00:00-04:00,19.44965931878445,19.823943571385072,19.21983528137207,19.21983528137207,2601700,0.0,0.0
2013-06-03 00:00:00-04:00,19.25922893109849,19.410255656277478,18.88494476328971,18.983440399169922,2731300,0.0,0.0
2013-06-04 00:00:00-04:00,19.003150948974962,19.068815161447517,18.536936167616414,18.91122055053711,2973700,0.0,0.0
2013-06-05 00:00:00-04:00,18.852121213707868,18.930918512179336,18.49096995577836,18.58289909362793,2094100,0.0,0.0
2013-06-06 00:00:00-04:00,18.536931539493764,19.127906799316406,18.484400433119315,19.127906799316406,1988400,0.0,0.0
2013-06-07 00:00:00-04:00,19.28550558681941,19.65978995811345,19.232974468961313,19.594125747680664,2070600,0.0,0.0
2013-06-10 00:00:00-04:00,19.633527755737305,19.73202346514658,19.429969789299356,19.633527755737305,1732300,0.0,0.0
2013-06-11 00:00:00-04:00,19.508756538654247,19.541589261070673,19.21983609603148,19.305198669433594,2306600,0.0,0.0
2013-06-12 00:00:00-04:00,19.38399546360774,19.38399546360774,18.898082456019935,18.9309139251709,2735700,0.0,0.0
2013-06-13 00:00:00-04:00,18.897849880073743,19.31442194433272,18.315971220901176,19.11605453491211,6569800,0.2,0.0
2013-06-14 00:00:00-04:00,19.0433224793424,19.122670213365,18.851567452337743,18.9309139251709,2794300,0.0,0.0
2013-06-17 00:00:00-04:00,19.06977380293851,19.281366097148663,18.957365238990672,19.089611053466797,2647800,0.0,0.0
2013-06-18 00:00:00-04:00,19.109445020660825,19.41360985729363,19.07638420113504,19.32103729248047,1607800,0.0,0.0
2013-06-19 00:00:00-04:00,19.321039616815757,19.54585674796715,19.23508071899414,19.23508071899414,1776600,0.0,0.0
2013-06-20 00:00:00-04:00,19.043326592644846,19.063163845732646,18.606917114231006,18.666427612304688,1927300,0.0,0.0
2013-06-21 00:00:00-04:00,18.811898465283402,18.937530619179462,18.560631635111815,18.798673629760742,2611400,0.0,0.0
2013-06-24 00:00:00-04:00,18.55401882474408,18.58708091285113,18.01181319168556,18.170507431030273,2759800,0.0,0.0
2013-06-25 00:00:00-04:00,18.309363873137197,18.540793422305462,18.28291420525987,18.441608428955078,1983200,0.0,0.0
2013-06-26 00:00:00-04:00,18.633367002948862,18.884632572384508,18.514346005409443,18.75238800048828,1964800,0.0,0.0
2013-06-27 00:00:00-04:00,18.88463068110695,18.904467932440085,18.626752719724262,18.706100463867188,1960600,0.0,0.0
2013-06-28 00:00:00-04:00,18.600294976203642,18.66641785741809,18.329192298294572,18.349029541015625,3706900,0.0,0.0
2013-07-01 00:00:00-04:00,18.428384312121032,18.818506812276834,18.428384312121032,18.606914520263672,2329400,0.0,0.0
2013-07-02 00:00:00-04:00,18.60690918843548,18.758992208281253,18.401929371933594,18.520950317382812,1617000,0.0,0.0
2013-07-03 00:00:00-04:00,18.335811460313334,18.639976321360137,18.19034207705848,18.461444854736328,970500,0.0,0.0
2013-07-05 00:00:00-04:00,18.646585885288346,18.71270751953125,18.481279277302416,18.71270751953125,885100,0.0,0.0
2013-07-08 00:00:00-04:00,18.765611130778687,19.162347359458536,18.745775139118003,19.14251136779785,2355700,0.0,0.0
2013-07-09 00:00:00-04:00,19.2086264839402,19.35409709961946,19.010259067709377,19.314422607421875,1976400,0.0,0.0
2013-07-10 00:00:00-04:00,19.347493502543376,19.59214667665793,19.19541166337056,19.559085845947266,1646800,0.0,0.0
2013-07-11 00:00:00-04:00,19.836798105749292,19.836798105749292,19.61198095965563,19.7971248626709,1987600,0.0,0.0
2013-07-12 00:00:00-04:00,19.790512419874965,20.93443413981846,19.631818186575547,20.25337028503418,5796000,0.0,0.0
2013-07-15 00:00:00-04:00,20.31287874055308,20.326103573964208,19.909531411029974,19.98226547241211,2321700,0.0,0.0
2013-07-16 00:00:00-04:00,20.002099090920023,20.154180863967206,19.711159114646364,19.717771530151367,2531000,0.0,0.0
2013-07-17 00:00:00-04:00,19.803730548981953,20.174016967966615,19.79711813385143,20.127731323242188,3664600,0.0,0.0
2013-07-18 00:00:00-04:00,20.16740557042564,20.41867105211749,20.127732338829937,20.332712173461914,1900800,0.0,0.0
2013-07-19 00:00:00-04:00,20.31948566379125,20.630262858985006,20.31948566379125,20.511241912841797,1571700,0.0,0.0
2013-07-22 00:00:00-04:00,20.365779736515027,20.55753606493438,20.140962581011507,20.445127487182617,1530600,0.0,0.0
2013-07-23 00:00:00-04:00,20.451733076127795,20.511243553960878,20.398835013741646,20.471569061279297,1786500,0.0,0.0
2013-07-24 00:00:00-04:00,20.491412265578134,20.491412265578134,20.21369704200674,20.25337028503418,2328600,0.0,0.0
2013-07-25 00:00:00-04:00,20.233535013620536,20.339331172915593,20.174024516368352,20.2665958404541,1504300,0.0,0.0
2013-07-26 00:00:00-04:00,20.167405719956555,20.266589430275857,20.101282826013918,20.16079330444336,1571600,0.0,0.0
2013-07-29 00:00:00-04:00,20.0880591744485,20.266590620219215,20.04838594022924,20.14756965637207,1531000,0.0,0.0
2013-07-30 00:00:00-04:00,20.27320746957504,20.65010643005371,20.1674113143947,20.65010643005371,2914200,0.0,0.0
2013-07-31 00:00:00-04:00,20.663329560104604,20.993942833066278,20.5839818196704,20.782350540161133,3097800,0.0,0.0
2013-08-01 00:00:00-04:00,20.934425216865634,21.218752736616636,20.934425216865634,21.152629852294922,1685200,0.0,0.0
2013-08-02 00:00:00-04:00,21.07328804111315,21.119573691975287,20.921204995322615,21.086511611938477,1307800,0.0,0.0
2013-08-05 00:00:00-04:00,21.007172858250943,21.093131775540922,20.927825098207233,20.947662353515625,1130500,0.0,0.0
2013-08-06 00:00:00-04:00,20.9212089000808,20.927821317322312,20.769127087094944,20.9013729095459,995100,0.0,0.0
2013-08-07 00:00:00-04:00,20.76251778194884,20.941049290660843,20.63688435790819,20.84186553955078,910000,0.0,0.0
2013-08-08 00:00:00-04:00,20.947662431039404,20.960887267960608,20.77574333463334,20.855091094970703,686500,0.0,0.0
2013-08-09 00:00:00-04:00,20.775738512037492,20.894759494320702,20.72945285474726,20.742677688598633,1275800,0.0,0.0
2013-08-12 00:00:00-04:00,20.636874664720438,20.835243334956157,20.56414062070431,20.755895614624023,884400,0.0,0.0
2013-08-13 00:00:00-04:00,20.755902087572423,20.815412581083194,20.663330769306608,20.722841262817383,921000,0.0,0.0
2013-08-14 00:00:00-04:00,20.72284272273463,20.769128385128344,20.431902651873067,20.445127487182617,1203500,0.0,0.0
2013-08-15 00:00:00-04:00,20.2599850161129,20.286434688611543,19.539247835992324,19.592145919799805,2926800,0.0,0.0
2013-08-16 00:00:00-04:00,19.506188793581437,19.737618404387337,19.44667828619735,19.62520980834961,950800,0.0,0.0
2013-08-19 00:00:00-04:00,19.526015445221066,19.565688674867342,19.11605453491211,19.11605453491211,1428200,0.0,0.0
2013-08-20 00:00:00-04:00,19.12928045252688,19.188790930973575,18.97719867924725,19.135892868041992,2300200,0.0,0.0
2013-08-21 00:00:00-04:00,19.102837902901314,19.18218565743637,18.93091881906684,18.950756072998047,1353400,0.0,0.0
2013-08-22 00:00:00-04:00,18.977205001282915,19.314429476570858,18.957367748129034,19.241695404052734,928900,0.0,0.0
2013-08-23 00:00:00-04:00,19.268139756327223,19.268139756327223,19.00364940925272,19.155731201171875,1187900,0.0,0.0
2013-08-26 00:00:00-04:00,19.18879627636463,19.42022583910524,19.10944852926884,19.17557144165039,1252900,0.0,0.0
2013-08-27 00:00:00-04:00,18.924301037152276,19.07638281381389,18.699483949396267,18.71270751953125,1042800,0.0,0.0
2013-08-28 00:00:00-04:00,18.712712116161576,18.818508270365413,18.620140796530627,18.633365631103516,855500,0.0,0.0
2013-08-29 00:00:00-04:00,18.57385441765999,18.765609466784863,18.57385441765999,18.620140075683594,823900,0.0,0.0
2013-08-30 00:00:00-04:00,18.679643403027075,18.712704214309,18.395315885721715,18.45482635498047,1018100,0.0,0.0
2013-09-03 00:00:00-04:00,18.692874863244462,18.838344250154424,18.309363514854965,18.434995651245117,2374500,0.0,0.0
2013-09-04 00:00:00-04:00,17.919235291153957,18.395317834469726,17.674580973706746,18.31597137451172,6678500,0.0,0.0
2013-09-05 00:00:00-04:00,18.302754678345924,18.322590671556437,17.84650791665702,17.87957000732422,3245000,0.0,0.0
2013-09-06 00:00:00-04:00,17.946184031099897,18.079414030999295,17.892891777022626,17.926198959350586,2497100,0.2,0.0
2013-09-09 00:00:00-04:00,17.952836267830193,18.12603504943524,17.906204458304487,18.032773971557617,1556000,0.0,0.0
2013-09-10 00:00:00-04:00,18.17933505863611,18.252611101538985,18.072749297837902,18.146026611328125,1438500,0.0,0.0
2013-09-11 00:00:00-04:00,18.146027235337773,18.172673994100496,17.94618162696691,18.046104431152344,1557200,0.0,0.0
2013-09-12 00:00:00-04:00,18.04610171080056,18.26593235510519,17.999471160582488,18.019454956054688,1108300,0.0,0.0
2013-09-13 00:00:00-04:00,18.019457052732474,18.19265716697196,17.97282649708864,18.146026611328125,776200,0.0,0.0
2013-09-16 00:00:00-04:00,18.252612718731395,18.39916735869667,18.079412589146276,18.099397659301758,1522200,0.0,0.0
2013-09-17 00:00:00-04:00,18.099394222592487,18.259270941716593,18.04610198288445,18.252609252929688,1734400,0.0,0.0
2013-09-18 00:00:00-04:00,18.21930187770612,18.658963168072617,18.21930187770612,18.605670928955078,3027700,0.0,0.0
2013-09-19 00:00:00-04:00,18.612332989690987,18.73224084774897,18.499086820479256,18.565702438354492,2476500,0.0,0.0
2013-09-20 00:00:00-04:00,18.58568606210927,18.612332817247378,17.972824670392285,18.059425354003906,3181300,0.0,0.0
2013-09-23 00:00:00-04:00,18.05276853925444,18.0860757215824,17.699706561875296,17.926198959350586,1876900,0.0,0.0
2013-09-24 00:00:00-04:00,17.95949881360123,18.046099485258043,17.77297663573186,17.972822189331055,1921900,0.0,0.0
2013-09-25 00:00:00-04:00,17.959509945206918,18.012803481158443,17.75966426774002,17.819618225097656,1449500,0.0,0.0
2013-09-26 00:00:00-04:00,17.82626783351956,17.839591208476165,17.319991020451315,17.35329818725586,5604300,0.0,0.0
2013-09-27 00:00:00-04:00,17.306675299346967,17.57313656338632,17.306675299346967,17.559814453125,8296500,0.0,0.0
2013-09-30 00:00:00-04:00,17.386611203214432,18.052764879425045,17.306672203010745,17.75965690612793,6490900,0.0,0.0
2013-10-01 00:00:00-04:00,18.146024270354626,18.59234724200384,18.05942485970053,18.559040069580078,6002900,0.0,0.0
2013-10-02 00:00:00-04:00,18.419146242201304,18.665623625984338,18.259269535390874,18.61233139038086,3630900,0.0,0.0
2013-10-03 00:00:00-04:00,18.525730713408258,18.68560742021869,18.35253063005018,18.61233139038086,3581800,0.0,0.0
2013-10-04 00:00:00-04:00,18.70559811972745,19.531628655700082,18.57902854557247,18.99204444885254,5645200,0.0,0.0
2013-10-07 00:00:00-04:00,18.798860562193703,18.865476199087993,18.485768720554404,18.49909210205078,3517200,0.0,0.0
2013-10-08 00:00:00-04:00,18.4857684750258,18.525737348396472,18.1060610015355,18.159353256225586,1648200,0.0,0.0
2013-10-09 00:00:00-04:00,17.986151597467547,18.292581718505378,17.71969034643737,18.119382858276367,3446800,0.0,0.0
2013-10-10 00:00:00-04:00,18.232628572273526,18.612336003891212,18.232628572273526,18.539058685302734,2095800,0.0,0.0
2013-10-11 00:00:00-04:00,18.539056339840034,18.6789492693934,18.425810166615793,18.472440719604492,1564500,0.0,0.0
2013-10-14 00:00:00-04:00,18.392502991791662,18.492425786851335,18.14602557809634,18.472440719604492,2842400,0.0,0.0
2013-10-15 00:00:00-04:00,18.419150627237702,18.625657930540857,18.265935572225274,18.41248893737793,2247600,0.0,0.0
2013-10-16 00:00:00-04:00,18.592350293754436,19.391735269007725,18.5057508688859,19.225196838378906,4522700,0.0,0.0
2013-10-17 00:00:00-04:00,19.131936018958662,19.39173685600079,19.005367716145507,19.37175178527832,2240700,0.0,0.0
2013-10-18 00:00:00-04:00,19.498320175327347,19.56493580310519,19.358427229935142,19.484996795654297,2362200,0.0,0.0
2013-10-21 00:00:00-04:00,19.458348068133393,19.55161044582403,19.345103164129217,19.37841033935547,1761200,0.0,0.0
2013-10-22 00:00:00-04:00,19.37840979261303,19.63820930969224,19.37840979261303,19.584917068481445,2111800,0.0,0.0
2013-10-23 00:00:00-04:00,19.465006210380665,19.465006210380665,19.138591124411064,19.231853485107422,1473100,0.0,0.0
2013-10-24 00:00:00-04:00,19.271827340225524,19.325119587049958,19.045334973574846,19.11861228942871,1151600,0.0,0.0
2013-10-25 00:00:00-04:00,19.22519839647825,19.22519839647825,18.91876699858115,18.97205924987793,1110100,0.0,0.0
2013-10-28 00:00:00-04:00,18.998709249329252,19.005370940700335,18.818847394073163,18.878801345825195,1204600,0.0,0.0
2013-10-29 00:00:00-04:00,18.94540725624366,19.385068496168998,18.93874556829484,19.231853485107422,1825900,0.0,0.0
2013-10-30 00:00:00-04:00,19.291813145108254,19.32512159695488,18.878798506910265,18.932090759277344,939300,0.0,0.0
2013-10-31 00:00:00-04:00,18.952075279653283,19.06532147146592,18.79885894678619,18.94541358947754,1791600,0.0,0.0
2013-11-01 00:00:00-04:00,19.012029233976516,19.278490488255578,18.972059092894042,19.245182037353516,1401200,0.0,0.0
2013-11-04 00:00:00-05:00,19.258500188311494,19.6581925964924,19.25183849993998,19.604900360107422,1528000,0.0,0.0
2013-11-05 00:00:00-05:00,19.498317979706588,19.80474805415651,19.391733495499025,19.73147201538086,1803400,0.0,0.0
2013-11-06 00:00:00-05:00,19.76478067176139,19.76478067176139,19.02534964538101,19.078641891479492,3886800,0.0,0.0
2013-11-07 00:00:00-05:00,19.125269970102693,19.178563479883785,18.139362909722234,18.225963592529297,3368400,0.0,0.0
2013-11-08 00:00:00-05:00,18.22596259478861,18.559039389163623,18.18599246464087,18.552377700805664,1357700,0.0,0.0
2013-11-11 00:00:00-05:00,18.605676100430557,18.77221455278588,18.452461029204677,18.519075393676758,1085100,0.0,0.0
2013-11-12 00:00:00-05:00,18.52573214025677,18.579024379964807,18.232625457156185,18.252609252929688,1639500,0.0,0.0
2013-11-13 00:00:00-05:00,18.119378497934232,18.725578174619113,18.07274667846164,18.70559310913086,1659100,0.0,0.0
2013-11-14 00:00:00-05:00,18.705594774838275,18.818840948181798,18.60567197967335,18.765548706054688,1207300,0.0,0.0
2013-11-15 00:00:00-05:00,18.73224232948486,19.00536524084907,18.59234939382249,18.985380172729492,2411300,0.0,0.0
2013-11-18 00:00:00-05:00,19.051997529795667,19.091966399085052,18.792196702946047,18.85881233215332,1254200,0.0,0.0
2013-11-19 00:00:00-05:00,18.805517088766425,19.085301670420844,18.692270918320894,18.885456085205078,1105200,0.0,0.0
2013-11-20 00:00:00-05:00,18.945411377953363,19.1319335987512,18.83882688875822,18.898780822753906,807400,0.0,0.0
2013-11-21 00:00:00-05:00,18.925429199307075,19.3051366588622,18.91876750889185,19.25184440612793,960200,0.0,0.0
2013-11-22 00:00:00-05:00,19.251842313812965,19.278489072577862,19.07864219360331,19.125272750854492,1236800,0.0,0.0
2013-11-25 00:00:00-05:00,19.19189223013651,19.251846178806467,18.792199662532667,18.82550811767578,1399400,0.0,0.0
2013-11-26 00:00:00-05:00,18.81217658463369,18.99203835271263,18.612331022715157,18.652299880981445,1642300,0.0,0.0
2013-11-27 00:00:00-05:00,18.65896459382022,18.84548808027763,18.57236390451998,18.7255802154541,919500,0.0,0.0
2013-11-29 00:00:00-05:00,18.718918198596032,18.792194237582187,18.55237978271989,18.579025268554688,775400,0.0,0.0
2013-12-02 00:00:00-05:00,18.59901078430537,19.0519954897042,18.53239516223131,18.938749313354492,1886200,0.0,0.0
2013-12-03 00:00:00-05:00,18.858814278952746,19.151922315369887,18.838830477538846,18.96539878845215,2186100,0.0,0.0
2013-12-04 00:00:00-05:00,18.885460493195527,19.012030071020877,18.70559866216806,18.978721618652344,1943500,0.0,0.0
2013-12-05 00:00:00-05:00,18.918341212133644,19.22022885982211,18.871379717116863,19.146434783935547,1710300,0.2,0.0
2013-12-06 00:00:00-05:00,19.307438489073853,19.53553202193511,19.247060713930008,19.46173667907715,1928900,0.0,0.0
2013-12-09 00:00:00-05:00,19.448324189438356,19.48857562352092,19.32085982201189,19.46845054626465,1886400,0.0,0.0
2013-12-10 00:00:00-05:00,19.41477779519232,19.58249356434326,19.27389588372925,19.32085609436035,2616700,0.0,0.0
2013-12-11 00:00:00-05:00,19.02568839542023,19.924645546487678,18.240778085296277,18.79088592529297,8845900,0.0,0.0
2013-12-12 00:00:00-05:00,18.7439192910154,19.005555545252577,18.643290060891104,18.88479995727539,3484500,0.0,0.0
2013-12-13 00:00:00-05:00,18.87138497607626,19.079353530396247,18.690252848814374,18.81100845336914,1950000,0.0,0.0
2013-12-16 00:00:00-05:00,18.91163444360821,19.206813337768107,18.85796543743641,18.925050735473633,2498100,0.0,0.0
2013-12-17 00:00:00-05:00,18.9116358115967,19.03239140411072,18.750628781434717,18.770753860473633,2521200,0.0,0.0
2013-12-18 00:00:00-05:00,18.764041801396058,18.972010298704728,18.4621541523372,18.965301513671875,3092400,0.0,0.0
2013-12-19 00:00:00-05:00,18.998845993985864,19.179979368655186,18.89150798223442,19.106184005737305,1909000,0.0,0.0
2013-12-20 00:00:00-05:00,19.126308428928354,19.314150570285772,19.052513073471886,19.146434783935547,3003200,0.0,0.0
2013-12-23 00:00:00-05:00,19.394653344692383,19.421488484582316,19.052512988515165,19.340984344482422,1368300,0.0,0.0
2013-12-24 00:00:00-05:00,19.387945227628425,19.441614229687268,19.173269219393056,19.280607223510742,413700,0.0,0.0
2013-12-26 00:00:00-05:00,19.347693093057217,19.428195953435765,19.280606523028496,19.414779663085938,780400,0.0,0.0
2013-12-27 00:00:00-05:00,19.428197376081602,19.434906161532723,19.059223133260037,19.133018493652344,1069800,0.0,0.0
2013-12-30 00:00:00-05:00,19.13301954227165,19.58920674138992,19.032390314129696,19.515411376953125,1934900,0.0,0.0
2013-12-31 00:00:00-05:00,19.515407572183634,19.562367784189735,19.374525656595512,19.48186492919922,1247600,0.0,0.0
2014-01-02 00:00:00-05:00,19.44832092581622,19.73008347625162,19.421487067454176,19.709957122802734,1835400,0.0,0.0
2014-01-03 00:00:00-05:00,19.790465120111826,19.8910943478594,19.52882887205412,19.64287567138672,1653400,0.0,0.0
2014-01-06 00:00:00-05:00,19.656291635855958,19.73008699877384,19.07935014258446,19.106184005737305,4010900,0.0,0.0
2014-01-07 00:00:00-05:00,19.106182738482815,19.347693888689886,19.092765168011322,19.09947395324707,3405400,0.0,0.0
2014-01-08 00:00:00-05:00,19.106181720278876,20.052098635420297,18.811002863056363,19.95146942138672,7809400,0.0,0.0
2014-01-09 00:00:00-05:00,20.280194671819146,20.461328046871866,19.985015778662895,20.14602279663086,5053300,0.0,0.0
2014-01-10 00:00:00-05:00,20.313735962119857,20.441199035059412,20.085642396395567,20.327152252197266,2382100,0.0,0.0
2014-01-13 00:00:00-05:00,20.226527866939712,20.23994543978969,19.703255321492286,19.73008918762207,3118600,0.0,0.0
2014-01-14 00:00:00-05:00,19.797167441354055,19.958174409089107,19.65628554485486,19.864253997802734,2291000,0.0,0.0
2014-01-15 00:00:00-05:00,19.89109497920118,19.951472773680123,19.589207286376567,19.669710159301758,2079800,0.0,0.0
2014-01-16 00:00:00-05:00,19.622746278203984,19.662997707161765,19.133016507246428,19.327566146850586,3619700,0.0,0.0
2014-01-17 00:00:00-05:00,19.33427297029334,19.629453071703008,19.226934984247958,19.475154876708984,2988700,0.0,0.0
2014-01-21 00:00:00-05:00,19.696542283087073,19.696542283087073,19.186686140984367,19.30744171142578,1844500,0.0,0.0
2014-01-22 00:00:00-05:00,19.340989811395776,19.683130264282227,19.220234206898176,19.683130264282227,1971700,0.0,0.0
2014-01-23 00:00:00-05:00,19.55565773595575,19.656286937975956,19.307439122943897,19.455028533935547,2850300,0.0,0.0
2014-01-24 00:00:00-05:00,19.36781580043038,19.414776006735586,18.7372042082342,18.837833404541016,2884800,0.0,0.0
2014-01-27 00:00:00-05:00,18.911633434454284,19.790463843460568,18.911633434454284,19.636165618896484,4683600,0.0,0.0
2014-01-28 00:00:00-05:00,19.636168148833878,19.750214955503367,19.46174354571759,19.663002014160156,2703100,0.0,0.0
2014-01-29 00:00:00-05:00,19.515404381387437,19.743497899183307,19.4281914765757,19.542238235473633,2813900,0.0,0.0
2014-01-30 00:00:00-05:00,19.66299981048149,20.273485213184898,19.468450150066666,20.20639991760254,3219400,0.0,0.0
2014-01-31 00:00:00-05:00,19.938054145366515,20.481454266888072,19.817299842376194,20.394241333007812,4464100,0.0,0.0
2014-02-03 00:00:00-05:00,20.36069976302182,20.400951199484417,19.522120705892174,19.669710159301758,4276900,0.0,0.0
2014-02-04 00:00:00-05:00,19.77704615010625,20.17956431220484,19.508701135230517,19.870967864990234,3818900,0.0,0.0
2014-02-05 00:00:00-05:00,19.683129034438178,19.770340699142686,19.522121998358195,19.622751235961914,2362100,0.0,0.0
2014-02-06 00:00:00-05:00,19.71666781569519,19.958178962178888,19.622747382982606,19.696542739868164,2130300,0.0,0.0
2014-02-07 00:00:00-05:00,19.870972299911006,20.25336419139965,19.777050564065018,19.89780616760254,2855600,0.0,0.0
2014-02-10 00:00:00-05:00,19.884386030418,19.951472610353207,19.723379006315557,19.93805503845215,1781100,0.0,0.0
2014-02-11 00:00:00-05:00,19.98500997229712,20.736375837848755,19.97159240480557,20.629037857055664,3972200,0.0,0.0
2014-02-12 00:00:00-05:00,20.622334251023833,20.629043036454004,20.172855863762198,20.454618453979492,3588100,0.0,0.0
2014-02-13 00:00:00-05:00,20.327157768318173,20.73638479662187,20.307032687955836,20.615629196166992,2099600,0.0,0.0
2014-02-14 00:00:00-05:00,20.588790144639333,20.984599499984796,20.46132578963743,20.843717575073242,1955100,0.0,0.0
2014-02-18 00:00:00-05:00,20.850429582647514,20.924224948986435,20.62233597720912,20.776634216308594,1672300,0.0,0.0
2014-02-19 00:00:00-05:00,20.756508331434148,21.21940303074736,20.722964402778818,21.071813583374023,3342600,0.0,0.0
2014-02-20 00:00:00-05:00,21.18585587437097,21.24623365353515,21.078517884650147,21.152313232421875,2227300,0.0,0.0
2014-02-21 00:00:00-05:00,21.266361417661443,21.353573060258224,20.850425720214844,20.850425720214844,3621700,0.0,0.0
2014-02-24 00:00:00-05:00,21.15231132752689,21.29990073020925,21.031555780073298,21.165727615356445,2911200,0.0,0.0
2014-02-25 00:00:00-05:00,21.132192331142754,21.601797116996188,21.132192331142754,21.5950870513916,4664400,0.0,0.0
2014-02-26 00:00:00-05:00,21.648751717307718,21.74937964298085,21.23952483247419,21.273067474365234,2221900,0.0,0.0
2014-02-27 00:00:00-05:00,21.266361876324318,21.40724252038138,21.03826830821965,21.259653091430664,1934700,0.0,0.0
2014-02-28 00:00:00-05:00,21.28649015929454,21.366994310580413,20.964476113291205,21.226112365722656,3284400,0.0,0.0
2014-03-03 00:00:00-05:00,21.011432471446717,21.54141494433055,20.94434590430613,21.4273681640625,2116300,0.0,0.0
2014-03-04 00:00:00-05:00,21.635336778442817,21.635336778442817,20.998016268490172,21.179149627685547,4349300,0.0,0.0
2014-03-05 00:00:00-05:00,21.226110636463787,21.286488425116783,20.776632254030336,20.883970260620117,5270500,0.0,0.0
2014-03-06 00:00:00-05:00,21.05839554602195,21.07852190276988,20.689421295966667,20.76992416381836,5059400,0.0,0.0
2014-03-07 00:00:00-05:00,20.347281752271538,20.79676016838393,20.146023294728106,20.38753318786621,8139700,0.0,0.0
2014-03-10 00:00:00-04:00,20.380821806503242,20.508286162485504,20.24664994508446,20.488161087036133,2761700,0.0,0.0
2014-03-11 00:00:00-04:00,20.501574893708746,20.68941701242181,20.273481349403507,20.31373405456543,2663800,0.0,0.0
2014-03-12 00:00:00-04:00,20.213106130450967,20.43449091859251,20.199689839934745,20.266775131225586,2485300,0.0,0.0
2014-03-13 00:00:00-04:00,20.320800020773014,20.584179866737813,20.0101457131374,20.158720016479492,3843700,0.2,0.0
2014-03-14 00:00:00-04:00,20.09794024538278,20.253266758177798,19.800792921007282,19.83456039428711,3690900,0.0,0.0
2014-03-17 00:00:00-04:00,19.922354324011742,20.3343085035808,19.89534034392969,20.151968002319336,1686900,0.0,0.0
2014-03-18 00:00:00-04:00,20.172234574325007,20.172234574325007,19.929113832615034,19.97638702392578,1846200,0.0,0.0
2014-03-19 00:00:00-04:00,20.01014854647803,20.111449690590437,19.848068519234758,19.962875366210938,2299400,0.0,0.0
2014-03-20 00:00:00-04:00,19.92910844059722,20.145215135603895,19.834562083556175,20.1317081451416,1759400,0.0,0.0
2014-03-21 00:00:00-04:00,20.212746981869536,20.408593173568228,20.11144713870832,20.273527145385742,2938800,0.0,0.0
2014-03-24 00:00:00-04:00,20.300546056603668,20.401845930806818,19.82781288095636,19.949373245239258,2204600,0.0,0.0
2014-03-25 00:00:00-04:00,20.023657515310898,20.104698180986244,19.665731236163797,19.672483444213867,1889800,0.0,0.0
2014-03-26 00:00:00-04:00,19.76027456704033,19.821054734924843,19.604948043823242,19.604948043823242,2439500,0.0,0.0
2014-03-27 00:00:00-04:00,19.550928255489524,19.59820144980206,19.253780806541958,19.301054000854492,3318900,0.0,0.0
2014-03-28 00:00:00-04:00,19.388839231904697,20.543661084015167,19.348319551087773,20.503141403198242,5307000,0.0,0.0
2014-03-31 00:00:00-04:00,20.449114438692096,20.678728106848613,20.13170662724769,20.388334274291992,2989700,0.0,0.0
2014-04-01 00:00:00-04:00,20.530154960517358,20.921848659865805,20.435608605256604,20.847562789916992,2663800,0.0,0.0
2014-04-02 00:00:00-04:00,20.834056458604426,21.083929344866714,20.739508812256037,20.867822647094727,2533100,0.0,0.0
2014-04-03 00:00:00-04:00,20.91509738479937,20.91509738479937,20.043917033474074,20.239763259887695,3990800,0.0,0.0
2014-04-04 00:00:00-04:00,20.300540872609723,20.462620887565187,19.59819414113603,19.929107666015625,3814000,0.0,0.0
2014-04-07 00:00:00-04:00,19.82105820832491,19.87508489056783,19.044424168046284,19.267284393310547,4417000,0.0,0.0
2014-04-08 00:00:00-04:00,19.2740356919485,19.5779352618772,19.11195437560279,19.483388900756836,3249800,0.0,0.0
2014-04-09 00:00:00-04:00,19.503648234274333,19.83456307668206,19.40234837693001,19.706249237060547,1937600,0.0,0.0
2014-04-10 00:00:00-04:00,19.74001729054354,19.84131715745199,19.138970297202082,19.192996978759766,2741100,0.0,0.0
2014-04-11 00:00:00-04:00,20.178981207154177,20.178981207154177,18.179993001786542,18.66623306274414,17767300,0.0,0.0
2014-04-14 00:00:00-04:00,18.80805510150943,19.17948834440826,18.672987765129356,18.936368942260742,3914800,0.0,0.0
2014-04-15 00:00:00-04:00,18.889094529833343,19.09844903066368,18.48389509566611,19.01740837097168,3695300,0.0,0.0
2014-04-16 00:00:00-04:00,19.13221549987793,19.233515359897314,19.04442263135382,19.13221549987793,2026800,0.0,0.0
2014-04-17 00:00:00-04:00,19.02416737888621,19.132220764385696,18.929620988598657,19.0444278717041,2143800,0.0,0.0
2014-04-21 00:00:00-04:00,18.976887155992703,19.301047192444294,18.760780465024975,19.27403450012207,2935800,0.0,0.0
2014-04-22 00:00:00-04:00,19.280785127985098,19.348318785405706,19.09844592747604,19.138965606689453,1616000,0.0,0.0
2014-04-23 00:00:00-04:00,19.14572493248548,19.165984134213875,18.862084515408,18.889097213745117,2252500,0.0,0.0
2014-04-24 00:00:00-04:00,18.929618193397452,19.08494475110475,18.821564823853436,18.889097213745117,1951800,0.0,0.0
2014-04-25 00:00:00-04:00,18.808057300944665,18.882343185352955,18.517663395436827,18.659482955932617,2832600,0.0,0.0
2014-04-28 00:00:00-04:00,18.81480662382711,18.82831232557056,18.227265446722406,18.504152297973633,3189000,0.0,0.0
2014-04-29 00:00:00-04:00,18.585197233579343,19.071437387073235,18.409610189459894,19.0241641998291,2470900,0.0,0.0
2014-04-30 00:00:00-04:00,18.841822904585968,19.24027016411053,18.78779622302828,19.192996978759766,2371000,0.0,0.0
2014-05-01 00:00:00-04:00,19.20649845990592,19.692738454399457,19.11870432250598,19.456371307373047,3180700,0.0,0.0
2014-05-02 00:00:00-04:00,19.48339125769084,19.672484002806392,19.34832390709597,19.530664443969727,1526700,0.0,0.0
2014-05-05 00:00:00-04:00,19.40235457418525,19.53742195251758,19.287547689032166,19.463134765625,1940100,0.0,0.0
2014-05-06 00:00:00-04:00,19.382085007038715,19.442865165984127,18.90935072370712,18.929611206054688,3845000,0.0,0.0
2014-05-07 00:00:00-04:00,19.01065599147704,19.08494315988146,18.38934852435211,18.71350860595703,4664600,0.0,0.0
2014-05-08 00:00:00-04:00,18.713508400757195,19.024162774962065,18.62571552932183,18.740522384643555,1942100,0.0,0.0
2014-05-09 00:00:00-04:00,18.781047410396134,18.88234730256652,18.57169412816427,18.875595092773438,1681400,0.0,0.0
2014-05-12 00:00:00-04:00,18.909358622643225,19.25377923784168,18.895851628769286,19.084945678710938,1740900,0.0,0.0
2014-05-13 00:00:00-04:00,19.091693878173828,19.233513410205273,19.03091371070393,19.091693878173828,1651500,0.0,0.0
2014-05-14 00:00:00-04:00,19.091699175647907,19.199752550443755,18.98364580085206,19.084945678710938,1469400,0.0,0.0
2014-05-15 00:00:00-04:00,18.983640380824383,19.01065307276202,18.639219863961582,18.868833541870117,3283700,0.0,0.0
2014-05-16 00:00:00-04:00,18.835066807972055,19.051173504366673,18.693247271499658,19.030914306640625,3007000,0.0,0.0
2014-05-19 00:00:00-04:00,19.010654861055183,19.375335897249105,19.010654861055183,19.34832191467285,1903400,0.0,0.0
2014-05-20 00:00:00-04:00,19.28754355690991,19.33481674276912,19.071436828354816,19.165983200073242,2033000,0.0,0.0
2014-05-21 00:00:00-04:00,19.199750281746574,19.638717225997357,19.159230593010513,19.6319637298584,2241300,0.0,0.0
2014-05-22 00:00:00-04:00,19.767031773027334,19.81430495956825,19.611705220650688,19.753524780273438,2345900,0.0,0.0
2014-05-23 00:00:00-04:00,19.773780038737257,19.8615728922187,19.625205733941513,19.841312408447266,1982700,0.0,0.0
2014-05-27 00:00:00-04:00,19.888591997461294,19.983138369905376,19.74001765436606,19.902097702026367,1497200,0.0,0.0
2014-05-28 00:00:00-04:00,19.908852451124904,20.091192999253195,19.6792387137999,19.881839752197266,2243400,0.0,0.0
2014-05-29 00:00:00-04:00,19.92911017610686,19.996643846201938,19.685989479003638,19.868330001831055,1572500,0.0,0.0
2014-05-30 00:00:00-04:00,19.895340311947233,20.124953989885714,19.81430094802628,20.111448287963867,1925800,0.0,0.0
2014-06-02 00:00:00-04:00,20.104695446263033,20.118202436721262,19.780535403850593,19.80079460144043,1480800,0.0,0.0
2014-06-03 00:00:00-04:00,19.821060795600097,19.976387366311307,19.713007417009873,19.76028060913086,2278900,0.0,0.0
2014-06-04 00:00:00-04:00,19.753520812791304,20.165474992360362,19.74676731777079,20.151968002319336,1964000,0.0,0.0
2014-06-05 00:00:00-04:00,20.14521556202449,20.314049082084402,19.881835682922244,20.13846206665039,1745500,0.0,0.0
2014-06-06 00:00:00-04:00,20.172225783170738,20.469371795654297,20.145211806710073,20.469371795654297,2364400,0.0,0.0
2014-06-09 00:00:00-04:00,20.4491117034648,20.692231040448704,20.435604715827573,20.665218353271484,3389700,0.0,0.0
2014-06-10 00:00:00-04:00,20.56392469425052,20.766524417228332,20.49639102389204,20.75301742553711,3541700,0.0,0.0
2014-06-11 00:00:00-04:00,21.590430632058094,21.94835816742664,21.097437050056236,21.711992263793945,6701400,0.0,0.0
2014-06-12 00:00:00-04:00,21.8275142252639,22.269230228513237,21.80712821020731,21.990610122680664,5339500,0.2,0.0
2014-06-13 00:00:00-04:00,22.010996989966518,22.18088736820624,21.875084168910455,22.078954696655273,2530500,0.0,0.0
2014-06-16 00:00:00-04:00,22.051772229499214,22.55464631142523,22.017794671367163,22.5274658203125,3133300,0.0,0.0
2014-06-17 00:00:00-04:00,22.500279202997753,22.778899283635106,22.493482137045977,22.690555572509766,2462500,0.0,0.0
2014-06-18 00:00:00-04:00,22.64978612447405,22.867245597905953,22.46630420770562,22.731332778930664,2581700,0.0,0.0
2014-06-19 00:00:00-04:00,22.860453727847506,22.867250796118164,22.45951224650465,22.622608184814453,2315200,0.0,0.0
2014-06-20 00:00:00-04:00,22.744926950538517,22.744926950538517,22.364371531860293,22.547853469848633,2986900,0.0,0.0
2014-06-23 00:00:00-04:00,22.642989486154292,22.819676931861522,22.493485123220708,22.5682373046875,1995000,0.0,0.0
2014-06-24 00:00:00-04:00,22.473105839460004,22.697362451039844,22.330398500630412,22.364376068115234,2646700,0.0,0.0
2014-06-25 00:00:00-04:00,22.384754786152985,22.717741060426505,22.343982755403722,22.68376350402832,1874100,0.0,0.0
2014-06-26 00:00:00-04:00,22.642986795502647,22.697352954589636,22.398344264253478,22.636192321777344,1588800,0.0,0.0
2014-06-27 00:00:00-04:00,22.602214434359503,22.812879433387273,22.51387330549876,22.731332778930664,1556200,0.0,0.0
2014-06-30 00:00:00-04:00,22.69055833196397,22.819676677539043,22.541053970696595,22.778902053833008,2043100,0.0,0.0
2014-07-01 00:00:00-04:00,22.357572555541992,22.56823494420021,22.343981015576755,22.357572555541992,5885800,0.0,0.0
2014-07-02 00:00:00-04:00,22.411935173200153,22.64978322402935,22.384752094421774,22.561439514160156,3098900,0.0,0.0
2014-07-03 00:00:00-04:00,22.697361851532516,22.724542349409113,22.541060379050723,22.595426559448242,1236000,0.0,0.0
2014-07-07 00:00:00-04:00,22.513871376660443,22.595418024130684,22.289614855715808,22.357572555541992,2025800,0.0,0.0
2014-07-08 00:00:00-04:00,22.34398330065443,22.37796085788175,21.800334608052918,21.854698181152344,4511400,0.0,0.0
2014-07-09 00:00:00-04:00,22.14690757456259,22.371161503186045,22.051769387127113,22.357572555541992,2863700,0.0,0.0
2014-07-10 00:00:00-04:00,22.031388103599163,22.337191373653987,21.9226583400599,22.153709411621094,1680200,0.0,0.0
2014-07-11 00:00:00-04:00,22.18768587924062,22.595421776627052,22.153705727523743,22.4255313873291,2104100,0.0,0.0
2014-07-14 00:00:00-04:00,22.534256202170415,22.55464221488268,22.248841654914475,22.323591232299805,1458500,0.0,0.0
2014-07-15 00:00:00-04:00,22.364368127901233,22.371162602057005,22.18088621783968,22.235252380371094,1767000,0.0,0.0
2014-07-16 00:00:00-04:00,22.384756906687475,22.391553974003838,22.0517731931914,22.133319854736328,1868400,0.0,0.0
2014-07-17 00:00:00-04:00,22.058567403335122,22.16729714819675,21.698400609541284,21.705196380615234,1755300,0.0,0.0
2014-07-18 00:00:00-04:00,21.779950300576,22.01779843277617,21.745972736639395,21.99740982055664,1076900,0.0,0.0
2014-07-21 00:00:00-04:00,21.841106414794922,21.949836152195115,21.739172448002332,21.841106414794922,1176400,0.0,0.0
2014-07-22 00:00:00-04:00,21.915861804815165,21.997408471727162,21.752765878669365,21.766357421875,1491300,0.0,0.0
2014-07-23 00:00:00-04:00,21.75276246868564,21.909063894887563,21.725580682696314,21.8275146484375,1427600,0.0,0.0
2014-07-24 00:00:00-04:00,21.84111166548596,22.208075589551747,21.834317189405652,22.153709411621094,2018800,0.0,0.0
2014-07-25 00:00:00-04:00,22.031381427266407,22.19447731931217,21.929448763018907,21.98381233215332,1276800,0.0,0.0
2014-07-28 00:00:00-04:00,22.058564828270917,22.133317005197195,21.739171402045216,21.9294490814209,2585400,0.0,0.0
2014-07-29 00:00:00-04:00,22.017797082696514,22.09934374960851,21.759562946433086,21.766357421875,1032700,0.0,0.0
2014-07-30 00:00:00-04:00,21.86829231419586,22.058568731076353,21.74597101982361,22.04497718811035,1577500,0.0,0.0
2014-07-31 00:00:00-04:00,21.847902071954497,21.983812290694853,21.79353591060135,21.83431053161621,1700500,0.0,0.0
2014-08-01 00:00:00-04:00,21.86149157396066,21.88188018114538,21.68480672972809,21.752761840820312,1279200,0.0,0.0
2014-08-04 00:00:00-04:00,21.773157446517892,21.888681690971715,21.62365304327445,21.868295669555664,1321600,0.0,0.0
2014-08-05 00:00:00-04:00,21.603253186282966,21.983805834713127,21.50131795984175,21.793529510498047,1457800,0.0,0.0
2014-08-06 00:00:00-04:00,21.739174910252416,22.05177391280449,21.69160580677209,21.949838638305664,1528800,0.0,0.0
2014-08-07 00:00:00-04:00,22.01779342998891,22.180886736756054,21.90906369470369,22.004201889038086,1576900,0.0,0.0
2014-08-08 00:00:00-04:00,22.03818366399173,22.214868545532227,21.909067888724515,22.214868545532227,1520800,0.0,0.0
2014-08-11 00:00:00-04:00,22.357575116731876,22.59542061256715,22.26243432607629,22.581829071044922,1879600,0.0,0.0
2014-08-12 00:00:00-04:00,22.62260440831376,22.7177426096451,22.37116477071343,22.398347854614258,1788800,0.0,0.0
2014-08-13 00:00:00-04:00,22.50027988224332,22.547848976057352,22.38475308846553,22.5070743560791,1217900,0.0,0.0
2014-08-14 00:00:00-04:00,22.561444685389347,22.64299134809443,22.4731009552712,22.602216720581055,938800,0.0,0.0
2014-08-15 00:00:00-04:00,22.63619168464016,22.683760776341785,22.34398006857528,22.561439514160156,1154600,0.0,0.0
2014-08-18 00:00:00-04:00,22.710944219222817,22.812879481750738,22.63619463133327,22.697355270385742,1130000,0.0,0.0
2014-08-19 00:00:00-04:00,22.778905922683872,22.833269504537135,22.71094820496496,22.74492835998535,2042100,0.0,0.0
2014-08-20 00:00:00-04:00,22.67016722169533,22.935195735422205,22.656575683514355,22.88762664794922,1639400,0.0,0.0
2014-08-21 00:00:00-04:00,22.935198735793836,23.03033692318574,22.812877468483908,22.989564895629883,1616400,0.0,0.0
2014-08-22 00:00:00-04:00,22.928410706545666,23.037140464457647,22.880839007157384,22.955591201782227,1089300,0.0,0.0
2014-08-25 00:00:00-04:00,23.050729750145322,23.050729750145322,22.86725038727,22.901227951049805,923100,0.0,0.0
2014-08-26 00:00:00-04:00,22.948791052028938,22.98276860691522,22.853652861418848,22.921607971191406,1294400,0.0,0.0
2014-08-27 00:00:00-04:00,22.92840376545766,22.99635887145996,22.874037606798915,22.99635887145996,1058600,0.0,0.0
2014-08-28 00:00:00-04:00,22.914813409813704,22.962382504937462,22.79249213883225,22.80608367919922,1818600,0.0,0.0
2014-08-29 00:00:00-04:00,22.860448208660948,22.975975010472563,22.75851554010862,22.785696029663086,1869100,0.0,0.0
2014-09-02 00:00:00-04:00,22.914818379149374,22.996365046714235,22.77890553832673,22.833269119262695,1766200,0.0,0.0
2014-09-03 00:00:00-04:00,22.901219268691936,22.955582831664803,22.636190742436916,22.76530647277832,2772400,0.0,0.0
2014-09-04 00:00:00-04:00,22.79249689785717,22.860452021559635,22.174095939806246,22.296417236328125,5231200,0.0,0.0
2014-09-05 00:00:00-04:00,22.3716268493172,22.378462995714372,22.06394809703098,22.234880447387695,1990700,0.2,0.0
2014-09-08 00:00:00-04:00,22.09813337374461,22.139158075542642,21.886176326785666,22.01608657836914,1897600,0.0,0.0
2014-09-09 00:00:00-04:00,22.00924242258286,22.18017472579459,21.899845852856156,22.11863899230957,3073200,0.0,0.0
2014-09-10 00:00:00-04:00,22.18017472579459,22.255385356522943,21.995567525339528,22.11863899230957,2113700,0.0,0.0
2014-09-11 00:00:00-04:00,22.029759800050755,22.22120317741022,21.94771040270778,22.1938533782959,2329100,0.0,0.0
2014-09-12 00:00:00-04:00,22.180176780082224,22.228037620756695,22.04343301142385,22.187015533447266,1621100,0.0,0.0
2014-09-15 00:00:00-04:00,22.118638406323928,22.118638406323928,21.947706107640684,22.098127365112305,1144300,0.0,0.0
2014-09-16 00:00:00-04:00,22.016086829079875,22.13231957316702,21.954551079792378,22.063947677612305,1903300,0.0,0.0
2014-09-17 00:00:00-04:00,22.04343637956783,22.24171591770683,21.913526127984355,22.01608657836914,1202900,0.0,0.0
2014-09-18 00:00:00-04:00,22.02975903605219,22.08445602416353,21.96822329428924,22.050270080566406,789900,0.0,0.0
2014-09-19 00:00:00-04:00,22.043437539665383,22.11180943803977,21.91352728124502,22.057109832763672,1563200,0.0,0.0
2014-09-22 00:00:00-04:00,21.961388794665076,22.104973958738643,21.783620288593212,22.091299057006836,2486400,0.0,0.0
2014-09-23 00:00:00-04:00,21.99557382636609,22.050273431009106,21.53747637447401,21.551151275634766,2443900,0.0,0.0
2014-09-24 00:00:00-04:00,21.523801473313256,21.687896374911244,21.462265722200218,21.551151275634766,1904500,0.0,0.0
2014-09-25 00:00:00-04:00,21.516965110440925,21.516965110440925,21.181937839728544,21.209287643432617,2193600,0.0,0.0
2014-09-26 00:00:00-04:00,21.284497402523204,21.393895315321615,21.22296295123286,21.380220413208008,1079700,0.0,0.0
2014-09-29 00:00:00-04:00,21.195613528410522,21.407569298543695,21.161427576621787,21.222963333129883,1670800,0.0,0.0
2014-09-30 00:00:00-04:00,21.250306826758198,21.332354917473705,21.01100130829064,21.20244598388672,4249400,0.0,0.0
2014-10-01 00:00:00-04:00,21.127238309105326,21.202448960811964,20.74435020826401,20.860584259033203,5416900,0.0,0.0
2014-10-02 00:00:00-04:00,20.840069257757698,21.058862430420216,20.498204599444964,21.011001586914062,3083600,0.0,0.0
2014-10-03 00:00:00-04:00,21.106726047178594,21.728919664286984,21.099888597043194,21.64687156677246,4253400,0.0,0.0
2014-10-06 00:00:00-04:00,20.32727449392875,20.846908987901152,20.17001704688864,20.450345993041992,11340500,0.0,0.0
2014-10-07 00:00:00-04:00,20.286250642376007,20.46402043666685,20.108480848085165,20.115318298339844,3032000,0.0,0.0
2014-10-08 00:00:00-04:00,20.156338911452163,20.45718016054984,19.985406591027818,20.416156768798828,3311400,0.0,0.0
2014-10-09 00:00:00-04:00,20.381976202933124,20.44351196278453,19.787132263183594,19.787132263183594,3065600,0.0,0.0
2014-10-10 00:00:00-04:00,19.81447607656629,19.964897366880123,19.445262908935547,19.445262908935547,1908400,0.0,0.0
2014-10-13 00:00:00-04:00,19.42475111295159,19.513636660509462,18.877768143788785,18.898279190063477,2466500,0.0,0.0
2014-10-14 00:00:00-04:00,19.069207754623193,19.55465618471724,19.069207754623193,19.30167579650879,2804700,0.0,0.0
2014-10-15 00:00:00-04:00,19.04869851062481,19.752938847426805,18.7478572567067,19.616193771362305,5952000,0.0,0.0
2014-10-16 00:00:00-04:00,19.21963569707453,20.204205188668297,19.21963569707453,20.09480857849121,4409300,0.0,0.0
2014-10-17 00:00:00-04:00,20.217877895630384,20.4913693913763,19.99224724862621,20.450345993041992,3665500,0.0,0.0
2014-10-20 00:00:00-04:00,20.409325142049735,20.689654123191694,20.34778938481267,20.66914176940918,4849100,0.0,0.0
2014-10-21 00:00:00-04:00,20.81272340944183,21.024679159393767,20.77853615679775,20.860584259033203,1702700,0.0,0.0
2014-10-22 00:00:00-04:00,20.881092337862345,20.997325060737275,20.68281022543083,20.689647674560547,1088100,0.0,0.0
2014-10-23 00:00:00-04:00,20.83323394800795,21.188773542159296,20.80588545067109,21.05886459350586,2208600,0.0,0.0
2014-10-24 00:00:00-04:00,21.065698951607665,21.17509553311726,20.969977268814294,21.147747039794922,888200,0.0,0.0
2014-10-27 00:00:00-04:00,21.14775182702485,21.270823335110453,21.06570372026431,21.175100326538086,669300,0.0,0.0
2014-10-28 00:00:00-04:00,21.209286325395585,21.52380122378459,21.161425475998158,21.5032901763916,1075800,0.0,0.0
2014-10-29 00:00:00-04:00,21.44175753749447,21.640038414358653,21.393896681151755,21.578502655029297,1167100,0.0,0.0
2014-10-30 00:00:00-04:00,21.50328902625988,21.735757114422384,21.387054982178626,21.64687156677246,1102000,0.0,0.0
2014-10-31 00:00:00-04:00,21.86566709076324,22.11181010549414,21.845156042275935,22.091299057006836,1805300,0.0,0.0
2014-11-03 00:00:00-05:00,22.15967375327474,22.214373367103278,21.99557752001026,22.029766082763672,1010000,0.0,0.0
2014-11-04 00:00:00-05:00,21.92719815250075,21.9545479501121,21.722079886856136,21.879337310791016,823300,0.0,0.0
2014-11-05 00:00:00-05:00,22.063944979649317,22.08445602416353,21.797289663973142,22.050270080566406,1080100,0.0,0.0
2014-11-06 00:00:00-05:00,22.098134125418724,22.21436948035663,22.03659837473882,22.159669876098633,766200,0.0,0.0
2014-11-07 00:00:00-05:00,22.111808127376175,22.371626020595627,22.05027237919843,22.351112365722656,1254300,0.0,0.0
2014-11-10 00:00:00-05:00,22.344276273068285,22.54939456474495,22.28274052474323,22.49469757080078,1476100,0.0,0.0
2014-11-11 00:00:00-05:00,22.528886007398892,22.617771566627844,22.412650644065515,22.51521110534668,858400,0.0,0.0
2014-11-12 00:00:00-05:00,22.494703657282713,22.624611335242772,22.3511184668601,22.522050857543945,999700,0.0,0.0
2014-11-13 00:00:00-05:00,22.39213473297829,22.487856418338364,21.9203624516092,22.050270080566406,2233400,0.0,0.0
2014-11-14 00:00:00-05:00,22.036595297814102,22.30324931078778,21.988734454881406,22.248552322387695,1294500,0.0,0.0
2014-11-17 00:00:00-05:00,22.152833729676725,22.262230329972038,22.05027327580332,22.159669876098633,1110000,0.0,0.0
2014-11-18 00:00:00-05:00,22.159672813550703,22.27590818389659,22.132323007796256,22.221208572387695,1132500,0.0,0.0
2014-11-19 00:00:00-05:00,22.26222801208496,22.31692500242736,22.04343483427453,22.26222801208496,1309900,0.0,0.0
2014-11-20 00:00:00-05:00,22.11864677049511,22.60409666457563,22.111810623579444,22.51521110534668,1267300,0.0,0.0
2014-11-21 00:00:00-05:00,22.727163314819336,22.84339604507648,22.651952673725734,22.727163314819336,1767500,0.0,0.0
2014-11-24 00:00:00-05:00,22.836561322537303,22.93911916005673,22.686140030977562,22.81604766845703,2785900,0.0,0.0
2014-11-25 00:00:00-05:00,22.932280444103593,23.000652328120616,22.84339490830531,22.870744705200195,2170100,0.0,0.0
2014-11-26 00:00:00-05:00,22.857068016103725,22.857068016103725,22.72716040336041,22.850229263305664,1075900,0.0,0.0
2014-11-28 00:00:00-05:00,22.911770577447122,23.028005929342882,22.829723781428164,23.000656127929688,705000,0.0,0.0
2014-12-01 00:00:00-05:00,22.98698567704737,23.048521438028846,22.836566956597974,22.891263961791992,1400500,0.0,0.0
2014-12-02 00:00:00-05:00,23.0485228259076,23.451923370361328,22.973312157043488,23.451923370361328,2226400,0.0,0.0
2014-12-03 00:00:00-05:00,23.520283014367426,23.992055173084083,23.246790320253066,23.568143844604492,4289400,0.0,0.0
2014-12-04 00:00:00-05:00,23.52001435548041,23.698820323855955,23.31369896937248,23.478750228881836,2732300,0.2,0.0
2014-12-05 00:00:00-05:00,23.478750613511938,23.767594257548865,23.478750613511938,23.650680541992188,3286600,0.0,0.0
2014-12-08 00:00:00-05:00,23.630048906178583,23.774469411073646,23.396224107254117,23.416854858398438,2551700,0.0,0.0
2014-12-09 00:00:00-05:00,22.158328637356096,22.557204682314296,21.848854260742286,22.240854263305664,4716300,0.0,0.0
2014-12-10 00:00:00-05:00,22.261481078526838,22.371516101488282,21.972640127043757,21.993270874023438,2972800,0.0,0.0
2014-12-11 00:00:00-05:00,22.041416106250416,22.30962637249232,21.780083194491795,21.841978073120117,2269400,0.0,0.0
2014-12-12 00:00:00-05:00,21.628786784902935,22.14457660032935,21.60127736512062,21.979522705078125,4142400,0.0,0.0
2014-12-15 00:00:00-05:00,22.055163803698957,22.288988534910875,21.903865988329233,22.09642791748047,3355100,0.0,0.0
2014-12-16 00:00:00-05:00,22.02765957108182,22.1445732758837,21.690678411386955,21.73194122314453,2769100,0.0,0.0
2014-12-17 00:00:00-05:00,21.800708277729335,22.694743086761928,21.71130400979358,22.570953369140625,3163700,0.0,0.0
2014-12-18 00:00:00-05:00,22.846040320593115,23.059231665044496,22.6190916492774,23.03860092163086,2537500,0.0,0.0
2014-12-19 00:00:00-05:00,23.217406782799568,23.815724575270078,23.14175984925451,23.719444274902344,4331200,0.0,0.0
2014-12-22 00:00:00-05:00,23.726320817735463,23.774460968939607,23.128005636025748,23.21053123474121,3056900,0.0,0.0
2014-12-23 00:00:00-05:00,23.238050409620886,23.36184017144655,23.148646109759557,23.24492645263672,1677700,0.0,0.0
2014-12-24 00:00:00-05:00,23.244925192795858,23.306820070354075,23.162399563865712,23.189908981323242,479800,0.0,0.0
2014-12-26 00:00:00-05:00,23.26555610267048,23.375591137400157,23.11425694612636,23.1348876953125,829200,0.0,0.0
2014-12-29 00:00:00-05:00,23.05236451747804,23.327450821726,23.01110039129175,23.189908981323242,1035300,0.0,0.0
2014-12-30 00:00:00-05:00,23.052366960487248,23.18991143890893,22.901067771879124,23.14864730834961,1125600,0.0,0.0
2014-12-31 00:00:00-05:00,23.21741167906096,23.313694623174985,23.134886064690914,23.162395477294922,1672000,0.0,0.0
2015-01-02 00:00:00-05:00,23.238045677531215,23.320571294128985,22.54344741946066,22.749765396118164,2055200,0.0,0.0
2015-01-05 00:00:00-05:00,22.66723464617671,22.687868015622996,22.2614800262899,22.337129592895508,1685300,0.0,0.0
2015-01-06 00:00:00-05:00,22.337131306901338,22.433411626899392,21.993271522084306,22.199586868286133,2129200,0.0,0.0
2015-01-07 00:00:00-05:00,22.37152131837039,22.515944451232283,22.089556342314317,22.392154693603516,2415300,0.0,0.0
2015-01-08 00:00:00-05:00,22.557209903470575,23.03173826526156,22.488438969835077,22.78415870666504,3546800,0.0,0.0
2015-01-09 00:00:00-05:00,22.846044994966146,23.052360341639563,22.715376597434137,22.91481590270996,2275900,0.0,0.0
2015-01-12 00:00:00-05:00,22.9354531584461,22.956086535377693,22.6053479854105,22.653488159179688,1237100,0.0,0.0
2015-01-13 00:00:00-05:00,22.82541344546922,22.935448480705844,22.25460752000492,22.405906677246094,1881300,0.0,0.0
2015-01-14 00:00:00-05:00,22.206468115685574,22.412783485881537,22.04829291108726,22.399028778076172,1441400,0.0,0.0
2015-01-15 00:00:00-05:00,22.481553635654404,22.515941715717556,22.020782745360528,22.04829216003418,1299000,0.0,0.0
2015-01-16 00:00:00-05:00,22.07580217537109,22.639732141330374,21.979521833394028,22.6053466796875,1652100,0.0,0.0
2015-01-20 00:00:00-05:00,22.5984703038804,22.660365183302936,22.28211986391745,22.42654037475586,1790800,0.0,0.0
2015-01-21 00:00:00-05:00,22.509065419636187,22.81853980868466,22.36464491256105,22.729135513305664,1671700,0.0,0.0
2015-01-22 00:00:00-05:00,22.901066743458667,23.382471084594727,22.749770185087556,23.382471084594727,2109900,0.0,0.0
2015-01-23 00:00:00-05:00,23.368709989851236,23.671305647356014,23.354955284040763,23.540639877319336,2258300,0.0,0.0
2015-01-26 00:00:00-05:00,23.52689099679382,23.788225225015715,23.471874783371735,23.781349182128906,1650200,0.0,0.0
2015-01-27 00:00:00-05:00,23.56814670924629,23.89137570180811,23.54063730063643,23.801971435546875,1941000,0.0,0.0
2015-01-28 00:00:00-05:00,23.815731634256117,24.070187163997414,23.657556433420055,23.671308517456055,2519200,0.0,0.0
2015-01-29 00:00:00-05:00,23.67130924093805,23.884503278202928,23.423732369090104,23.863872528076172,1793800,0.0,0.0
2015-01-30 00:00:00-05:00,23.685060582579386,23.877623842349305,23.54064010533338,23.57502555847168,2330200,0.0,0.0
2015-02-02 00:00:00-05:00,23.6162873919481,23.767586519252056,23.27930368752791,23.76070785522461,1954800,0.0,0.0
2015-02-03 00:00:00-05:00,23.808853771432837,24.049557225252656,23.76071360535733,24.015169143676758,1881300,0.0,0.0
2015-02-04 00:00:00-05:00,23.953278626367204,24.276505104342593,23.822610203185096,23.973909378051758,3273000,0.0,0.0
2015-02-05 00:00:00-05:00,24.008287650397662,24.524077275619703,23.96702353594089,24.51032257080078,1741600,0.0,0.0
2015-02-06 00:00:00-05:00,24.55159206636844,24.620362982094278,24.26274844874693,24.33152198791504,1432500,0.0,0.0
2015-02-09 00:00:00-05:00,24.228363732101155,24.34527744054254,24.015169689321194,24.070188522338867,1451400,0.0,0.0
2015-02-10 00:00:00-05:00,24.1595900311523,24.372781425930842,23.994536174555385,24.090816497802734,2310600,0.0,0.0
2015-02-11 00:00:00-05:00,24.049555001235042,24.193975486106062,24.028921629509146,24.090816497802734,2033700,0.0,0.0
2015-02-12 00:00:00-05:00,24.28337891189692,24.37965923175097,24.193974633414467,24.20772933959961,1540600,0.0,0.0
2015-02-13 00:00:00-05:00,24.173346976687245,24.228363185020292,23.98766235460891,24.111452102661133,2303000,0.0,0.0
2015-02-17 00:00:00-05:00,24.028922452536115,24.324642097462984,24.028922452536115,24.1733455657959,1247500,0.0,0.0
2015-02-18 00:00:00-05:00,24.11831908574915,24.22835408452692,24.042669532194186,24.077054977416992,2027100,0.0,0.0
2015-02-19 00:00:00-05:00,24.083943230593288,24.207732981440703,24.015169689321194,24.070188522338867,1462800,0.0,0.0
2015-02-20 00:00:00-05:00,23.96702343638865,24.063306369721193,23.726322661661513,23.891376495361328,2464400,0.0,0.0
2015-02-23 00:00:00-05:00,23.925767577756986,24.10457353486847,23.884503453757887,24.00141716003418,2663400,0.0,0.0
2015-02-24 00:00:00-05:00,23.96702674695614,24.063309693588256,23.73320198059082,23.73320198059082,1966700,0.0,0.0
2015-02-25 00:00:00-05:00,23.781343556978065,24.13207937697942,23.774464892275773,23.932640075683594,3908800,0.0,0.0
2015-02-26 00:00:00-05:00,23.829481963443662,24.00141184016853,23.68505887317906,23.712568283081055,1925600,0.0,0.0
2015-02-27 00:00:00-05:00,23.774465272868696,23.863869551336315,23.43748415343546,23.485624313354492,2340000,0.0,0.0
2015-03-02 00:00:00-05:00,23.4856234001341,23.698814779073764,23.3962191251429,23.51313018798828,2220700,0.0,0.0
2015-03-03 00:00:00-05:00,23.53376573532323,23.68506226456439,23.114256356295716,23.183027267456055,2210300,0.0,0.0
2015-03-04 00:00:00-05:00,23.23804540027168,23.286185561332843,22.825412075321967,22.98358726501465,3889600,0.0,0.0
2015-03-05 00:00:00-05:00,22.584711176462484,23.011096582713137,21.835096727189786,22.01390266418457,5794600,0.0,0.0
2015-03-06 00:00:00-05:00,21.93825598627144,22.25460769891071,21.848853011318376,22.089553833007812,3637900,0.0,0.0
2015-03-09 00:00:00-04:00,22.15832590705837,22.15832590705837,21.84197421530869,21.896991729736328,2483900,0.0,0.0
2015-03-10 00:00:00-04:00,21.896990759352132,22.007025783331112,21.649411299538954,21.718183517456055,2872300,0.0,0.0
2015-03-11 00:00:00-04:00,21.79383898974656,21.910751398347283,21.697557333902765,21.85573387145996,2562700,0.0,0.0
2015-03-12 00:00:00-04:00,21.91109455313161,22.2848156894526,21.91109455313161,22.19484519958496,3708100,0.2,0.0
2015-03-13 00:00:00-04:00,22.222533077435486,22.222533077435486,21.814208640893757,22.014909744262695,1933100,0.0,0.0
2015-03-16 00:00:00-04:00,22.05643807641643,22.28482284864036,21.994151200352746,22.257139205932617,2617800,0.0,0.0
2015-03-17 00:00:00-04:00,22.174083401526747,22.354021738018503,22.12563704321004,22.27789306640625,1559700,0.0,0.0
2015-03-18 00:00:00-04:00,22.264050605510462,22.63085213629601,22.111795906748196,22.54780387878418,1307600,0.0,0.0
2015-03-19 00:00:00-04:00,22.437069055988438,22.492436320311697,22.125636114339525,22.34710121154785,2418000,0.0,0.0
2015-03-20 00:00:00-04:00,22.506276917362058,22.76926612854004,22.409386850100784,22.76926612854004,2105400,0.0,0.0
2015-03-23 00:00:00-04:00,22.70698287465083,23.039178575022643,22.665457422083072,22.838476181030273,1910000,0.0,0.0
2015-03-24 00:00:00-04:00,22.776187148036705,22.9353640742666,22.706980707086835,22.831554412841797,1894000,0.0,0.0
2015-03-25 00:00:00-04:00,22.817716099816717,22.852319325604245,22.32634078942901,22.360946655273438,3000300,0.0,0.0
2015-03-26 00:00:00-04:00,22.167165866281614,22.28482001278872,21.93878244314932,22.1325626373291,2894300,0.0,0.0
2015-03-27 00:00:00-04:00,22.17408035423901,22.229444973221575,22.077188970949248,22.167158126831055,1986600,0.0,0.0
2015-03-30 00:00:00-04:00,22.24328638148092,22.24328638148092,21.883408444502432,21.945693969726562,3225600,0.0,0.0
2015-03-31 00:00:00-04:00,21.83496588017104,22.29173527787782,21.83496588017104,22.19484519958496,2641500,0.0,0.0
2015-04-01 00:00:00-04:00,22.1464045887787,22.381710243136762,22.063354990758206,22.367868423461914,3099100,0.0,0.0
2015-04-02 00:00:00-04:00,22.326333918282252,22.67237134977492,22.19484064473523,22.250207901000977,2180300,0.0,0.0
2015-04-06 00:00:00-04:00,22.1533145904541,22.360939155658038,22.070266348406133,22.1533145904541,2308900,0.0,0.0
2015-04-07 00:00:00-04:00,22.12563630205804,22.187924474950172,21.904172522999005,21.931856155395508,1876700,0.0,0.0
2015-04-08 00:00:00-04:00,22.001065914744586,22.146401037942468,21.91801633003982,22.049510955810547,2383200,0.0,0.0
2015-04-09 00:00:00-04:00,22.042594606506146,22.167167029288056,21.9595450046229,22.091039657592773,1945700,0.0,0.0
2015-04-10 00:00:00-04:00,22.12563668841189,22.222528083463303,21.924935630145626,22.00106430053711,2269800,0.0,0.0
2015-04-13 00:00:00-04:00,22.00798094556984,22.20868329702416,21.98721954371463,22.16023826599121,1327700,0.0,0.0
2015-04-14 00:00:00-04:00,22.111794649821103,22.125635145267488,21.83496362044257,21.973379135131836,1413300,0.0,0.0
2015-04-15 00:00:00-04:00,22.007979328954967,22.215601252424584,22.007979328954967,22.111791610717773,1244500,0.0,0.0
2015-04-16 00:00:00-04:00,22.09102906893213,22.1740786310081,21.98029719951617,22.1533145904541,1687500,0.0,0.0
2015-04-17 00:00:00-04:00,22.021824925415515,22.084111777161578,21.55121374334671,21.613500595092773,2308900,0.0,0.0
2015-04-20 00:00:00-04:00,21.66194639789957,22.264050892726626,21.620422268607975,22.00106430053711,3021100,0.0,0.0
2015-04-21 00:00:00-04:00,22.070278577741565,22.34018749399837,22.021833523031752,22.257139205932617,2186400,0.0,0.0
2015-04-22 00:00:00-04:00,22.28482014547,22.416313472295297,22.19484963761208,22.367868423461914,1336600,0.0,0.0
2015-04-23 00:00:00-04:00,22.2848129369973,22.734660050660445,22.2848129369973,22.589324951171875,2091600,0.0,0.0
2015-04-24 00:00:00-04:00,22.540882009715652,22.56856564267945,22.31941822611838,22.326337814331055,2037700,0.0,0.0
2015-04-27 00:00:00-04:00,22.347104385667407,22.651616462527947,22.042590988778443,22.077194213867188,2222200,0.0,0.0
2015-04-28 00:00:00-04:00,22.035667427149694,22.118715685376884,21.475087064017234,21.63426399230957,2915800,0.0,0.0
2015-04-29 00:00:00-04:00,21.57889747324299,21.61350069324651,21.00447530899819,21.177494049072266,2279400,0.0,0.0
2015-04-30 00:00:00-04:00,21.122124247920397,21.24669792922974,20.831452764874594,20.928342819213867,2491200,0.0,0.0
2015-05-01 00:00:00-04:00,21.018317397292115,21.84880656838928,21.018317397292115,21.834964752197266,4000800,0.0,0.0
2015-05-04 00:00:00-04:00,21.869575555896525,21.931862426570657,21.343598270219765,21.35051918029785,3211100,0.0,0.0
2015-05-05 00:00:00-04:00,21.35743272321835,21.45432279083245,20.81069289590297,20.900663375854492,2698300,0.0,0.0
2015-05-06 00:00:00-04:00,20.96987582578945,21.094449559887888,20.831461592368953,20.907588958740234,2141000,0.0,0.0
2015-05-07 00:00:00-04:00,20.928350008548303,21.378198541120614,20.928350008548303,21.357437133789062,2096000,0.0,0.0
2015-05-08 00:00:00-04:00,21.565058342765337,21.73115619551752,21.447405532062323,21.468168258666992,1390200,0.0,0.0
2015-05-11 00:00:00-04:00,21.42663537316187,21.93877189153754,21.42663537316187,21.89032554626465,3919100,0.0,0.0
2015-05-12 00:00:00-04:00,21.779603316910144,21.84189018264242,21.58582313021287,21.703475952148438,1311800,0.0,0.0
2015-05-13 00:00:00-04:00,21.73808390469665,21.938786364575577,21.537382764846534,21.828054428100586,1876300,0.0,0.0
2015-05-14 00:00:00-04:00,21.931853876056767,22.18099994159075,21.75191424426505,22.167158126831055,1961800,0.0,0.0
2015-05-15 00:00:00-04:00,22.16716023560883,22.174082463675305,21.627342608908542,21.696550369262695,2259600,0.0,0.0
2015-05-18 00:00:00-04:00,21.71730684465955,22.091027873739968,21.641179513572304,21.89032554626465,2508900,0.0,0.0
2015-05-19 00:00:00-04:00,21.890331925464647,22.243290338000243,21.84880779458644,22.063350677490234,1978600,0.0,0.0
2015-05-20 00:00:00-04:00,22.0910347950994,22.27097445954909,21.924936947921612,22.09795570373535,1767000,0.0,0.0
2015-05-21 00:00:00-04:00,22.049509979639318,22.284815585852325,22.001064940718106,22.229448318481445,1531500,0.0,0.0
2015-05-22 00:00:00-04:00,22.284813587043033,22.430148690771013,22.15331765885987,22.20868492126465,1851700,0.0,0.0
2015-05-26 00:00:00-04:00,22.2156102010643,22.319422524643606,21.91109809998583,21.93878173828125,2137400,0.0,0.0
2015-05-27 00:00:00-04:00,22.00798407357723,22.270973308032175,21.93877763085272,22.236370086669922,2203300,0.0,0.0
2015-05-28 00:00:00-04:00,22.1394756319561,22.25020882907834,22.007981032896268,22.180999755859375,1690900,0.0,0.0
2015-05-29 00:00:00-04:00,22.243288125600323,22.26404952896026,21.952616598307472,21.959537506103516,2075900,0.0,0.0
2015-06-01 00:00:00-04:00,21.987224097289065,22.104876905604268,21.717313937019853,22.049510955810547,2787200,0.0,0.0
2015-06-02 00:00:00-04:00,21.931857939836686,22.18792628022583,21.855729264580496,22.118717193603516,2059000,0.0,0.0
2015-06-03 00:00:00-04:00,22.1879204446921,22.35401692878803,22.070266348406133,22.1533145904541,1830400,0.0,0.0
2015-06-04 00:00:00-04:00,22.021823963434546,22.070268997114535,21.675786499973842,21.738073348999023,1800300,0.0,0.0
2015-06-05 00:00:00-04:00,21.744993971461067,21.8695676678775,21.668865308089213,21.786518096923828,1566000,0.0,0.0
2015-06-08 00:00:00-04:00,21.786521067470545,22.11871675652312,21.627344131469727,21.627344131469727,1681400,0.0,0.0
2015-06-09 00:00:00-04:00,21.24670382261603,22.7415857729208,21.129051015414802,22.118717193603516,6634200,0.0,0.0
2015-06-10 00:00:00-04:00,21.80036797980804,21.841892120637752,20.92835310221228,20.969877243041992,6043400,0.0,0.0
2015-06-11 00:00:00-04:00,21.039539812427297,21.311242046799425,20.969872198055175,21.185840606689453,2823400,0.2,0.0
2015-06-12 00:00:00-04:00,21.05347142988223,21.541143382175388,21.03953897060464,21.332141876220703,3515100,0.0,0.0
2015-06-15 00:00:00-04:00,21.18583811521684,21.269439508391635,20.962902838482808,20.99773597717285,2607000,0.0,0.0
2015-06-16 00:00:00-04:00,21.004706027613533,21.22764133785406,20.969872883688176,21.213708877563477,2271900,0.0,0.0
2015-06-17 00:00:00-04:00,21.21371039586028,21.234609752191588,21.004707530951695,21.07437515258789,2042000,0.0,0.0
2015-06-18 00:00:00-04:00,21.10920978911387,21.290345086634648,21.060442849165863,21.157978057861328,2191000,0.0,0.0
2015-06-19 00:00:00-04:00,21.11617539139059,21.38787898543102,21.081342244646642,21.353044509887695,2942000,0.0,0.0
2015-06-22 00:00:00-04:00,21.48541031347458,21.791947017936387,21.373942662542873,21.778013229370117,2483500,0.0,0.0
2015-06-23 00:00:00-04:00,21.95218363616134,21.95218363616134,21.67351448298493,21.80588150024414,3227000,0.0,0.0
2015-06-24 00:00:00-04:00,21.757114146520255,21.771047936111202,21.171908271693642,21.24854278564453,3543100,0.0,0.0
2015-06-25 00:00:00-04:00,21.339110525287836,21.659581053370307,21.07437515756698,21.283376693725586,4347000,0.0,0.0
2015-06-26 00:00:00-04:00,21.35304818008463,21.40181512542805,21.178879758829783,21.30428123474121,2166800,0.0,0.0
2015-06-29 00:00:00-04:00,21.08133917377097,21.11617231544085,20.51703404016405,20.558834075927734,2534600,0.0,0.0
2015-06-30 00:00:00-04:00,20.712102080429876,20.77480279944625,20.496133675373034,20.656368255615234,2187000,0.0,0.0
2015-07-01 00:00:00-04:00,20.830533648930313,20.851434328550155,20.670299091575227,20.732999801635742,1684900,0.0,0.0
2015-07-02 00:00:00-04:00,20.739971458750055,20.80963907801962,20.558836180168914,20.628503799438477,2603800,0.0,0.0
2015-07-06 00:00:00-04:00,20.475236618074547,20.83750720791227,20.30803511402624,20.816606521606445,3013100,0.0,0.0
2015-07-07 00:00:00-04:00,20.823572697130366,21.08830939932064,20.642437408473704,21.011674880981445,2572700,0.0,0.0
2015-07-08 00:00:00-04:00,20.823570005249632,21.011672164784585,20.77480307399225,20.9559383392334,3183700,0.0,0.0
2015-07-09 00:00:00-04:00,21.123141295199126,21.41574423203444,21.02560742585379,21.227642059326172,4772100,0.0,0.0
2015-07-10 00:00:00-04:00,21.457545705473507,21.812849390282246,21.318211786928515,21.72228240966797,2656600,0.0,0.0
2015-07-13 00:00:00-04:00,21.85464070707086,21.993974561512335,21.85464070707086,21.966108322143555,1950500,0.0,0.0
2015-07-14 00:00:00-04:00,21.966114400694114,22.049714470733385,21.847679860805847,21.86161231994629,1631100,0.0,0.0
2015-07-15 00:00:00-04:00,21.903416146048112,22.056683844215875,21.805880948305624,22.04971694946289,1439100,0.0,0.0
2015-07-16 00:00:00-04:00,22.12634918130185,22.39805273345329,21.993980852243414,22.342317581176758,3205300,0.0,0.0
2015-07-17 00:00:00-04:00,22.2656844200428,22.32141957568474,22.06364979603777,22.154216766357422,2168700,0.0,0.0
2015-07-20 00:00:00-04:00,22.175112253479096,22.209945388793688,22.028811490599082,22.133312225341797,1231400,0.0,0.0
2015-07-21 00:00:00-04:00,22.091516834496385,22.579188833396238,22.049716795070463,22.43288803100586,2757300,0.0,0.0
2015-07-22 00:00:00-04:00,22.39805506833824,24.118836881484963,22.30051854168661,22.899658203125,5616500,0.0,0.0
2015-07-23 00:00:00-04:00,22.976292716694832,23.101694164791173,22.760322965506994,22.899658203125,2631500,0.0,0.0
2015-07-24 00:00:00-04:00,22.906631319440272,23.08079973926473,22.753362259563016,22.823028564453125,2148700,0.0,0.0
2015-07-27 00:00:00-04:00,22.704593586636328,22.725492944992933,21.95218612341031,22.0148868560791,4616200,0.0,0.0
2015-07-28 00:00:00-04:00,22.175116022812592,22.363216845803343,21.959147623794074,22.30051612854004,1470600,0.0,0.0
2015-07-29 00:00:00-04:00,22.307492096100848,23.11563347828967,22.25872514992043,23.052932739257812,3277000,0.0,0.0
2015-07-30 00:00:00-04:00,22.962359861135045,23.352498010814056,22.823024617849775,23.227096557617188,2946400,0.0,0.0
2015-07-31 00:00:00-04:00,23.247995150460692,23.303730308983884,22.99022668628751,23.192262649536133,1883200,0.0,0.0
2015-08-03 00:00:00-04:00,23.178326457869804,23.19922581135083,22.92752358570412,23.011123657226562,1410600,0.0,0.0
2015-08-04 00:00:00-04:00,22.97629142680256,23.073825290380018,22.802123053957548,22.92055892944336,1411500,0.0,0.0
2015-08-05 00:00:00-04:00,24.80853636886075,25.28227442032503,24.662235615272643,24.96180534362793,9629200,0.0,0.0
2015-08-06 00:00:00-04:00,24.857305710761555,25.0593416230936,24.237266845244136,24.50200080871582,6470700,0.0,0.0
2015-08-07 00:00:00-04:00,24.49503878840428,24.669207153696576,24.313904857843568,24.64830780029297,3424300,0.0,0.0
2015-08-10 00:00:00-04:00,24.82944155211911,25.07327885633207,24.711008340220097,24.97574234008789,2035000,0.0,0.0
2015-08-11 00:00:00-04:00,24.627408315168104,24.933946370385147,24.571675814509582,24.8433780670166,1674500,0.0,0.0
2015-08-12 00:00:00-04:00,24.683147577479527,24.87124978147511,24.244242434823168,24.731914520263672,3676400,0.0,0.0
2015-08-13 00:00:00-04:00,24.23727448139583,24.9548474182272,22.64885691213194,24.787647247314453,1236700,0.0,0.0
2015-08-14 00:00:00-04:00,24.78764785640334,24.926980449721412,24.6483126054864,24.773714065551758,1508300,0.0,0.0
2015-08-17 00:00:00-04:00,24.272105611277183,25.003612277812056,24.272105611277183,24.913043975830078,1446500,0.0,0.0
2015-08-18 00:00:00-04:00,24.731908232220754,24.794608950944404,24.397505284894084,24.543806076049805,1941600,0.0,0.0
2015-08-19 00:00:00-04:00,24.397508773700732,24.61347853743185,24.258173527990294,24.44627571105957,1462500,0.0,0.0
2015-08-20 00:00:00-04:00,24.181544003452633,24.230310950881833,23.951643059514872,23.958608627319336,2227000,0.0,0.0
2015-08-21 00:00:00-04:00,23.728701811795244,23.833201248600083,23.01809447960798,23.03899383544922,4323900,0.0,0.0
2015-08-24 00:00:00-04:00,22.14028606498081,22.983261757838218,21.617780898525186,22.314453125,5359300,0.0,0.0
2015-08-25 00:00:00-04:00,22.850885521249484,23.401258109734197,22.50951706542333,22.52345085144043,4753300,0.0,0.0
2015-08-26 00:00:00-04:00,23.108658196548696,23.4918307389587,22.58615308336971,23.450029373168945,3036600,0.0,0.0
2015-08-27 00:00:00-04:00,23.63116420485973,23.958601605286496,23.359461960930517,23.94466781616211,3459400,0.0,0.0
2015-08-28 00:00:00-04:00,23.812303468524394,24.160640262788824,23.749602739252843,24.014339447021484,2724700,0.0,0.0
2015-08-31 00:00:00-04:00,23.902872163385325,23.94467087850569,23.443067693869143,23.700836181640625,2528200,0.0,0.0
2015-09-01 00:00:00-04:00,24.06310983020206,24.06310983020206,22.7812301375062,22.955398559570312,4159500,0.0,0.0
2015-09-02 00:00:00-04:00,24.920017262652106,25.031484942509685,24.2721105429802,24.676179885864258,11000800,0.0,0.0
2015-09-03 00:00:00-04:00,24.78067227538717,24.822473635532084,24.383568655603757,24.66223907470703,8206000,0.0,0.0
2015-09-04 00:00:00-04:00,24.522116491347283,24.872432441223673,24.41702063730493,24.7323055267334,4382700,0.2,0.0
2015-09-08 00:00:00-04:00,25.04759212669478,25.166698274891345,24.76733827857533,25.11064910888672,4285700,0.0,0.0
2015-09-09 00:00:00-04:00,25.3768888753208,25.425932895668463,24.837401978797843,24.886445999145508,3159000,0.0,0.0
2015-09-10 00:00:00-04:00,24.77434526087442,25.117653406931506,24.662244259939637,25.026573181152344,2063000,0.0,0.0
2015-09-11 00:00:00-04:00,24.92848464480109,25.33484976286473,24.7813499124259,25.327844619750977,3281500,0.0,0.0
2015-09-14 00:00:00-04:00,25.075614784855983,25.278798664682718,24.99854485301147,25.117650985717773,2860600,0.0,0.0
2015-09-15 00:00:00-04:00,25.264780762695487,25.264780762695487,25.04758396751918,25.103635787963867,2565300,0.0,0.0
2015-09-16 00:00:00-04:00,25.18071385068435,25.215747589863145,25.005555845586574,25.075620651245117,1981300,0.0,0.0
2015-09-17 00:00:00-04:00,25.15969261732051,25.432938643669477,24.998547593389038,25.040586471557617,2901600,0.0,0.0
2015-09-18 00:00:00-04:00,24.788361430023862,25.13867743739622,24.788361430023862,24.8724365234375,4754900,0.0,0.0
2015-09-21 00:00:00-04:00,25.117653258245877,25.23676207442702,24.907464216824728,25.0686092376709,2121000,0.0,0.0
2015-09-22 00:00:00-04:00,24.893451734316947,25.082622677027476,24.774345588554056,25.040586471557617,3389200,0.0,0.0
2015-09-23 00:00:00-04:00,25.04759601149608,25.383899077779677,24.928489844826537,25.292816162109375,3661200,0.0,0.0
2015-09-24 00:00:00-04:00,25.082625465911732,25.27179642965578,25.02657629482036,25.061607360839844,3376100,0.0,0.0
2015-09-25 00:00:00-04:00,25.208728440115475,25.439938185797462,25.04057832752662,25.25777244567871,2959100,0.0,0.0
2015-09-28 00:00:00-04:00,25.201727131095783,25.22274523019083,24.62020144428233,24.634214401245117,4258600,0.0,0.0
2015-09-29 00:00:00-04:00,24.69027192534339,24.991541215104665,24.522119075693983,24.697277069091797,5611200,0.0,0.0
2015-09-30 00:00:00-04:00,24.949507690994448,25.40491691919707,24.949507690994448,25.36288070678711,8292300,0.0,0.0
2015-10-01 00:00:00-04:00,25.39790809946155,25.524022063840295,25.15969313037934,25.481983184814453,7031300,0.0,0.0
2015-10-02 00:00:00-04:00,25.229753631918562,25.713191355149224,25.187717428297532,25.622108459472656,9380700,0.0,0.0
2015-10-05 00:00:00-04:00,25.734211637514015,25.79726862098721,25.04759263563855,25.18071174621582,13012400,0.0,0.0
2015-10-06 00:00:00-04:00,25.22274857445366,25.243766676335486,24.508103710786976,24.627212524414062,3968500,0.0,0.0
2015-10-07 00:00:00-04:00,24.68326022396584,24.795361215188766,24.157786326477414,24.388996124267578,5541500,0.0,0.0
2015-10-08 00:00:00-04:00,24.381989005772034,24.80236973939653,24.28390096973588,24.78835678100586,3383900,0.0,0.0
2015-10-09 00:00:00-04:00,24.725298234158213,24.837399221464892,24.6342153467533,24.8023681640625,2784000,0.0,0.0
2015-10-12 00:00:00-04:00,24.851413454298825,24.98453254833872,24.690268443819427,24.711286544799805,2906800,0.0,0.0
2015-10-13 00:00:00-04:00,24.64122726283996,24.75333095366145,24.45906411065323,24.508108139038086,2443300,0.0,0.0
2015-10-14 00:00:00-04:00,24.522115828923596,24.557146888425212,24.10173776950717,24.269887924194336,3507800,0.0,0.0
2015-10-15 00:00:00-04:00,24.32594795725389,24.522124094748058,24.129769147060298,24.424036026000977,2948600,0.0,0.0
2015-10-16 00:00:00-04:00,24.543131938721785,25.01255665059085,24.45205172594729,24.956504821777344,3902300,0.0,0.0
2015-10-19 00:00:00-04:00,24.851411768336092,25.00554895289943,24.648227896981783,24.97752571105957,2146600,0.0,0.0
2015-10-20 00:00:00-04:00,24.935495094526868,24.970526162947998,24.75333193511747,24.85842514038086,2147700,0.0,0.0
2015-10-21 00:00:00-04:00,24.942496885079073,25.15268861273948,24.858421797634215,24.991540908813477,2014700,0.0,0.0
2015-10-22 00:00:00-04:00,25.089632038710157,25.11765528651685,24.802373035275167,24.879440307617188,2228700,0.0,0.0
2015-10-23 00:00:00-04:00,25.019569826810496,25.418929880900112,24.886450699680342,25.36288070678711,2271900,0.0,0.0
2015-10-26 00:00:00-04:00,25.334851440193642,26.014465293263914,25.334851440193642,25.86733055114746,2664900,0.0,0.0
2015-10-27 00:00:00-04:00,25.75522630958851,25.846309200847372,25.52401918279106,25.65013313293457,1964800,0.0,0.0
2015-10-28 00:00:00-04:00,25.74821721953248,26.11955119763923,25.6431213862919,26.028470993041992,2270700,0.0,0.0
2015-10-29 00:00:00-04:00,25.972431134208357,26.161602117569622,25.88134821495309,26.03548812866211,1479800,0.0,0.0
2015-10-30 00:00:00-04:00,26.084530752525765,26.27370172567452,25.972429732070854,26.105548858642578,1853800,0.0,0.0
2015-11-02 00:00:00-05:00,26.13356566361286,26.294710657247656,25.937389614439756,26.203630447387695,1767200,0.0,0.0
2015-11-03 00:00:00-05:00,26.09153413011161,26.16860139699298,25.776249228510757,25.85331916809082,1620900,0.0,0.0
2015-11-04 00:00:00-05:00,25.916376183099178,26.084526349045568,25.71319228260682,25.79026222229004,1902000,0.0,0.0
2015-11-05 00:00:00-05:00,25.839303826804866,26.21764300114956,25.74822093636149,26.15458869934082,2071500,0.0,0.0
2015-11-06 00:00:00-05:00,26.252686247915197,26.252686247915197,25.874344263738973,26.070520401000977,2220700,0.0,0.0
2015-11-09 00:00:00-05:00,26.035478839525478,26.06350475432769,25.538030878928737,25.741214752197266,2221100,0.0,0.0
2015-11-10 00:00:00-05:00,25.713193376470652,26.028478291906023,25.503004323746673,26.01446533203125,2863400,0.0,0.0
2015-11-11 00:00:00-05:00,26.014464110251144,26.13357025454463,25.748223230532183,25.769241333007812,2137400,0.0,0.0
2015-11-12 00:00:00-05:00,25.69916862448588,25.797256625902623,25.467958901691333,25.566049575805664,2695000,0.0,0.0
2015-11-13 00:00:00-05:00,25.49599266646191,25.517010766758265,24.907461803878274,24.998544692993164,2265600,0.0,0.0
2015-11-16 00:00:00-05:00,25.047588137599377,25.559049057167815,24.963513065632903,25.552043914794922,3176800,0.0,0.0
2015-11-17 00:00:00-05:00,25.510008406508014,25.965420229054136,25.411920364162377,25.517013549804688,2412300,0.0,0.0
2015-11-18 00:00:00-05:00,25.59408003583482,25.783250951702247,25.50299982177514,25.741214752197266,3032100,0.0,0.0
2015-11-19 00:00:00-05:00,25.790258845948557,25.81828208813848,25.545036099723678,25.552043914794922,2713600,0.0,0.0
2015-11-20 00:00:00-05:00,25.657143133635564,25.986441029438176,25.65013798961165,25.937397003173828,2934200,0.0,0.0
2015-11-23 00:00:00-05:00,25.902362312342245,26.119556491771707,25.839305334156585,25.99344253540039,1807600,0.0,0.0
2015-11-24 00:00:00-05:00,25.762234124984523,25.832296242753817,25.538032140884617,25.65013313293457,2380600,0.0,0.0
2015-11-25 00:00:00-05:00,25.797264951749113,25.972422917294775,25.63611994417092,25.88134002685547,2082700,0.0,0.0
2015-11-27 00:00:00-05:00,25.93739679551982,25.93739679551982,25.706186954096964,25.73421287536621,611700,0.0,0.0
2015-11-30 00:00:00-05:00,25.818283472724914,25.89535340645161,25.56605824329912,25.7061824798584,2730600,0.0,0.0
2015-12-01 00:00:00-05:00,25.90235860508407,26.077516555786133,25.671148827262208,26.077516555786133,1968800,0.0,0.0
2015-12-02 00:00:00-05:00,26.056501281196823,26.154591999349893,25.811281167561123,25.874338150024414,2643600,0.0,0.0
2015-12-03 00:00:00-05:00,25.958869838157614,26.31109332408785,25.782758095192495,25.839115142822266,3615900,0.2,0.0
2015-12-04 00:00:00-05:00,25.853205325394274,26.31109426105841,25.72640465096371,26.127939224243164,3254500,0.0,0.0
2015-12-07 00:00:00-05:00,26.13498808076963,26.24065622772864,25.803899748986435,25.9870548248291,3690000,0.0,0.0
2015-12-08 00:00:00-05:00,24.78948609091533,25.028998150659753,23.366502993286883,24.169574737548828,13764300,0.0,0.0
2015-12-09 00:00:00-05:00,24.035732332289417,24.127311200224536,22.915661427475037,23.007240295410156,6728200,0.0,0.0
2015-12-10 00:00:00-05:00,22.94383756273833,23.50035131312545,22.852258704348216,23.366504669189453,6080900,0.0,0.0
2015-12-11 00:00:00-05:00,23.077679133913325,23.23265831097631,22.577522482621244,22.718412399291992,4182800,0.0,0.0
2015-12-14 00:00:00-05:00,22.704329267144068,23.26084311021667,22.647974897615857,23.119953155517578,5315900,0.0,0.0
2015-12-15 00:00:00-05:00,23.232660882385094,23.317193766843044,22.852258871446388,22.993148803710938,3892900,0.0,0.0
2015-12-16 00:00:00-05:00,23.183354770238278,23.6764682950607,23.063600048900593,23.62715721130371,3248500,0.0,0.0
2015-12-17 00:00:00-05:00,23.676459884077982,23.89483669535202,23.48625890547534,23.725770950317383,3287000,0.0,0.0
2015-12-18 00:00:00-05:00,23.528532173065138,23.648286879791506,23.394685515838965,23.401731491088867,3973200,0.0,0.0
2015-12-21 00:00:00-05:00,23.514435798971874,23.732812595141414,23.36649992323441,23.408767700195312,2943100,0.0,0.0
2015-12-22 00:00:00-05:00,23.443994937388812,23.535573798402613,23.22561809060852,23.479219436645508,2706900,0.0,0.0
2015-12-23 00:00:00-05:00,23.613066987040465,23.75395694373063,23.486266294744564,23.584888458251953,2560200,0.0,0.0
2015-12-24 00:00:00-05:00,23.54261708590275,23.54261708590275,23.345372788874876,23.479219436645508,951300,0.0,0.0
2015-12-28 00:00:00-05:00,23.486263755100566,23.60601845862368,23.359463076516022,23.55670738220215,1449200,0.0,0.0
2015-12-29 00:00:00-05:00,23.739866082467064,23.97937818655376,23.549665056817137,23.598976135253906,1586200,0.0,0.0
2015-12-30 00:00:00-05:00,23.584883675113574,23.845528295416205,23.528529316217917,23.54261589050293,1386600,0.0,0.0
2015-12-31 00:00:00-05:00,23.415816875374418,23.613061153661903,23.3665031185508,23.46512794494629,1669200,0.0,0.0
2016-01-04 00:00:00-05:00,23.056551475502445,23.232663236867957,22.781817557732605,23.211530685424805,3115500,0.0,0.0
2016-01-05 00:00:00-05:00,23.26788191024487,23.507393980855024,23.042459101112,23.422861099243164,3545700,0.0,0.0
2016-01-06 00:00:00-05:00,23.119949757128985,23.387640362984325,23.042460159072018,23.253793716430664,2956800,0.0,0.0
2016-01-07 00:00:00-05:00,22.887478968658467,23.239702387960833,22.79590012720945,23.049501419067383,3420600,0.0,0.0
2016-01-08 00:00:00-05:00,23.169260585583192,23.246750182819568,22.647971328768936,22.746593475341797,2720900,0.0,0.0
2016-01-11 00:00:00-05:00,22.809992388126552,22.915657815471416,22.591612872010977,22.817035675048828,1666500,0.0,0.0
2016-01-12 00:00:00-05:00,22.986108361949157,22.986108361949157,22.478905617907884,22.767728805541992,1849500,0.0,0.0
2016-01-13 00:00:00-05:00,22.901568234884287,23.253791695623676,22.19007802658149,22.225299835205078,3119300,0.0,0.0
2016-01-14 00:00:00-05:00,22.25347695783642,22.887480222205607,22.183032001392533,22.774768829345703,2385200,0.0,0.0
2016-01-15 00:00:00-05:00,22.295748256072024,22.528215722490742,22.197126101720468,22.450727462768555,3027100,0.0,0.0
2016-01-19 00:00:00-05:00,22.62683907743051,22.838172660433298,22.2957494390925,22.485950469970703,2305100,0.0,0.0
2016-01-20 00:00:00-05:00,22.183033666330847,22.767724564534994,21.837854831836918,22.633880615234375,3174800,0.0,0.0
2016-01-21 00:00:00-05:00,22.711371570476604,23.000194721643943,22.521169221849906,22.7254581451416,2138800,0.0,0.0
2016-01-22 00:00:00-05:00,23.042459165080853,23.091770236762322,22.767725283640715,23.028369903564453,1956900,0.0,0.0
2016-01-25 00:00:00-05:00,23.00723988806433,23.063596940334968,22.7818170534861,22.873395919799805,2315300,0.0,0.0
2016-01-26 00:00:00-05:00,23.035423828226914,23.183357094327928,22.817044230230568,23.127002716064453,1802100,0.0,0.0
2016-01-27 00:00:00-05:00,23.141080042137794,23.380592100306497,22.89452469722224,23.056547164916992,2225500,0.0,0.0
2016-01-28 00:00:00-05:00,23.32423509233988,23.32423509233988,22.98610093465474,23.239702224731445,1703600,0.0,0.0
2016-01-29 00:00:00-05:00,23.26788341930265,24.00050894012543,23.190393819777853,23.986419677734375,2738100,0.0,0.0
2016-02-01 00:00:00-05:00,23.810308606844508,24.35273313171438,23.739864980135014,24.282289505004883,2292000,0.0,0.0
2016-02-02 00:00:00-05:00,24.03573075247706,24.247064313838855,23.87370826585795,23.986419677734375,1704600,0.0,0.0
2016-02-03 00:00:00-05:00,24.127306103202173,24.19070643110941,23.739860849214217,24.000505447387695,2316600,0.0,0.0
2016-02-04 00:00:00-05:00,23.94415315819361,24.40908804052495,23.82439577859591,24.38795280456543,2062800,0.0,0.0
2016-02-05 00:00:00-05:00,24.387952547953343,24.712000185821548,24.35273073806058,24.64155387878418,3906800,0.0,0.0
2016-02-08 00:00:00-05:00,24.395007539274797,24.571119341085684,24.007562112741414,24.303428649902344,3604900,0.0,0.0
2016-02-09 00:00:00-05:00,24.092088377717953,24.437265909164704,23.887798099044186,24.077999114990234,2838900,0.0,0.0
2016-02-10 00:00:00-05:00,24.317513610836833,24.486579405778755,23.930068252904874,23.965290069580078,2423700,0.0,0.0
2016-02-11 00:00:00-05:00,23.613062163475803,23.711684306837128,23.084726949252826,23.359460830688477,3369000,0.0,0.0
2016-02-12 00:00:00-05:00,23.563752919373545,23.845530109795675,23.38764116764019,23.75395393371582,2510400,0.0,0.0
2016-02-16 00:00:00-05:00,23.951201210557063,24.430225449748395,23.67646727369047,24.366825103759766,3546800,0.0,0.0
2016-02-17 00:00:00-05:00,24.599283487387353,24.75426265919213,24.39499593676017,24.430217742919922,2534200,0.0,0.0
2016-02-18 00:00:00-05:00,24.387953228044235,24.500664635195292,24.077997530191816,24.092086791992188,1881900,0.0,0.0
2016-02-19 00:00:00-05:00,24.127303912648372,24.127303912648372,23.739858693837146,23.92301368713379,1835100,0.0,0.0
2016-02-22 00:00:00-05:00,24.197754839393415,24.423177678054408,23.838488030043774,23.972332000732422,2126600,0.0,0.0
2016-02-23 00:00:00-05:00,23.80326157158191,23.8877944477752,23.549660255750346,23.704639434814453,2079600,0.0,0.0
2016-02-24 00:00:00-05:00,23.521487882816984,23.641245285374573,23.05655291134832,23.591934204101562,1836400,0.0,0.0
2016-02-25 00:00:00-05:00,23.690551921316718,23.859617686171177,23.514440182029723,23.746906280517578,2065800,0.0,0.0
2016-02-26 00:00:00-05:00,23.838485461167256,23.95119686835178,23.69759553037363,23.760995864868164,1606800,0.0,0.0
2016-02-29 00:00:00-05:00,23.725775155970116,23.73986441842907,23.141082856557613,23.16221809387207,2813000,0.0,0.0
2016-03-01 00:00:00-05:00,23.36650221990796,23.422859261395114,22.82408047547815,23.112903594970703,3797900,0.0,0.0
2016-03-02 00:00:00-05:00,23.042462505306442,23.11290882310031,22.824085638276085,22.957929611206055,2784100,0.0,0.0
2016-03-03 00:00:00-05:00,22.97905690607832,23.23970419140987,22.85930222410299,23.17630386352539,2839200,0.0,0.0
2016-03-04 00:00:00-05:00,20.619163644348717,20.99956431887175,18.970757586288236,19.555448532104492,22307800,0.0,0.0
2016-03-07 00:00:00-05:00,19.400469320726188,19.935847811305514,19.23140087318693,19.802003860473633,9105800,0.0,0.0
2016-03-08 00:00:00-05:00,19.738603802533262,19.83722594527849,19.252535032269343,19.63998031616211,6399900,0.0,0.0
2016-03-09 00:00:00-05:00,19.72451706363781,19.865407008685658,19.280716020901437,19.30889320373535,5075400,0.0,0.0
2016-03-10 00:00:00-05:00,19.41456034922677,19.794962401705,19.386383165872527,19.773828506469727,5912000,0.0,0.0
2016-03-11 00:00:00-05:00,19.915724778065528,20.29885658178724,19.873155028741316,19.986675262451172,3685600,0.2,0.0
2016-03-14 00:00:00-04:00,20.00796440497529,20.093103918905403,19.709973399683548,19.809303283691406,2379800,0.0,0.0
2016-03-15 00:00:00-04:00,19.660308714959804,19.695784643060307,19.29846372121267,19.319747924804688,2955900,0.0,0.0
2016-03-16 00:00:00-04:00,19.2133218374578,19.28427233666236,18.9791861373705,19.220417022705078,2881400,0.0,0.0
2016-03-17 00:00:00-04:00,19.22751346020591,19.31974816789117,19.078517266845655,19.163658142089844,2807900,0.0,0.0
2016-03-18 00:00:00-04:00,19.12108216823018,19.433262118398513,18.99337157349411,19.4190731048584,6988900,0.0,0.0
2016-03-21 00:00:00-04:00,19.43325988069313,19.67449067558,19.426164698106138,19.568065643310547,3007000,0.0,0.0
2016-03-22 00:00:00-04:00,19.270084532899904,19.355225413939596,18.993379037740603,19.135278701782227,3241300,0.0,0.0
2016-03-23 00:00:00-04:00,19.128178101012693,19.23460451050348,18.986278477138328,19.149463653564453,2575200,0.0,0.0
2016-03-24 00:00:00-04:00,19.04304130928467,19.220416879338913,18.872760924424785,18.87985610961914,3828000,0.0,0.0
2016-03-28 00:00:00-04:00,18.915326967014366,18.972087084152292,18.58186144798754,18.745046615600586,3934500,0.0,0.0
2016-03-29 00:00:00-04:00,18.77342835148242,18.99337501707982,18.567673408533885,18.95789909362793,3714100,0.0,0.0
2016-03-30 00:00:00-04:00,19.007566717424705,19.121086973883553,18.681194965154365,18.73795509338379,2624200,0.0,0.0
2016-03-31 00:00:00-04:00,18.766332167002783,18.851471666075707,18.6031456461218,18.745046615600586,3721100,0.0,0.0
2016-04-01 00:00:00-04:00,18.71666598736263,18.74504672272776,18.404486017953907,18.610240936279297,4317000,0.0,0.0
2016-04-04 00:00:00-04:00,18.617338994258372,18.865665053967938,18.58895960777999,18.681194305419922,3409500,0.0,0.0
2016-04-05 00:00:00-04:00,18.603148515393436,18.6102437002885,17.879457248582742,18.035547256469727,5544100,0.0,0.0
2016-04-06 00:00:00-04:00,18.085212197467033,18.141972323359404,17.957501575892163,18.035547256469727,3675200,0.0,0.0
2016-04-07 00:00:00-04:00,17.957499750308596,18.007164686256896,17.460849037557566,17.56727409362793,4088500,0.0,0.0
2016-04-08 00:00:00-04:00,17.659514960197278,17.68080052016611,17.177053093718296,17.276384353637695,3930000,0.0,0.0
2016-04-11 00:00:00-04:00,17.31185956601396,17.57437606881142,16.999678108076896,17.020963668823242,4245100,0.0,0.0
2016-04-12 00:00:00-04:00,17.020955841588624,17.297661237703064,16.907435609681784,17.177045822143555,3456800,0.0,0.0
2016-04-13 00:00:00-04:00,17.26218632715613,17.822693645085444,17.177045478296375,17.744647979736328,4432600,0.0,0.0
2016-04-14 00:00:00-04:00,17.758841375076674,17.78722076069072,17.013863218637372,17.04224395751953,5295800,0.0,0.0
2016-04-15 00:00:00-04:00,17.00676493891461,17.04224085606117,16.623634506606844,16.935815811157227,3826100,0.0,0.0
2016-04-18 00:00:00-04:00,16.871958806671895,17.14156898337069,16.81519869824753,17.13447380065918,4611300,0.0,0.0
2016-04-19 00:00:00-04:00,17.16995619227267,17.219621136723617,16.957104690423726,17.02805519104004,2833200,0.0,0.0
2016-04-20 00:00:00-04:00,17.084809609811636,17.091904792828334,16.864864349365234,16.864864349365234,2666700,0.0,0.0
2016-04-21 00:00:00-04:00,16.93581658783354,17.035146453863437,16.744250686260514,16.857770919799805,2492100,0.0,0.0
2016-04-22 00:00:00-04:00,16.793921817458944,17.01386718195873,16.772636258338927,16.907442092895508,3023700,0.0,0.0
2016-04-25 00:00:00-04:00,16.864868700278766,17.26928476368989,16.857773515431607,17.056434631347656,5711700,0.0,0.0
2016-04-26 00:00:00-04:00,17.049341037793383,17.113196354109586,16.886154477614042,16.900344848632812,4956100,0.0,0.0
2016-04-27 00:00:00-04:00,15.495529968596108,15.495529968596108,14.012670088901528,14.608652114868164,16132200,0.0,0.0
2016-04-28 00:00:00-04:00,14.615742414914653,15.11239303504054,14.55188712252782,14.906638145446777,6202800,0.0,0.0
2016-04-29 00:00:00-04:00,14.807308085390535,14.849877828631637,14.324846484432246,14.360321044921875,7820400,0.0,0.0
2016-05-02 00:00:00-04:00,14.459653469804168,14.544794324703759,14.197138427627388,14.3461332321167,5515200,0.0,0.0
2016-05-03 00:00:00-04:00,14.197139483157997,14.466749729393756,14.062333683406079,14.395800590515137,4724400,0.0,0.0
2016-05-04 00:00:00-04:00,14.282278726863408,14.367419586517753,14.161663298426118,14.339038848876953,3844100,0.0,0.0
2016-05-05 00:00:00-04:00,14.360322344254294,14.424177641527491,14.154567438915665,14.21132755279541,2985600,0.0,0.0
2016-05-06 00:00:00-04:00,14.140383837084913,14.239713745578312,13.728872476267037,13.977198600769043,4224100,0.0,0.0
2016-05-09 00:00:00-04:00,13.963005579103163,14.26809178678002,13.9488152082186,14.08362102508545,3068300,0.0,0.0
2016-05-10 00:00:00-04:00,14.097808914146823,14.253898906593689,14.0907137299536,14.197138786315918,2522300,0.0,0.0
2016-05-11 00:00:00-04:00,14.182948102783028,14.190043286818595,13.792722453702709,13.80691146850586,4489200,0.0,0.0
2016-05-12 00:00:00-04:00,13.863672904349754,14.019762892918003,13.608251692812638,13.849482536315918,4241400,0.0,0.0
2016-05-13 00:00:00-04:00,13.828202919213124,14.14038438360325,13.828202919213124,14.055243492126465,2520400,0.0,0.0
2016-05-16 00:00:00-04:00,14.01266854690388,14.268089773716008,13.97719397796578,14.175853729248047,3330800,0.0,0.0
2016-05-17 00:00:00-04:00,14.154569016754339,14.516413937280896,14.154569016754339,14.502224922180176,4266600,0.0,0.0
2016-05-18 00:00:00-04:00,14.445465448283556,14.644125201262057,14.402894341272672,14.488035202026367,3201500,0.0,0.0
2016-05-19 00:00:00-04:00,14.431274682641702,14.48803480382811,14.204234197896067,14.303564071655273,2014000,0.0,0.0
2016-05-20 00:00:00-04:00,14.360327623403178,14.594463348388672,14.346137251399606,14.594463348388672,3092600,0.0,0.0
2016-05-23 00:00:00-04:00,14.558988046785986,14.644127568031776,14.197141698320651,14.225521087646484,2786700,0.0,0.0
2016-05-24 00:00:00-04:00,14.282277367131845,14.509319186838766,14.190042685116476,14.4596529006958,3071400,0.0,0.0
2016-05-25 00:00:00-04:00,14.537700308721996,14.679601293866364,14.381610307677663,14.566081047058105,2010700,0.0,0.0
2016-05-26 00:00:00-04:00,14.488037374802191,14.715077899837292,14.488037374802191,14.693792343139648,2604600,0.0,0.0
2016-05-27 00:00:00-04:00,14.693786111121275,14.920827893130301,14.693786111121275,14.878256797790527,2123700,0.0,0.0
2016-05-31 00:00:00-04:00,14.864072451920467,15.183347647586128,14.750552201914704,15.15496826171875,4450200,0.0,0.0
2016-06-01 00:00:00-04:00,15.154965209407317,15.346529746917083,15.10530027919116,15.311055183410645,3096400,0.0,0.0
2016-06-02 00:00:00-04:00,15.23301243484743,15.559384165287929,15.18334749512712,15.410387992858887,2620300,0.0,0.0
2016-06-03 00:00:00-04:00,15.396204349523614,15.41748855782096,15.17625760648143,15.367823600769043,2290100,0.0,0.0
2016-06-06 00:00:00-04:00,15.474239532500647,15.552285192059667,15.296864017697626,15.31814956665039,3307500,0.0,0.0
2016-06-07 00:00:00-04:00,15.31105672777868,15.467146717526212,15.233011056270922,15.268486976623535,3879200,0.0,0.0
2016-06-08 00:00:00-04:00,15.29686372935053,15.382004570288894,14.74345299968832,14.906638145446777,7743000,0.0,0.0
2016-06-09 00:00:00-04:00,14.906642867217863,15.367819072439366,14.786027427089023,15.282679557800293,7180600,0.0,0.0
2016-06-10 00:00:00-04:00,15.438773552209737,17.276385015233508,15.020166996338313,17.19124412536621,21466500,0.0,0.0
2016-06-13 00:00:00-04:00,17.141573288120135,17.19833341079862,16.808107736542528,16.850677490234375,6604500,0.0,0.0
2016-06-14 00:00:00-04:00,16.786824686339788,17.127385473195666,16.737159740748506,16.879060745239258,6168500,0.0,0.0
2016-06-15 00:00:00-04:00,16.864863515211425,17.070618399447586,16.779722676490024,16.801008224487305,5058600,0.0,0.0
2016-06-16 00:00:00-04:00,16.736559282970653,16.86546616135708,16.500227956990976,16.80101203918457,3198300,0.22,0.0
2016-06-17 00:00:00-04:00,16.715074418250914,16.87262818305998,16.493066530120267,16.629135131835938,5886000,0.0,0.0
2016-06-20 00:00:00-04:00,16.829662581147165,16.858309470988107,16.285383967799255,16.299707412719727,4892700,0.0,0.0
2016-06-21 00:00:00-04:00,16.342671092846345,16.342671092846345,16.070532557218986,16.177955627441406,4311200,0.0,0.0
2016-06-22 00:00:00-04:00,16.235248397755836,16.364156631384674,16.177956001249516,16.185117721557617,3885100,0.0,0.0
2016-06-23 00:00:00-04:00,16.29970640551928,16.435776391937868,16.263897795430807,16.364160537719727,3307000,0.0,0.0
2016-06-24 00:00:00-04:00,15.79123486471576,16.10634379960525,15.79123486471576,15.920143127441406,6856000,0.0,0.0
2016-06-27 00:00:00-04:00,15.755421724183513,15.76258344342768,15.511928733714923,15.56205940246582,4232000,0.0,0.0
2016-06-28 00:00:00-04:00,15.76258835059047,15.984596252441404,15.74110318616927,15.984596252441406,4145800,0.0,0.0
2016-06-29 00:00:00-04:00,16.220922612126685,16.364154265665125,16.149306785357464,16.306861877441406,2816600,0.0,0.0
2016-06-30 00:00:00-04:00,16.392799147655275,16.471576690673828,16.1421458125203,16.471576690673828,3511700,0.0,0.0
2016-07-01 00:00:00-04:00,16.471574916096646,16.772360251811516,16.371313592844384,16.74371337890625,3821800,0.0,0.0
2016-07-05 00:00:00-04:00,16.679265302965778,16.679265302965778,16.399963678001992,16.536033630371094,2520400,0.0,0.0
2016-07-06 00:00:00-04:00,16.471580912356877,16.758042915901804,16.35699611093891,16.75088119506836,2895200,0.0,0.0
2016-07-07 00:00:00-04:00,16.75804646545309,16.91560162524377,16.664946806815855,16.829662322998047,3013700,0.0,0.0
2016-07-08 00:00:00-04:00,16.915598703990163,17.023021788776642,16.843982858812964,16.894113540649414,2753300,0.0,0.0
2016-07-11 00:00:00-04:00,16.929915829800745,17.00153165403684,16.80100761936742,16.872623443603516,3591400,0.0,0.0
2016-07-12 00:00:00-04:00,16.972888026550482,17.073149372027064,16.886948754743138,16.90843391418457,3204100,0.0,0.0
2016-07-13 00:00:00-04:00,16.93708038330078,17.030181380175957,16.908434868387356,16.93708038330078,3783700,0.0,0.0
2016-07-14 00:00:00-04:00,17.065989327199564,17.180574123549995,16.92275764878227,17.044504165649414,2762200,0.0,0.0
2016-07-15 00:00:00-04:00,17.137606646168834,17.56730035256446,17.08031424304666,17.381099700927734,5419100,0.0,0.0
2016-07-18 00:00:00-04:00,17.352453001159404,17.402583683680277,17.094637867343675,17.12328338623047,1806000,0.0,0.0
2016-07-19 00:00:00-04:00,17.023020330838616,17.09463616988227,16.98721172833753,17.080312728881836,1745600,0.0,0.0
2016-07-20 00:00:00-04:00,17.166250563428267,17.266513284008226,17.101796445183478,17.20922088623047,2025900,0.0,0.0
2016-07-21 00:00:00-04:00,17.245028242241926,17.26651340379208,17.015858649541066,17.044504165649414,1762700,0.0,0.0
2016-07-22 00:00:00-04:00,16.958567896245125,17.15909062632862,16.951406175033764,17.12328338623047,1166000,0.0,0.0
2016-07-25 00:00:00-04:00,17.116121665019108,17.13760682865319,16.98721341513192,17.12328338623047,1769700,0.0,0.0
2016-07-26 00:00:00-04:00,17.087475684941285,17.280836688594604,17.087475684941285,17.24502944946289,1907400,0.0,0.0
2016-07-27 00:00:00-04:00,17.259350571120006,17.352450199921147,17.166249576360435,17.27367401123047,1354600,0.0,0.0
2016-07-28 00:00:00-04:00,17.23786279034992,17.295155176123398,17.07314735199594,17.223539352416992,1759100,0.0,0.0
2016-07-29 00:00:00-04:00,17.15909105196759,17.17341449474561,17.001537279285415,17.03734588623047,1499500,0.0,0.0
2016-08-01 00:00:00-04:00,17.00869326764144,17.194893863117976,16.858301267040137,17.13043975830078,1851200,0.0,0.0
2016-08-02 00:00:00-04:00,17.04449871462112,17.058822151073755,16.700744435506437,16.74371337890625,1982500,0.0,0.0
2016-08-03 00:00:00-04:00,16.650618238184165,16.88694953918457,16.586164122824197,16.88694953918457,1645000,0.0,0.0
2016-08-04 00:00:00-04:00,16.85114313670896,17.16625064296741,16.85114313670896,17.080312728881836,1229500,0.0,0.0
2016-08-05 00:00:00-04:00,17.108958284341345,17.273675124308795,17.00869692902435,17.044504165649414,1803500,0.0,0.0
2016-08-08 00:00:00-04:00,17.116120213395913,17.180574332873135,16.965728178588083,17.001535415649414,2218500,0.0,0.0
2016-08-09 00:00:00-04:00,17.001536534771873,17.108959618985498,16.87979000840746,17.023021697998047,1307800,0.0,0.0
2016-08-10 00:00:00-04:00,17.058826242826797,17.16624931007202,17.001533849232118,17.101795196533203,1146600,0.0,0.0
2016-08-11 00:00:00-04:00,17.159093017369436,17.424071275278678,17.116124050072393,17.216386795043945,1970100,0.0,0.0
2016-08-12 00:00:00-04:00,17.23786714196574,17.868084910527664,17.23786714196574,17.588783264160156,4863800,0.0,0.0
2016-08-15 00:00:00-04:00,17.560137666349764,17.581621462615715,17.309482904231384,17.409744262695312,2023700,0.0,0.0
2016-08-16 00:00:00-04:00,17.3524542922861,17.660401497494473,17.12328466030557,17.467039108276367,2595800,0.0,0.0
2016-08-17 00:00:00-04:00,17.474197554956262,17.603105790274647,17.38825964204967,17.524328231811523,2795400,0.0,0.0
2016-08-18 00:00:00-04:00,17.502844044074312,17.59594367529517,17.1161193467912,17.151927947998047,2125800,0.0,0.0
2016-08-19 00:00:00-04:00,17.087470789928865,17.345285842930416,17.037340123121847,17.223539352416992,1437600,0.0,0.0
2016-08-22 00:00:00-04:00,17.237866528070285,17.388259927059657,17.15908896831592,17.35245132446289,1444000,0.0,0.0
2016-08-23 00:00:00-04:00,17.366774072727804,17.552974700927734,17.345288912026803,17.552974700927734,1678900,0.0,0.0
2016-08-24 00:00:00-04:00,17.58162154338575,17.724853226956707,17.531490863923487,17.588783264160156,1383800,0.0,0.0
2016-08-25 00:00:00-04:00,17.588782349470716,17.674721628335806,17.488520995760194,17.524328231811523,1345600,0.0,0.0
2016-08-26 00:00:00-04:00,17.54581481248821,17.710530297183546,17.316645204919293,17.373937606811523,1367300,0.0,0.0
2016-08-29 00:00:00-04:00,17.424067414228368,17.588782890666273,17.38826017707527,17.581621170043945,2299300,0.0,0.0
2016-08-30 00:00:00-04:00,17.58161645959966,17.58161645959966,17.173408055203463,17.330963134765625,2525800,0.0,0.0
2016-08-31 00:00:00-04:00,16.543202050248986,16.593332746171477,14.738488801285312,15.511937141418457,18632400,0.0,0.0
2016-09-01 00:00:00-04:00,15.540574503584383,15.690966499123178,15.39018114208741,15.447473526000977,4978100,0.0,0.0
2016-09-02 00:00:00-04:00,15.490443979046683,15.590706685115606,15.304244737686494,15.504767417907715,3763000,0.0,0.0
2016-09-06 00:00:00-04:00,15.540577454712935,15.597869849506226,15.017782815520901,15.318568229675293,4221500,0.0,0.0
2016-09-07 00:00:00-04:00,15.368696483675322,15.698128726317226,15.23978964016316,15.633674621582031,4607000,0.0,0.0
2016-09-08 00:00:00-04:00,15.648000037031464,15.955947161692409,15.583545924150876,15.877169609069824,3938700,0.0,0.0
2016-09-09 00:00:00-04:00,15.762586427753842,15.791231944195683,15.612193027068935,15.712455749511719,2882900,0.0,0.0
2016-09-12 00:00:00-04:00,15.575005244095143,16.139263706263797,15.55330246486021,16.09585952758789,3254700,0.22,0.0
2016-09-13 00:00:00-04:00,15.980114709030552,16.066923069520993,15.922242008772256,16.009050369262695,3098200,0.0,0.0
2016-09-14 00:00:00-04:00,16.03798959982862,16.14650075515961,15.864371475340198,16.0596923828125,2903900,0.0,0.0
2016-09-15 00:00:00-04:00,15.980115540331779,16.240543394938832,15.871604394176869,16.1971378326416,2770800,0.0,0.0
2016-09-16 00:00:00-04:00,16.168202795191046,16.22607550069452,16.052457384184102,16.211606979370117,4518500,0.0,0.0
2016-09-19 00:00:00-04:00,16.24777777817688,16.269480561332642,16.059692510003785,16.175437927246094,1924300,0.0,0.0
2016-09-20 00:00:00-04:00,16.19713780326002,16.349054511436588,16.13926510009611,16.240543365478516,1969200,0.0,0.0
2016-09-21 00:00:00-04:00,16.22607674953957,16.638419980462203,16.22607674953957,16.522674560546875,2455100,0.0,0.0
2016-09-22 00:00:00-04:00,16.529902718299702,16.739690697011724,16.508199942656223,16.68181800842285,1285500,0.0,0.0
2016-09-23 00:00:00-04:00,16.56607924288375,16.797570089628874,16.52267505406761,16.703527450561523,1712400,0.0,0.0
2016-09-26 00:00:00-04:00,16.595014438176186,16.689057066757197,16.42862920331112,16.47926902770996,1727600,0.0,0.0
2016-09-27 00:00:00-04:00,16.537136957057047,16.60224390411583,16.399688804400306,16.457561492919922,1752400,0.0,0.0
2016-09-28 00:00:00-04:00,16.558846453877262,16.638421956944686,16.33458984862609,16.580549240112305,1926900,0.0,0.0
2016-09-29 00:00:00-04:00,16.544378198819498,16.667357886306448,16.33458875201469,16.38522720336914,1498000,0.0,0.0
2016-09-30 00:00:00-04:00,16.486497061366716,16.812030387925812,16.34904892092962,16.746923446655273,2235600,0.0,0.0
2016-10-03 00:00:00-04:00,16.681819682308895,16.812033589648212,16.50096733984737,16.508201599121094,1384000,0.0,0.0
2016-10-04 00:00:00-04:00,16.558845913977684,16.609484367080654,16.298419386620367,16.34182357788086,2161500,0.0,0.0
2016-10-05 00:00:00-04:00,16.377990921877576,16.602248864209994,16.356289519570282,16.55160903930664,1508400,0.0,0.0
2016-10-06 00:00:00-04:00,16.544375679462167,16.638418306257694,16.45756593336359,16.472034454345703,1368600,0.0,0.0
2016-10-07 00:00:00-04:00,16.529909675634133,16.544378198819498,16.298418823845598,16.38522720336914,1939000,0.0,0.0
2016-10-10 00:00:00-04:00,16.4503330172365,16.602249740375512,16.41416309161942,16.515439987182617,922700,0.0,0.0
2016-10-11 00:00:00-04:00,16.493733080573644,16.645649765734138,16.399690469602955,16.508201599121094,1249700,0.0,0.0
2016-10-12 00:00:00-04:00,16.493736058408047,16.674588433521265,16.472034656462696,16.645652770996094,1050000,0.0,0.0
2016-10-13 00:00:00-04:00,16.52991171514689,16.66012568029273,16.39969775000105,16.602252960205078,994000,0.0,0.0
2016-10-14 00:00:00-04:00,16.645650311863207,16.862672578019797,16.645650311863207,16.689054489135742,1108800,0.0,0.0
2016-10-17 00:00:00-04:00,16.667354654232366,16.855439899991996,16.63841761347301,16.72522735595703,1543300,0.0,0.0
2016-10-18 00:00:00-04:00,16.840975658239298,16.840975658239298,16.660123261745383,16.703527450561523,1817000,0.0,0.0
2016-10-19 00:00:00-04:00,16.775867559432996,16.855441670290666,16.703526329730774,16.790334701538086,1372200,0.0,0.0
2016-10-20 00:00:00-04:00,16.761397728930827,16.86267461473049,16.710759286030996,16.848207473754883,2333800,0.0,0.0
2016-10-21 00:00:00-04:00,16.812034442977087,17.09416367000307,16.717991827233075,16.92054557800293,2106300,0.0,0.0
2016-10-24 00:00:00-04:00,17.02906261946509,17.159275188232666,16.971188526953757,16.992891311645508,2658900,0.0,0.0
2016-10-25 00:00:00-04:00,17.000120992245883,17.036290910524574,16.638416290283203,16.638416290283203,1827500,0.0,0.0
2016-10-26 00:00:00-04:00,16.645649347013904,16.79033038946736,16.486499786376953,16.486499786376953,1750700,0.0,0.0
2016-10-27 00:00:00-04:00,16.529910931514344,16.580549386716115,16.370759923972294,16.414165496826172,2190300,0.0,0.0
2016-10-28 00:00:00-04:00,16.40692433782737,16.60224519418099,16.327348867506895,16.44309425354004,2256200,0.0,0.0
2016-10-31 00:00:00-04:00,16.515441388082458,16.65288960071581,16.377993175449106,16.616718292236328,2637500,0.0,0.0
2016-11-01 00:00:00-04:00,16.681821492559045,16.73969419323511,16.103094485798376,16.168201446533203,1746100,0.0,0.0
2016-11-02 00:00:00-04:00,16.197137106974225,16.29841536800286,16.13926440629816,16.168201446533203,1838400,0.0,0.0
2016-11-03 00:00:00-04:00,16.211604849067044,16.29118032610042,15.994582576895596,16.037986755371094,1400000,0.0,0.0
2016-11-04 00:00:00-04:00,16.04522561231715,16.0886298032287,15.857138945307968,15.864373207092285,1584300,0.0,0.0
2016-11-07 00:00:00-05:00,16.08139045452902,16.204370106372398,15.871602448322033,15.9367094039917,2079700,0.0,0.0
2016-11-08 00:00:00-05:00,15.90777948327263,16.13927037153831,15.80650256460503,16.01629066467285,2166900,0.0,0.0
2016-11-09 00:00:00-05:00,15.712456750455852,15.712456750455852,15.126495333381275,15.408624649047852,6586500,0.0,0.0
2016-11-10 00:00:00-05:00,15.459264243353568,16.15373681880587,15.408624410740112,15.943948745727539,4422100,0.0,0.0
2016-11-11 00:00:00-05:00,15.857137406433404,16.638419665992593,15.799264697569546,16.515439987182617,3223900,0.0,0.0
2016-11-14 00:00:00-05:00,16.59501478573227,17.086933480413247,16.52990781850719,17.050762176513672,3610000,0.0,0.0
2016-11-15 00:00:00-05:00,17.094170702168757,17.332895849349462,16.956723851830585,17.289491653442383,2161500,0.0,0.0
2016-11-16 00:00:00-05:00,16.891611506819046,16.94224994927085,15.972881142983567,16.081392288208008,4387900,0.0,0.0
2016-11-17 00:00:00-05:00,16.081393467755227,16.703526103039206,15.980116575423109,16.66012191772461,2958800,0.0,0.0
2016-11-18 00:00:00-05:00,16.63841233780224,16.949478528362913,16.59500817021975,16.746923446655273,2278600,0.0,0.0
2016-11-21 00:00:00-05:00,16.80480256631297,17.086933213139957,16.768632642773323,16.819271087646484,2180300,0.0,0.0
2016-11-22 00:00:00-05:00,16.927779837643847,17.115866448925814,16.84097148154075,16.92054557800293,2216500,0.0,0.0
2016-11-23 00:00:00-05:00,16.91331308891014,17.275017830056836,16.891611687509553,17.13033676147461,1751400,0.0,0.0
2016-11-25 00:00:00-05:00,17.115867894725433,17.40523140583524,17.115867894725433,17.34735870361328,956400,0.0,0.0
2016-11-28 00:00:00-05:00,16.78310574350757,16.87714839824741,15.755863905037451,15.784799575805664,5283400,0.0,0.0
2016-11-29 00:00:00-05:00,15.849901306619747,16.36352274552171,15.68351746041246,16.189903259277344,3555000,0.0,0.0
2016-11-30 00:00:00-05:00,16.18267464966098,16.233313104932254,16.030757904052734,16.030757904052734,2694000,0.0,0.0
2016-12-01 00:00:00-05:00,16.067287517414027,16.21342075048804,15.818861857366077,15.913848876953125,2773500,0.22,0.0
2016-12-02 00:00:00-05:00,15.913848319518026,16.19149978027724,15.745794689280604,15.870007514953613,2043200,0.0,0.0
2016-12-05 00:00:00-05:00,15.870012565440764,16.191504933076413,15.775026912582376,16.176891326904297,3533100,0.0,0.0
2016-12-06 00:00:00-05:00,16.184197346629187,16.607982149696895,16.067291290171205,16.57875633239746,4076300,0.0,0.0
2016-12-07 00:00:00-05:00,16.61528590645541,17.24365688994442,16.578753293120876,17.05368423461914,6374800,0.0,0.0
2016-12-08 00:00:00-05:00,16.92947264164786,16.92947264164786,15.672731975993726,16.65182113647461,9291000,0.0,0.0
2016-12-09 00:00:00-05:00,16.62989612324104,16.84909454587715,16.35224330136374,16.768722534179688,4322000,0.0,0.0
2016-12-12 00:00:00-05:00,16.68834889849722,17.126747131347656,16.644509493301044,17.126747131347656,4803500,0.0,0.0
2016-12-13 00:00:00-05:00,17.10483061193372,17.433629709562556,16.980617774343926,16.987924575805664,6318400,0.0,0.0
2016-12-14 00:00:00-05:00,16.900245001484066,16.96600482353742,16.615286701672808,16.724885940551758,2458700,0.0,0.0
2016-12-15 00:00:00-05:00,16.80525764075266,17.002537086658734,16.710272015110732,16.871017456054688,1654000,0.0,0.0
2016-12-16 00:00:00-05:00,16.892941002901477,17.177899326489367,16.885634200549216,17.13405990600586,6143200,0.0,0.0
2016-12-19 00:00:00-05:00,17.112136664324872,17.170589679830165,16.79064438223085,16.951391220092773,1820100,0.0,0.0
2016-12-20 00:00:00-05:00,16.995230633314286,17.0390700465358,16.834485189082187,16.951391220092773,2169000,0.0,0.0
2016-12-21 00:00:00-05:00,16.91485505039486,17.08290727426922,16.871015642781902,16.958694458007812,1753500,0.0,0.0
2016-12-22 00:00:00-05:00,16.966006811706574,17.075607457059057,16.863714362583025,17.024459838867188,1554700,0.0,0.0
2016-12-23 00:00:00-05:00,17.00253511879857,17.046374526049384,16.89293590385672,17.009841918945312,2364500,0.0,0.0
2016-12-27 00:00:00-05:00,17.01714727622655,17.258266086106264,16.980613278590525,17.177892684936523,1460900,0.0,0.0
2016-12-28 00:00:00-05:00,17.177900172378656,17.21443279230888,16.95870027190697,17.017154693603516,2511100,0.0,0.0
2016-12-29 00:00:00-05:00,17.017156765225696,17.119449228387218,16.929476515637045,16.96600914001465,2730800,0.0,0.0
2016-12-30 00:00:00-05:00,16.980612731336244,16.980612731336244,16.732187129935628,16.79794692993164,1514800,0.0,0.0
2017-01-03 00:00:00-05:00,16.871015849156418,16.944082458491557,16.57875080544552,16.7394962310791,3305400,0.0,0.0
2017-01-04 00:00:00-05:00,16.746808385707393,17.112140155558226,16.746808385707393,17.09752655029297,1736900,0.0,0.0
2017-01-05 00:00:00-05:00,17.039069754168892,17.33133482668049,16.966003137633543,17.309415817260742,1955400,0.0,0.0
2017-01-06 00:00:00-05:00,17.35325336456299,17.55053278991545,17.12674813191552,17.535919189453125,1963500,0.0,0.0
2017-01-09 00:00:00-05:00,17.528619995808317,17.535926799210284,17.170594990893402,17.23635482788086,1638700,0.0,0.0
2017-01-10 00:00:00-05:00,17.324030841102704,17.477470900126438,17.17789897791298,17.28019142150879,1967000,0.0,0.0
2017-01-11 00:00:00-05:00,17.26557715142714,17.52130964418693,17.236351337368006,17.331336975097656,1160400,0.0,0.0
2017-01-12 00:00:00-05:00,17.28019530281048,17.360568751477008,16.980623313310208,17.353261947631836,1660800,0.0,0.0
2017-01-13 00:00:00-05:00,17.360567840347358,17.448246694627098,17.280194395899045,17.382488250732422,883600,0.0,0.0
2017-01-17 00:00:00-05:00,17.389788176859685,17.448241192490332,17.26557534444084,17.404401779174805,1432200,0.0,0.0
2017-01-18 00:00:00-05:00,17.484770239137546,17.535916439104227,17.221731046589568,17.287490844726562,1657200,0.0,0.0
2017-01-19 00:00:00-05:00,17.280188238133878,17.331334450509573,16.812564132264946,17.00253677368164,1315700,0.0,0.0
2017-01-20 00:00:00-05:00,17.046379172485803,17.1267526023782,16.841792893500617,16.90755271911621,1399200,0.0,0.0
2017-01-23 00:00:00-05:00,16.89293625004586,16.92216205760212,16.717575830189663,16.7394962310791,1261400,0.0,0.0
2017-01-24 00:00:00-05:00,16.746810800547088,17.04638278353174,16.695664568373655,16.885637283325195,1414100,0.0,0.0
2017-01-25 00:00:00-05:00,16.980616683681465,17.046376498983488,16.81987124273751,16.871017456054688,1701400,0.0,0.0
2017-01-26 00:00:00-05:00,16.922159873417435,16.995226473321686,16.688347868627403,16.732187271118164,1388400,0.0,0.0
2017-01-27 00:00:00-05:00,16.783335440657194,16.783335440657194,16.16957815931111,16.21341896057129,1745100,0.0,0.0
2017-01-30 00:00:00-05:00,16.16957810225502,16.16957810225502,15.89192666340182,16.00152587890625,2218600,0.0,0.0
2017-01-31 00:00:00-05:00,16.008836619548546,16.052676037815143,15.511985233760516,15.680037498474121,3057000,0.0,0.0
2017-02-01 00:00:00-05:00,15.745797549066099,15.745797549066099,15.38046580645547,15.416999816894531,3080400,0.0,0.0
2017-02-02 00:00:00-05:00,15.29278650798885,15.5192917913679,15.270866102385733,15.4462251663208,1683400,0.0,0.0
2017-02-03 00:00:00-05:00,15.490064098950588,15.680035349952112,15.438916492079636,15.658116340637207,1408800,0.0,0.0
2017-02-06 00:00:00-05:00,15.614276609024031,15.862700869167345,15.599663007359789,15.804247856140137,2192800,0.0,0.0
2017-02-07 00:00:00-05:00,15.796944985684815,15.855398008098682,15.541212490012905,15.709264755249023,2815700,0.0,0.0
2017-02-08 00:00:00-05:00,15.270866597712963,15.709264968585536,15.205106772400576,15.46083927154541,2463100,0.0,0.0
2017-02-09 00:00:00-05:00,15.482753192509753,15.694644790270077,15.329313199843142,15.424300193786621,2727800,0.0,0.0
2017-02-10 00:00:00-05:00,15.409696537236751,15.446229162396635,15.241644231692776,15.38046932220459,2375200,0.0,0.0
2017-02-13 00:00:00-05:00,15.51929230614728,15.606972537838171,15.183187770863876,15.234333992004395,2243400,0.0,0.0
2017-02-14 00:00:00-05:00,15.205103068670052,15.51198171416691,15.197796268345167,15.322009086608887,2275900,0.0,0.0
2017-02-15 00:00:00-05:00,15.322011567317254,15.446224405691638,15.000520662749345,15.197798728942871,5457000,0.0,0.0
2017-02-16 00:00:00-05:00,15.183187769486402,15.270866607539334,14.942068874395835,15.022440910339355,4098000,0.0,0.0
2017-02-17 00:00:00-05:00,14.978599799667947,15.029746015027502,14.905533180455793,14.985906600952148,4404700,0.0,0.0
2017-02-21 00:00:00-05:00,15.015133205090354,15.197799065948534,15.015133205090354,15.051667213439941,4079400,0.0,0.0
2017-02-22 00:00:00-05:00,15.029746551573343,15.058973757753524,14.810548079741576,14.817854881286621,3285800,0.0,0.0
2017-02-23 00:00:00-05:00,14.81785297356403,14.854385582955972,14.562120526931277,14.649799346923828,3438800,0.0,0.0
2017-02-24 00:00:00-05:00,14.56942732753561,14.788625771146702,14.503667515726338,14.649799346923828,6006100,0.0,0.0
2017-02-27 00:00:00-05:00,14.649800736080634,14.942067213449002,14.6278817258189,14.803240776062012,5049400,0.0,0.0
2017-02-28 00:00:00-05:00,14.79593561946761,15.139346956829932,14.752096200441144,15.022440910339355,5700700,0.0,0.0
2017-03-01 00:00:00-05:00,15.183186136477115,15.387770999016746,15.007827085601779,15.073585510253906,4644300,0.0,0.0
2017-03-02 00:00:00-05:00,15.095504508773129,15.139343919002876,14.912838673581168,15.088197708129883,4404000,0.0,0.0
2017-03-03 00:00:00-05:00,15.073584635924638,15.336623893795222,15.015131622356705,15.329317092895508,3252100,0.0,0.0
2017-03-06 00:00:00-05:00,15.365849888558197,15.533902115141565,15.146650059700635,15.322009086608887,4038800,0.0,0.0
2017-03-07 00:00:00-05:00,15.2489416150785,15.314700021016513,14.97859561756452,15.227021217346191,6024700,0.0,0.0
2017-03-08 00:00:00-05:00,16.666432154058384,17.791654485349827,16.520300306814345,17.492082595825195,17749100,0.0,0.0
2017-03-09 00:00:00-05:00,17.63820678195046,17.718580168884078,17.031756464904955,17.060983657836914,5863500,0.0,0.0
2017-03-10 00:00:00-05:00,17.238021222735632,17.599451524419248,17.193763417470713,17.50356101989746,5218100,0.22,0.0
2017-03-13 00:00:00-04:00,17.540443551795907,17.93137767300467,17.52569094917673,17.754350662231445,4467000,0.0,0.0
2017-03-14 00:00:00-04:00,17.724837676512813,17.91661719049959,17.65845240602182,17.732213973999023,2961300,0.0,0.0
2017-03-15 00:00:00-04:00,17.776476236873208,18.07152119957076,17.776476236873208,18.01251220703125,3812500,0.0,0.0
2017-03-16 00:00:00-04:00,18.01251108072682,18.11577645949254,17.872364204626717,17.894493103027344,2615300,0.0,0.0
2017-03-17 00:00:00-04:00,17.879741779783465,18.137906652002677,17.680585900624187,18.03464126586914,7901500,0.0,0.0
2017-03-20 00:00:00-04:00,17.997762807073272,18.005139108312843,17.562570882137763,17.606828689575195,4698400,0.0,0.0
2017-03-21 00:00:00-04:00,17.606822288801517,17.695335057727288,17.17163052207536,17.193758010864258,4447700,0.0,0.0
2017-03-22 00:00:00-04:00,17.19376140151202,17.23801920158774,17.03886332190313,17.2232666015625,2196000,0.0,0.0
2017-03-23 00:00:00-04:00,17.215890039428814,17.274899031745957,16.736441800991376,16.788074493408203,3297500,0.0,0.0
2017-03-24 00:00:00-04:00,16.861834991197963,16.861834991197963,16.50777965338785,16.53728485107422,2811600,0.0,0.0
2017-03-27 00:00:00-04:00,16.352880978504178,16.69218229797714,16.345504679356694,16.677431106567383,3052600,0.0,0.0
2017-03-28 00:00:00-04:00,16.60366652955347,16.987225574783743,16.52252866043958,16.95034408569336,5444700,0.0,0.0
2017-03-29 00:00:00-04:00,16.89871923859972,17.031489847080167,16.699563325879055,16.839710235595703,3276000,0.0,0.0
2017-03-30 00:00:00-04:00,16.817579318674376,17.127376899081373,16.70693762714733,17.105249404907227,3143400,0.0,0.0
2017-03-31 00:00:00-04:00,17.075742120238214,17.23801789443983,16.987229340569392,17.149503707885742,2709100,0.0,0.0
2017-04-03 00:00:00-04:00,17.14950255887519,17.31177691531922,16.832328738061037,17.097869873046875,2827600,0.0,0.0
2017-04-04 00:00:00-04:00,17.090494878864547,17.186383958882782,16.95034800171302,17.171632766723633,2701100,0.0,0.0
2017-04-05 00:00:00-04:00,17.201136800647973,17.230641999153175,16.928220748901367,16.928220748901367,3122600,0.0,0.0
2017-04-06 00:00:00-04:00,16.92821826516575,17.444546501282545,16.847080388066427,17.392913818359375,3586400,0.0,0.0
2017-04-07 00:00:00-04:00,17.35603950817251,17.400295907279048,17.127378397870025,17.260149002075195,2406700,0.0,0.0
2017-04-10 00:00:00-04:00,17.304397580074568,17.518305991699023,17.17900474042772,17.37078285217285,2354200,0.0,0.0
2017-04-11 00:00:00-04:00,17.356033895177053,17.496179348171868,17.260143420091016,17.415042877197266,3634400,0.0,0.0
2017-04-12 00:00:00-04:00,17.378165430790524,17.46667962787471,17.215891044169194,17.429798126220703,3179600,0.0,0.0
2017-04-13 00:00:00-04:00,17.41504214078614,17.510931204932316,17.31177537145367,17.333904266357422,1718600,0.0,0.0
2017-04-17 00:00:00-04:00,17.37816690592957,17.488808606512503,17.304405303245765,17.459304809570312,1214700,0.0,0.0
2017-04-18 00:00:00-04:00,17.400296168152185,17.702717479204413,17.370790963715095,17.562570571899414,2296600,0.0,0.0
2017-04-19 00:00:00-04:00,17.62895236605363,17.960878815474857,17.62895236605363,17.864988327026367,3715200,0.0,0.0
2017-04-20 00:00:00-04:00,17.91662154086039,18.06414330574988,17.378162948702315,17.437171936035156,5378200,0.0,0.0
2017-04-21 00:00:00-04:00,17.407666054394095,17.444546139464258,16.832327441858126,17.024106979370117,5796300,0.0,0.0
2017-04-24 00:00:00-04:00,17.245390822864685,17.4888030495587,17.083116474030376,17.415042877197266,3088300,0.0,0.0
2017-04-25 00:00:00-04:00,17.56994223103938,18.071519318868802,17.555189632718466,17.87973976135254,3347800,0.0,0.0
2017-04-26 00:00:00-04:00,17.923997564227868,18.307556709535927,17.562567318147888,17.6215763092041,5883800,0.0,0.0
2017-04-27 00:00:00-04:00,17.805980234257408,18.093650307216997,17.732220047899673,17.901870727539062,9350800,0.0,0.0
2017-04-28 00:00:00-04:00,17.81335567110465,18.30018019328003,17.75434668074658,18.285429000854492,3654700,0.0,0.0
2017-05-01 00:00:00-04:00,18.28542427809837,18.32230435996479,18.108395945861705,18.182157516479492,2226500,0.0,0.0
2017-05-02 00:00:00-04:00,18.219043710841003,18.344437991212562,18.167409613253053,18.285429000854492,3042000,0.0,0.0
2017-05-03 00:00:00-04:00,18.30018424987793,18.432954859336142,18.204295146872344,18.30018424987793,2328200,0.0,0.0
2017-05-04 00:00:00-04:00,18.307557223921116,18.62473108734186,18.211668138342578,18.558345794677734,2373200,0.0,0.0
2017-05-05 00:00:00-04:00,18.53621950590584,18.676366410925628,18.33706500674521,18.63948631286621,1748600,0.0,0.0
2017-05-08 00:00:00-04:00,18.60998110891023,18.75012801393002,18.558348408872824,18.63948631286621,3377600,0.0,0.0
2017-05-09 00:00:00-04:00,18.64685931469679,19.192692829338963,18.587850324110754,19.089426040649414,3381600,0.0,0.0
2017-05-10 00:00:00-04:00,19.059922672756827,19.568876107185577,18.971408481466256,19.5467472076416,2597200,0.0,0.0
2017-05-11 00:00:00-04:00,19.45085946808403,19.495115863346218,19.273831073264393,19.48773956298828,1904500,0.0,0.0
2017-05-12 00:00:00-04:00,19.443474812760844,19.68688699243553,19.340208059009427,19.605749130249023,1995200,0.0,0.0
2017-05-15 00:00:00-04:00,19.67951656308352,19.81966343767918,19.605754976091845,19.76065444946289,1943500,0.0,0.0
2017-05-16 00:00:00-04:00,19.686893127611413,19.856543795157418,18.50671194050586,18.573097229003906,5043500,0.0,0.0
2017-05-17 00:00:00-04:00,18.573097833059826,18.68373951519324,18.381318260815437,18.49933624267578,2940000,0.0,0.0
2017-05-18 00:00:00-04:00,18.51408517188811,18.750121088816925,18.440323596126596,18.654232025146484,2472200,0.0,0.0
2017-05-19 00:00:00-04:00,18.713244249470275,18.956656506874225,18.683739051295113,18.919775009155273,1875000,0.0,0.0
2017-05-22 00:00:00-04:00,18.993537720166305,19.111555706070877,18.9123998272749,19.03779411315918,1638000,0.0,0.0
2017-05-23 00:00:00-04:00,19.089426989719676,19.09680328977032,18.87551991579245,18.99353790283203,1164200,0.0,0.0
2017-05-24 00:00:00-04:00,19.045172290902556,19.18531919056407,18.949283195482895,19.10418128967285,1803600,0.0,0.0
2017-05-25 00:00:00-04:00,19.214820279311773,19.436105048687477,19.118931197402016,19.222196578979492,1549400,0.0,0.0
2017-05-26 00:00:00-04:00,19.229575683865704,19.34021738125136,19.118933986480048,19.25908088684082,1180800,0.0,0.0
2017-05-30 00:00:00-04:00,19.177939152315968,19.47298408866686,19.177939152315968,19.391847610473633,1654200,0.0,0.0
2017-05-31 00:00:00-04:00,19.40660557703603,19.61313780802534,19.288587561295202,19.576257705688477,2030500,0.0,0.0
2017-06-01 00:00:00-04:00,19.59100326777455,20.107332993299448,19.53199427687616,20.055700302124023,1874500,0.0,0.0
2017-06-02 00:00:00-04:00,20.136830879261222,20.181088664618386,19.81965852551097,19.834409713745117,1547200,0.0,0.0
2017-06-05 00:00:00-04:00,19.83441388333978,19.974560752662697,19.68689212179189,19.745901107788086,1803700,0.0,0.0
2017-06-06 00:00:00-04:00,19.686891776793203,19.686891776793203,19.443479537963867,19.443479537963867,1938100,0.0,0.0
2017-06-07 00:00:00-04:00,19.472983327002332,19.517239714002617,19.20006729913453,19.443479537963867,2258000,0.0,0.0
2017-06-08 00:00:00-04:00,19.44348359283435,19.50986889062179,19.281207795182624,19.458234786987305,1506500,0.0,0.0
2017-06-09 00:00:00-04:00,19.4287321393953,19.53199753899292,19.22219993331451,19.318090438842773,1371200,0.0,0.0
2017-06-12 00:00:00-04:00,19.185317135319597,19.524618490179446,19.185317135319597,19.502490997314453,2072100,0.0,0.0
2017-06-13 00:00:00-04:00,19.605753300152937,20.01143988360037,19.5393680182237,19.908174514770508,4679300,0.0,0.0
2017-06-14 00:00:00-04:00,21.435034944404553,22.047253722637606,21.0736047169547,21.48666763305664,15441500,0.0,0.0
2017-06-15 00:00:00-04:00,21.420284703093895,22.14314519007066,21.294890422137897,22.13576889038086,5864800,0.0,0.0
2017-06-16 00:00:00-04:00,22.11364192368524,22.18740352014351,21.980871331437445,22.069385528564453,4868500,0.0,0.0
2017-06-19 00:00:00-04:00,22.143142447143834,22.696352193383625,22.02512448049682,22.585710525512695,3049500,0.0,0.0
2017-06-20 00:00:00-04:00,22.504574821854757,22.511951121344058,22.098886791254706,22.209529876708984,5388100,0.0,0.0
2017-06-21 00:00:00-04:00,22.29874841891033,23.064594579567256,22.231829753503945,22.967933654785156,5764700,0.24,0.0
2017-06-22 00:00:00-04:00,22.953068513185524,23.25048407521249,22.841536436509806,23.161258697509766,2540900,0.0,0.0
2017-06-23 00:00:00-04:00,23.079474020574708,23.339711792883463,22.990248628504926,23.23561668395996,4498900,0.0,0.0
2017-06-26 00:00:00-04:00,23.243048618787217,23.39919125776868,23.19100107246006,23.287660598754883,2251600,0.0,0.0
2017-06-27 00:00:00-04:00,23.31740142049452,23.503286313404868,23.30253028869629,23.30253028869629,2804100,0.0,0.0
2017-06-28 00:00:00-04:00,23.451235783292283,23.466105495007362,22.715130453119315,22.856403350830078,6667100,0.0,0.0
2017-06-29 00:00:00-04:00,22.915892548469188,23.21330813472592,22.692831213323988,22.96050453186035,4841200,0.0,0.0
2017-06-30 00:00:00-04:00,23.049720093038626,23.347135552536855,22.871270817339692,22.98280143737793,5212600,0.0,0.0
2017-07-03 00:00:00-04:00,23.09433937072754,23.525592278112523,23.027420693875623,23.09433937072754,1523900,0.0,0.0
2017-07-05 00:00:00-04:00,23.057162982415793,23.5702056994198,22.78948827472862,23.079469680786133,4271200,0.0,0.0
2017-07-06 00:00:00-04:00,22.915892235702955,23.35458075126524,22.901021102045743,23.25792121887207,5022800,0.0,0.0
2017-07-07 00:00:00-04:00,23.324838638305664,23.40662703260999,22.997680806520503,23.324838638305664,2886700,0.0,0.0
2017-07-10 00:00:00-04:00,23.30996275885155,23.406622266324558,23.019981400054537,23.29509162902832,2497800,0.0,0.0
2017-07-11 00:00:00-04:00,23.302531731473863,23.41406239048766,23.10177569433546,23.287660598754883,3345800,0.0,0.0
2017-07-12 00:00:00-04:00,23.414061058068697,23.495850865179413,23.31740153727446,23.428932189941406,1886700,0.0,0.0
2017-07-13 00:00:00-04:00,23.44380831999646,23.488420306936607,23.191004697019817,23.23561668395996,2667200,0.0,0.0
2017-07-14 00:00:00-04:00,23.205867752325208,23.220738883099468,22.655648677379368,22.70026206970215,2125900,0.0,0.0
2017-07-17 00:00:00-04:00,22.677958871370635,22.811796232603765,22.506945095656878,22.536685943603516,2816600,0.0,0.0
2017-07-18 00:00:00-04:00,22.536690680493514,22.692834774147858,22.37311243693194,22.56643295288086,3089800,0.0,0.0
2017-07-19 00:00:00-04:00,22.663084649840552,22.863840664331782,22.440023356976376,22.51437759399414,2932200,0.0,0.0
2017-07-20 00:00:00-04:00,22.46976846520125,22.893587271178447,22.41772091486792,22.7448787689209,2167000,0.0,0.0
2017-07-21 00:00:00-04:00,22.700265243504607,22.700265243504607,22.105432693070394,22.157480239868164,3036900,0.0,0.0
2017-07-24 00:00:00-04:00,22.120305756048836,22.31362624544409,22.060822637634093,22.14261245727539,2506000,0.0,0.0
2017-07-25 00:00:00-04:00,22.194661521913655,22.625914514372003,22.142613967025675,22.469770431518555,2678400,0.0,0.0
2017-07-26 00:00:00-04:00,22.529249287303195,22.566427118174786,22.202092884768597,22.440025329589844,1888000,0.0,0.0
2017-07-27 00:00:00-04:00,22.49207578490125,22.618477589841497,22.306190861059093,22.611042022705078,2263100,0.0,0.0
2017-07-28 00:00:00-04:00,22.56642875150122,22.64821714895998,22.462332235715635,22.477203369140625,1688000,0.0,0.0
2017-07-31 00:00:00-04:00,22.52182058399528,22.692834392779687,22.425159618550467,22.677963256835938,1775800,0.0,0.0
2017-08-01 00:00:00-04:00,22.730003568476707,22.84896978172298,22.506942273187228,22.767181396484375,2261400,0.0,0.0
2017-08-02 00:00:00-04:00,22.826664356539595,22.826664356539595,22.41028119466207,22.655649185180664,1677200,0.0,0.0
2017-08-03 00:00:00-04:00,22.685395935644056,22.819233305713425,22.588734982509777,22.70770263671875,2207100,0.0,0.0
2017-08-04 00:00:00-04:00,22.75974692351411,22.834099746720653,22.350799304932135,22.373106002807617,2800900,0.0,0.0
2017-08-07 00:00:00-04:00,22.395414971681866,22.603605166874353,22.216964206960675,22.477203369140625,2175500,0.0,0.0
2017-08-08 00:00:00-04:00,22.454897548108285,22.596169057686097,22.276446787671237,22.536685943603516,1583800,0.0,0.0
2017-08-09 00:00:00-04:00,22.469765182471598,23.03485542302806,22.469765182471598,22.975372314453125,2591200,0.0,0.0
2017-08-10 00:00:00-04:00,22.90101994210906,22.96050305553573,22.588733242071694,22.77461814880371,2892200,0.0,0.0
2017-08-11 00:00:00-04:00,22.633349197967224,22.953071500579764,22.506947390380624,22.826669692993164,1618200,0.0,0.0
2017-08-14 00:00:00-04:00,22.945637097750808,23.317406972085386,22.945637097750808,23.25048828125,1337600,0.0,0.0
2017-08-15 00:00:00-04:00,23.32484613996855,23.644567089966344,23.22818516353571,23.41407012939453,2431400,0.0,0.0
2017-08-16 00:00:00-04:00,23.42149352348412,23.637120652526285,22.841532220926,22.856403350830078,2695100,0.0,0.0
2017-08-17 00:00:00-04:00,22.841536448625384,22.856407581281935,22.35823598280156,22.454896926879883,3610500,0.0,0.0
2017-08-18 00:00:00-04:00,22.43259248227357,22.44746361642461,22.14261245727539,22.14261245727539,2392500,0.0,0.0
2017-08-21 00:00:00-04:00,22.172353102596784,22.269014055496324,22.03108016584559,22.10543441772461,2314500,0.0,0.0
2017-08-22 00:00:00-04:00,22.120305842472554,22.58130107562995,22.097999141158848,22.48464012145996,2297200,0.0,0.0
2017-08-23 00:00:00-04:00,22.40285593792285,22.767191726764366,22.358243942260742,22.358243942260742,1919200,0.0,0.0
2017-08-24 00:00:00-04:00,22.387984198373324,22.75231853615572,22.387984198373324,22.633352279663086,1969200,0.0,0.0
2017-08-25 00:00:00-04:00,22.65565118125925,22.722569858950116,22.07569119885738,22.090560913085938,1603900,0.0,0.0
2017-08-28 00:00:00-04:00,22.15004600747558,22.246705534277158,21.637003271495242,22.01620864868164,3079500,0.0,0.0
2017-08-29 00:00:00-04:00,21.83032067567067,21.964158015657663,21.67417663962282,21.733659744262695,3646000,0.0,0.0
2017-08-30 00:00:00-04:00,20.075568570963295,20.625787687540328,19.74841076012129,19.934295654296875,8428400,0.0,0.0
2017-08-31 00:00:00-04:00,19.889685398746785,20.023522761050515,19.73354275485198,19.88224983215332,6106300,0.0,0.0
2017-09-01 00:00:00-04:00,19.964039388202885,20.08300561578053,19.76328334734462,19.904556274414062,3595600,0.0,0.0
2017-09-05 00:00:00-04:00,19.807898025215152,19.934299836501143,19.547660253322956,19.622013092041016,2583300,0.0,0.0
2017-09-06 00:00:00-04:00,19.64431796538142,19.64431796538142,19.257677000015974,19.33203125,4429400,0.0,0.0
2017-09-07 00:00:00-04:00,19.33203271314435,19.51048207569833,18.92308643456516,19.10153579711914,2852300,0.0,0.0
2017-09-08 00:00:00-04:00,19.086658929690756,19.398945574912457,19.012304696411483,19.391510009765625,2119900,0.0,0.0
2017-09-11 00:00:00-04:00,19.34690302552339,19.718672869588683,19.265113206008415,19.398950576782227,3018800,0.0,0.0
2017-09-12 00:00:00-04:00,19.413961055077397,19.93176569490833,19.40645645330872,19.92426109313965,2774400,0.24,0.0
2017-09-13 00:00:00-04:00,19.886739439204234,20.12688096945307,19.406456378706565,19.489004135131836,2813800,0.0,0.0
2017-09-14 00:00:00-04:00,19.413958812405184,19.90174642016932,19.413958812405184,19.841711044311523,2502600,0.0,0.0
2017-09-15 00:00:00-04:00,19.811689800814587,19.826699000466622,19.158805360867742,19.421459197998047,3107300,0.0,0.0
2017-09-18 00:00:00-04:00,19.443971160145182,19.579051081537184,19.25636047629094,19.496501922607422,2516400,0.0,0.0
2017-09-19 00:00:00-04:00,19.564042298004182,19.646591458683748,19.383936209449097,19.631582260131836,3450500,0.0,0.0
2017-09-20 00:00:00-04:00,19.549034793675794,19.69161932956419,19.488999425621113,19.669105529785156,2400000,0.0,0.0
2017-09-21 00:00:00-04:00,19.60156699316021,19.6766101297115,19.406451689143477,19.669105529785156,2346200,0.0,0.0
2017-09-22 00:00:00-04:00,19.654100808175173,20.119374624889225,19.594065430813476,20.07434844970703,2653200,0.0,0.0
2017-09-25 00:00:00-04:00,19.984291569911246,20.126876105799642,19.3464163210888,19.669105529785156,3182300,0.0,0.0
2017-09-26 00:00:00-04:00,19.699126161557924,19.939267660986584,19.50401083543308,19.781675338745117,3587100,0.0,0.0
2017-09-27 00:00:00-04:00,19.871726022771075,20.179407472091196,19.81919525308561,20.029319763183594,2631300,0.0,0.0
2017-09-28 00:00:00-04:00,20.05933636547888,20.45707157795272,20.006805596754354,20.442062377929688,2351200,0.0,0.0
2017-09-29 00:00:00-04:00,20.397037574875057,20.41204677590301,19.826700818018416,19.871726989746094,2163800,0.0,0.0
2017-10-02 00:00:00-04:00,19.804187774658203,20.20942762979006,19.669107822947588,19.804187774658203,3414200,0.0,0.0
2017-10-03 00:00:00-04:00,19.81919708611488,19.96928624025998,19.616577157425866,19.95427703857422,1894300,0.0,0.0
2017-10-04 00:00:00-04:00,20.036825558541654,20.05183332837835,19.19632889936968,19.2863826751709,3029900,0.0,0.0
2017-10-05 00:00:00-04:00,19.256364952015307,19.316400327548347,18.490912840451834,18.520931243896484,4584200,0.0,0.0
2017-10-06 00:00:00-04:00,18.535938932805774,18.873637355859234,18.535938932805774,18.656009674072266,3610600,0.0,0.0
2017-10-09 00:00:00-04:00,18.6485030364332,19.07625518438173,18.618484638718083,19.03122901916504,2122600,0.0,0.0
2017-10-10 00:00:00-04:00,19.068750118067882,19.301386969240152,18.941174793614195,19.293882369995117,2875300,0.0,0.0
2017-10-11 00:00:00-04:00,19.22634615288239,19.256363122118323,19.00871704265835,19.218841552734375,3300900,0.0,0.0
2017-10-12 00:00:00-04:00,19.181323276949822,19.51151860801919,19.128792494329883,19.32390785217285,2330800,0.0,0.0
2017-10-13 00:00:00-04:00,19.256366407648752,19.286384813362563,18.738560359936447,18.911163330078125,1687400,0.0,0.0
2017-10-16 00:00:00-04:00,18.918662815008346,19.143796519939322,18.873636646564584,19.008716583251953,1653100,0.0,0.0
2017-10-17 00:00:00-04:00,19.05374179835335,19.091264796309115,18.58096347495882,18.64099884033203,2604000,0.0,0.0
2017-10-18 00:00:00-04:00,18.761079227176488,18.963699226355615,18.75357462372281,18.79109764099121,1402600,0.0,0.0
2017-10-19 00:00:00-04:00,18.761071767223132,19.203833175438096,18.701036394822268,19.17381477355957,1567100,0.0,0.0
2017-10-20 00:00:00-04:00,19.25637113533953,19.534035730937102,19.136300345718073,19.3013973236084,1818000,0.0,0.0
2017-10-23 00:00:00-04:00,19.37643462757946,19.766665262562345,19.308894654934107,19.699125289916992,2500100,0.0,0.0
2017-10-24 00:00:00-04:00,19.66910944272521,19.931764766975178,19.661606272662272,19.819198608398438,2331900,0.0,0.0
2017-10-25 00:00:00-04:00,19.766666674312667,19.789180477254465,19.406454415381607,19.466489791870117,2996400,0.0,0.0
2017-10-26 00:00:00-04:00,19.54903685674585,19.931762905243225,19.49650608307378,19.894241333007812,1976300,0.0,0.0
2017-10-27 00:00:00-04:00,19.894242255176984,19.894242255176984,19.57155156611214,19.714136123657227,1870000,0.0,0.0
2017-10-30 00:00:00-04:00,19.699127429438278,19.744153605640076,18.918666074706636,18.9862060546875,2464200,0.0,0.0
2017-10-31 00:00:00-04:00,18.956186744999645,18.956186744999645,18.45338997341172,18.565956115722656,2831800,0.0,0.0
2017-11-01 00:00:00-04:00,18.61849084048671,18.633500044343794,18.15321697176881,18.37834930419922,2503400,0.0,0.0
2017-11-02 00:00:00-04:00,18.4233795641085,18.460902582060353,17.732971778719033,17.905574798583984,3883400,0.0,0.0
2017-11-03 00:00:00-04:00,17.83052412741999,18.310807142939034,17.70294877250321,18.05565643310547,2352900,0.0,0.0
2017-11-06 00:00:00-05:00,18.070666065052713,18.370842956892858,17.950595308316654,18.26578140258789,2067500,0.0,0.0
2017-11-07 00:00:00-05:00,18.348329252379337,18.393355425047048,17.838027857624546,18.025638580322266,2076800,0.0,0.0
2017-11-08 00:00:00-05:00,18.10068295752047,19.023727359562983,18.003124581226164,18.94868278503418,3135000,0.0,0.0
2017-11-09 00:00:00-05:00,18.76107003761757,19.181317605680512,18.65600850344085,19.061246871948242,3104100,0.0,0.0
2017-11-10 00:00:00-05:00,18.993707462919094,19.54153181193108,18.753565988404514,18.82110595703125,4449500,0.0,0.0
2017-11-13 00:00:00-05:00,18.768576593670893,19.496505671715365,18.678522818307233,19.4739933013916,2789800,0.0,0.0
2017-11-14 00:00:00-05:00,19.376433778492043,19.45898294840927,19.143796900328,19.406452178955078,2411700,0.0,0.0
2017-11-15 00:00:00-05:00,19.338916488876695,19.451482652811176,18.858631994676372,18.941181182861328,5099800,0.0,0.0
2017-11-16 00:00:00-05:00,19.03123002653757,19.428963797824064,18.986202427581464,19.421459197998047,3361200,0.0,0.0
2017-11-17 00:00:00-05:00,19.33140968119327,19.661604964898082,19.241355901507863,19.579055786132812,3111100,0.0,0.0
2017-11-20 00:00:00-05:00,19.57905293163229,19.789177432692593,19.398946829876056,19.421459197998047,2013500,0.0,0.0
2017-11-21 00:00:00-05:00,19.45147981456613,19.458984415247595,19.00871839385339,19.19632911682129,1536400,0.0,0.0
2017-11-22 00:00:00-05:00,19.263868722468082,19.64659476175163,19.24885952139276,19.398948669433594,1562000,0.0,0.0
2017-11-24 00:00:00-05:00,19.421461746153117,19.48149712128202,19.18882484644815,19.256364822387695,873500,0.0,0.0
2017-11-27 00:00:00-05:00,19.24885681605091,19.286379813465526,18.821104665016268,19.128786087036133,1847100,0.0,0.0
2017-11-28 00:00:00-05:00,19.061248629227467,19.211337775907726,18.806097938684736,19.17381477355957,1966100,0.0,0.0
2017-11-29 00:00:00-05:00,19.196326591413406,19.58655718737463,19.091265058406936,19.413955688476562,2644300,0.0,0.0
2017-11-30 00:00:00-05:00,19.458984279561005,19.67661197238102,19.29388592843249,19.646595001220703,3628200,0.0,0.0
2017-12-01 00:00:00-05:00,19.707187832136913,19.737482526733732,18.919505548227637,19.58600616455078,3227600,0.24,0.0
2017-12-04 00:00:00-05:00,19.442103773226457,20.138899133628556,19.389086970467524,19.88138771057129,4556500,0.0,0.0
2017-12-05 00:00:00-05:00,19.911680221557617,19.957122980694358,19.43452619452442,19.911680221557617,5937700,0.0,0.0
2017-12-06 00:00:00-05:00,20.070730100034154,22.085376854884736,19.44209974336422,21.956621170043945,6813600,0.0,0.0
2017-12-07 00:00:00-05:00,21.49461247969309,21.752123816515688,20.040431407765084,20.744800567626953,7178200,0.0,0.0
2017-12-08 00:00:00-05:00,20.74480066719825,21.20680655805617,20.57060224574656,20.616044998168945,4838000,0.0,0.0
2017-12-11 00:00:00-05:00,20.669066985910334,20.858413507461293,20.50244112240193,20.82811737060547,3416200,0.0,0.0
2017-12-12 00:00:00-05:00,20.828119463737245,21.009891969341563,20.669069063058267,20.858415603637695,2337700,0.0,0.0
2017-12-13 00:00:00-05:00,20.881134194342543,20.972021160436228,20.66149298023173,20.684213638305664,2633500,0.0,0.0
2017-12-14 00:00:00-05:00,20.66149138152191,20.790247064175716,20.15404268454504,20.36610984802246,2360000,0.0,0.0
2017-12-15 00:00:00-05:00,20.426702655974136,20.775101014172613,20.358537791209205,20.600902557373047,3130300,0.0,0.0
2017-12-18 00:00:00-05:00,20.72965783344081,21.002315842388914,20.510015174838877,20.979595184326172,4181900,0.0,0.0
2017-12-19 00:00:00-05:00,21.025041445740598,21.04018951670414,20.75238194679511,20.92658042907715,1530300,0.0,0.0
2017-12-20 00:00:00-05:00,21.032611762400975,21.509764356589642,20.91143010531816,21.093202590942383,2019700,0.0,0.0
2017-12-21 00:00:00-05:00,21.070479586330148,21.108349755421585,20.169189786343274,20.22220802307129,4314800,0.0,0.0
2017-12-22 00:00:00-05:00,20.207060033170105,20.313093617835555,19.760202148366776,19.866235733032227,2423600,0.0,0.0
2017-12-26 00:00:00-05:00,19.873813725481725,20.169193881370894,19.65417247855375,19.737483978271484,1234900,0.0,0.0
2017-12-27 00:00:00-05:00,19.805645026595986,20.032861709594727,19.752628233942723,20.032861709594727,1182600,0.0,0.0
2017-12-28 00:00:00-05:00,20.085883859027955,20.297951086198015,20.002570908582783,20.12375259399414,2052000,0.0,0.0
2017-12-29 00:00:00-05:00,20.207058043951044,20.207058043951044,19.752626170035377,19.858659744262695,1805200,0.0,0.0
2018-01-02 00:00:00-05:00,20.03286510683624,20.449426929410354,19.75263158366128,20.267654418945312,2193500,0.0,0.0
2018-01-03 00:00:00-05:00,20.297947150787127,20.343391357455292,19.699612875649866,20.18433952331543,2754000,0.0,0.0
2018-01-04 00:00:00-05:00,20.25250662793637,20.290376804346955,19.866239496145496,20.16162109375,2030100,0.0,0.0
2018-01-05 00:00:00-05:00,20.20705992124976,20.313093505327927,19.979843240883238,20.290372848510742,1847900,0.0,0.0
2018-01-08 00:00:00-05:00,20.24493061213142,20.31309547840252,19.775352027374268,19.926828384399414,3029700,0.0,0.0
2018-01-09 00:00:00-05:00,19.941972800732106,20.21463221587377,19.926824734424432,20.025285720825195,1776200,0.0,0.0
2018-01-10 00:00:00-05:00,19.957126718669436,19.957126718669436,19.61630234980923,19.66931915283203,1806600,0.0,0.0
2018-01-11 00:00:00-05:00,19.66931349849606,19.82836530644139,19.389081493191085,19.752626419067383,2286200,0.0,0.0
2018-01-12 00:00:00-05:00,19.8056412770105,20.040430504853127,19.692033679318843,19.964693069458008,1980300,0.0,0.0
2018-01-16 00:00:00-05:00,20.048005907344145,20.82053993579888,20.032859285989424,20.169187545776367,4154800,0.0,0.0
2018-01-17 00:00:00-05:00,20.229784337305016,20.313097280047785,19.904109490745896,20.055585861206055,1929700,0.0,0.0
2018-01-18 00:00:00-05:00,19.957122733293822,20.138895212186686,19.745054118952524,20.09345245361328,2213300,0.0,0.0
2018-01-19 00:00:00-05:00,20.1919122067821,20.456997616212924,19.79049707566689,19.90410614013672,2668300,0.0,0.0
2018-01-22 00:00:00-05:00,19.949552257423992,20.244932407730886,19.782927816537963,20.055585861206055,3450900,0.0,0.0
2018-01-23 00:00:00-05:00,20.979601065561322,21.479475907462522,20.457004114628354,20.850845336914062,5950600,0.0,0.0
2018-01-24 00:00:00-05:00,20.956873313623895,20.97959541653745,20.38883374217901,20.570606231689453,4176400,0.0,0.0
2018-01-25 00:00:00-05:00,20.48728777899876,20.58574875382958,20.10102224573612,20.31308937072754,2896300,0.0,0.0
2018-01-26 00:00:00-05:00,20.35853400948784,20.366108042454727,20.01771119357243,20.23735237121582,2768500,0.0,0.0
2018-01-29 00:00:00-05:00,20.229782205814846,20.396408073744016,20.108600544375097,20.320669174194336,2145300,0.0,0.0
2018-01-30 00:00:00-05:00,20.222206249027607,20.237352870736167,19.77534840514504,20.025285720825195,2917800,0.0,0.0
2018-01-31 00:00:00-05:00,20.10102653503418,20.23735481107694,19.972270848272196,20.10102653503418,3112500,0.0,0.0
2018-02-01 00:00:00-05:00,20.085878464133916,20.154043324444267,19.56328168328765,19.805644989013672,2517500,0.0,0.0
2018-02-02 00:00:00-05:00,19.71475990269806,19.767776696409847,19.275476040315585,19.283048629760742,2913600,0.0,0.0
2018-02-05 00:00:00-05:00,19.16944584627802,19.25275879719409,18.48779850083646,18.533241271972656,3947900,0.0,0.0
2018-02-06 00:00:00-05:00,18.184838331751862,19.184587637021156,18.02578651795038,19.063405990600586,4381900,0.0,0.0
2018-02-07 00:00:00-05:00,18.96494595198263,19.623870956703612,18.934649818864862,19.495115280151367,3764400,0.0,0.0
2018-02-08 00:00:00-05:00,19.449673128045532,19.5178379850746,19.070980119928134,19.078554153442383,2515500,0.0,0.0
2018-02-09 00:00:00-05:00,19.20730798940262,19.457245292973276,18.3666091298472,18.87405776977539,4760700,0.0,0.0
2018-02-12 00:00:00-05:00,18.934653914880638,19.199739358608856,18.836194350147014,19.033113479614258,4989000,0.0,0.0
2018-02-13 00:00:00-05:00,19.033109258429093,19.752626525458957,19.025536669790114,19.623870849609375,2740600,0.0,0.0
2018-02-14 00:00:00-05:00,19.54055919003301,20.42670091170888,19.51026449972403,20.403980255126953,3550300,0.0,0.0
2018-02-15 00:00:00-05:00,20.52516679955909,21.032615623473266,20.487296621894114,20.873563766479492,4706500,0.0,0.0
2018-02-16 00:00:00-05:00,20.82054685340181,21.585507103036818,20.684217103720385,21.237110137939453,3520100,0.0,0.0
2018-02-20 00:00:00-05:00,21.07805697523941,21.297699657133563,20.50244331481964,20.578182220458984,4884400,0.0,0.0
2018-02-21 00:00:00-05:00,20.62362171125965,20.669065914187033,20.002565383911133,20.002565383911133,3109000,0.0,0.0
2018-02-22 00:00:00-05:00,20.101026531891605,20.184338015360392,19.78292433197639,19.805644989013672,3031500,0.0,0.0
2018-02-23 00:00:00-05:00,19.798066733578768,20.38125421650305,19.79049270131494,20.31308937072754,2282200,0.0,0.0
2018-02-26 00:00:00-05:00,20.358538089763442,20.585754790511757,20.26765256514361,20.35096549987793,4551900,0.0,0.0
2018-02-27 00:00:00-05:00,20.388830971513553,20.464569859667144,19.639019012451172,19.639019012451172,2748700,0.0,0.0
2018-02-28 00:00:00-05:00,19.6390252288487,19.813223715522117,19.17701916501089,19.184593200683594,3772900,0.0,0.0
2018-03-01 00:00:00-05:00,19.18459128877308,19.260330193352495,18.70743864574185,19.033113479614258,4092900,0.0,0.0
2018-03-02 00:00:00-05:00,18.84376575442204,18.88163592662789,18.555959668654385,18.69986343383789,4221600,0.0,0.0
2018-03-05 00:00:00-05:00,18.83619194639362,19.64659479939621,18.83619194639362,19.540559768676758,8492100,0.0,0.0
2018-03-06 00:00:00-05:00,19.661743666813376,19.820795508746468,19.389085636441468,19.517841339111328,5145800,0.0,0.0
2018-03-07 00:00:00-05:00,21.880886262993076,22.320170189309255,21.22196109581855,21.75970458984375,9447900,0.0,0.0
2018-03-08 00:00:00-05:00,21.835444653955808,21.888461458193508,20.911433986071224,20.956876754760742,5478900,0.0,0.0
2018-03-09 00:00:00-05:00,21.047761914579237,21.047761914579237,20.313096420602832,20.972023010253906,5331300,0.0,0.0
2018-03-12 00:00:00-04:00,21.033140080794624,21.323462470174928,20.956738991832577,21.22414207458496,3946400,0.24,0.0
2018-03-13 00:00:00-04:00,21.254708635929983,21.346390264325095,20.6893427229786,20.77338409423828,3279200,0.0,0.0
2018-03-14 00:00:00-04:00,20.796296142474116,20.903258247768996,20.284410751086426,20.337892532348633,4027900,0.0,0.0
2018-03-15 00:00:00-04:00,20.35317783215713,20.49833979711506,20.055215102659776,20.406658172607422,3827100,0.0,0.0
2018-03-16 00:00:00-04:00,20.376095645015734,20.79629950804432,20.2767752353429,20.666418075561523,5177700,0.0,0.0
2018-03-19 00:00:00-04:00,20.61293279714745,20.681693624742092,19.925325978430465,19.932966232299805,4440100,0.0,0.0
2018-03-20 00:00:00-04:00,19.994088971017504,20.101049622311297,19.818367484683534,20.017009735107422,2970700,0.0,0.0
2018-03-21 00:00:00-04:00,19.978812172929644,20.070493789090705,19.68084947055844,19.74197006225586,2016500,0.0,0.0
2018-03-22 00:00:00-04:00,19.612088694345655,19.70377031084143,19.237724886678464,19.245365142822266,2314600,0.0,0.0
2018-03-23 00:00:00-04:00,19.359961375709698,19.749605601175386,19.298840798610936,19.482202529907227,3514200,0.0,0.0
2018-03-26 00:00:00-04:00,19.61972642694691,19.84128799769991,19.528044822243473,19.703767776489258,3306900,0.0,0.0
2018-03-27 00:00:00-04:00,19.711409632018135,19.76489142644178,19.039083103078323,19.14604377746582,2815200,0.0,0.0
2018-03-28 00:00:00-04:00,19.17660577658638,19.390527136223717,18.96268295971908,19.214805603027344,2548400,0.0,0.0
2018-03-29 00:00:00-04:00,19.2988417063972,19.596804351615667,19.2988417063972,19.413442611694336,1857000,0.0,0.0
2018-04-02 00:00:00-04:00,19.329402527988357,19.428724387689716,18.565394499890324,18.771677017211914,4153000,0.0,0.0
2018-04-03 00:00:00-04:00,18.924479439117338,19.39816360633141,18.855718599162117,19.352323532104492,2154800,0.0,0.0
2018-04-04 00:00:00-04:00,19.084917560342838,19.66556375649377,19.008516476622813,19.612083435058594,2051200,0.0,0.0
2018-04-05 00:00:00-04:00,19.810730910069193,19.971171916813734,19.57388879939541,19.74197006225586,2349900,0.0,0.0
2018-04-06 00:00:00-04:00,19.56624637132724,19.772527434639144,19.237722680960186,19.489845275878906,2693500,0.0,0.0
2018-04-09 00:00:00-04:00,19.604448648379506,19.66556924095534,19.314126197951765,19.359966278076172,1480100,0.0,0.0
2018-04-10 00:00:00-04:00,19.642647055492386,19.910050175185596,19.451645035315774,19.696128845214844,5443500,0.0,0.0
2018-04-11 00:00:00-04:00,19.635006155385238,20.00172964513639,19.635006155385238,19.780166625976562,2311700,0.0,0.0
2018-04-12 00:00:00-04:00,19.910043666467384,20.27676853281644,19.74196246826148,20.070486068725586,2533900,0.0,0.0
2018-04-13 00:00:00-04:00,20.162175311134188,20.38373838178531,19.856572331986047,19.90241241455078,1856700,0.0,0.0
2018-04-16 00:00:00-04:00,20.078133423660777,20.330256038761583,19.94825198817068,20.200374603271484,2059200,0.0,0.0
2018-04-17 00:00:00-04:00,20.368454659938887,20.551816418543346,20.093411293417343,20.215652465820312,2909800,0.0,0.0
2018-04-18 00:00:00-04:00,20.284412473634617,20.52125601050563,20.200372581830713,20.391374588012695,2518500,0.0,0.0
2018-04-19 00:00:00-04:00,20.3455329234826,20.368453688676333,19.780167163770695,20.116331100463867,1906400,0.0,0.0
2018-04-20 00:00:00-04:00,20.131614270833232,20.735179928395,20.055213167321277,20.704620361328125,4036100,0.0,0.0
2018-04-23 00:00:00-04:00,20.81158041961357,20.94910211044312,20.658779674315024,20.7275390625,3751600,0.0,0.0
2018-04-24 00:00:00-04:00,20.788659003515217,20.89562112484005,20.28441379102449,20.38373565673828,3072500,0.0,0.0
2018-04-25 00:00:00-04:00,20.46778065289773,21.888834933103933,20.46778065289773,21.483911514282227,5182400,0.0,0.0
2018-04-26 00:00:00-04:00,21.667270841240178,22.079834470027215,21.38458719446233,21.81243133544922,2706100,0.0,0.0
2018-04-27 00:00:00-04:00,21.81243107579782,21.98051379353566,21.545029401632778,21.5603084564209,2064000,0.0,0.0
2018-04-30 00:00:00-04:00,21.54502792489013,21.590868000572186,21.117182361091853,21.12482261657715,2347300,0.0,0.0
2018-05-01 00:00:00-04:00,21.132465783540713,21.224147404765784,20.68934110495106,21.163026809692383,1930700,0.0,0.0
2018-05-02 00:00:00-04:00,21.163024215955705,21.163024215955705,20.376095375755316,20.414295196533203,2655000,0.0,0.0
2018-05-03 00:00:00-04:00,20.39137377664992,20.45249435790701,20.055209851121123,20.269132614135742,2524600,0.0,0.0
2018-05-04 00:00:00-04:00,20.20800937612289,21.06369740122447,20.101047280063135,21.00257682800293,3055400,0.0,0.0
2018-05-07 00:00:00-04:00,20.98730209014683,21.17066386022064,20.81158057597982,21.140104293823242,1848500,0.0,0.0
2018-05-08 00:00:00-04:00,20.987304181954848,21.315827932542284,20.91854332917004,21.25470733642578,2122400,0.0,0.0
2018-05-09 00:00:00-04:00,21.407507721474143,21.407507721474143,20.880341714359858,20.92618179321289,1806700,0.0,0.0
2018-05-10 00:00:00-04:00,21.063699642041705,21.315822215555766,20.910898921347172,21.22414207458496,1160400,0.0,0.0
2018-05-11 00:00:00-04:00,21.239422854046214,21.36166402343583,21.025501536229232,21.277624130249023,2033700,0.0,0.0
2018-05-14 00:00:00-04:00,21.36930790729641,21.50682961051905,21.086625701543145,21.163026809692383,1904800,0.0,0.0
2018-05-15 00:00:00-04:00,21.0407829360987,21.323465105799954,20.941461071002777,21.239423751831055,2262600,0.0,0.0
2018-05-16 00:00:00-04:00,21.178303247216686,21.38458577654747,21.071342583369503,21.346385955810547,2216000,0.0,0.0
2018-05-17 00:00:00-04:00,21.315823702766288,21.376944286754412,21.033141548282337,21.19358253479004,1713000,0.0,0.0
2018-05-18 00:00:00-04:00,21.19358521192039,21.338747163689874,21.117184107976986,21.14774513244629,1564300,0.0,0.0
2018-05-21 00:00:00-04:00,21.300543414811965,21.499185679154355,21.269983851113736,21.308183670043945,1351500,0.0,0.0
2018-05-22 00:00:00-04:00,21.308184253225907,21.49918626756384,21.22414435783343,21.315824508666992,891700,0.0,0.0
2018-05-23 00:00:00-04:00,21.24706212188539,21.315822958625276,20.972020232155447,21.2088623046875,1317600,0.0,0.0
2018-05-24 00:00:00-04:00,21.224145151116865,21.476267761177194,21.124823283900195,21.438066482543945,1580300,0.0,0.0
2018-05-25 00:00:00-04:00,21.384585192265288,21.583227460575316,21.3387451171875,21.3387451171875,1130400,0.0,0.0
2018-05-29 00:00:00-04:00,21.247064090326948,21.445706364064396,21.20122401399669,21.346385955810547,1530400,0.0,0.0
2018-05-30 00:00:00-04:00,21.42278785165154,21.62142867555062,21.331106238349822,21.4686279296875,1290100,0.0,0.0
2018-05-31 00:00:00-04:00,21.47626824165581,21.47626824165581,20.94146198666358,20.972023010253906,2086900,0.0,0.0
2018-06-01 00:00:00-04:00,21.094262352467283,21.36166399943811,21.078981842003326,21.308183670043945,1298500,0.0,0.0
2018-06-04 00:00:00-04:00,21.3922258819714,21.60614866539382,21.28526521887506,21.567947387695312,1916000,0.0,0.0
2018-06-05 00:00:00-04:00,21.529745911033423,21.713107658191788,21.399864491309213,21.651987075805664,1856100,0.0,0.0
2018-06-06 00:00:00-04:00,21.65199003561564,22.102754938793602,21.575588932881608,22.02635383605957,2094500,0.0,0.0
2018-06-07 00:00:00-04:00,22.02635597198716,22.20971776199179,21.927035548862555,22.110397338867188,2426700,0.0,0.0
2018-06-08 00:00:00-04:00,22.11039487455398,22.37779800163523,21.980513438956216,22.270835876464844,2321300,0.0,0.0
2018-06-11 00:00:00-04:00,22.370158352188422,22.576439437775985,22.04927488243796,22.446557998657227,3161000,0.0,0.0
2018-06-12 00:00:00-04:00,22.767440022691282,22.775080278298983,22.194433967181638,22.614639282226562,7990800,0.0,0.0
2018-06-13 00:00:00-04:00,18.198669833704905,18.88627672362656,17.82430609871678,18.557754516601562,30730600,0.0,0.0
2018-06-14 00:00:00-04:00,18.687635446462718,18.718196466694902,17.961828702704175,18.160470962524414,10459600,0.0,0.0
2018-06-15 00:00:00-04:00,18.061148857158177,18.198670531864195,17.954188202266668,18.07642936706543,6737100,0.0,0.0
2018-06-18 00:00:00-04:00,17.95418985789402,18.221592977010733,17.90070952551663,17.992389678955078,6308500,0.0,0.0
2018-06-19 00:00:00-04:00,17.877791118075123,18.336196317457553,17.78611095253661,18.328556060791016,6200000,0.0,0.0
2018-06-20 00:00:00-04:00,18.33618909995014,18.4660704976973,18.198667448543816,18.38966941833496,4787400,0.0,0.0
2018-06-21 00:00:00-04:00,18.35106846947318,18.513193311857258,18.08857936725973,18.127180099487305,4038800,0.25,0.0
2018-06-22 00:00:00-04:00,18.142628047777258,18.181228795039477,17.748894241101326,17.756614685058594,4679600,0.0,0.0
2018-06-25 00:00:00-04:00,17.756606548818127,17.86468976964691,17.50183790506211,17.748886108398438,3400100,0.0,0.0
2018-06-26 00:00:00-04:00,17.84153570826288,17.91101822205506,17.640808609810364,17.648529052734375,3852500,0.0,0.0
2018-06-27 00:00:00-04:00,17.648525938126518,17.679406231848894,17.370595932006836,17.370595932006836,3948100,0.0,0.0
2018-06-28 00:00:00-04:00,17.36287815929024,17.586766581416867,17.331997860821257,17.54816436767578,2904300,0.0,0.0
2018-06-29 00:00:00-04:00,17.555885424582065,17.71801178291852,17.486402909941294,17.586767196655273,3320700,0.0,0.0
2018-07-02 00:00:00-04:00,17.486404488614166,18.289312964716835,17.447803742561725,17.972782135009766,5270400,0.0,0.0
2018-07-03 00:00:00-04:00,18.042259287331188,18.227545463793135,18.00365708024101,18.049978256225586,1932300,0.0,0.0
2018-07-05 00:00:00-04:00,18.0731401828322,18.219825629616427,17.87241311684423,18.18894386291504,3312100,0.0,0.0
2018-07-06 00:00:00-04:00,18.24298721247679,18.273868982107334,18.05770101226501,18.150344848632812,2257700,0.0,0.0
2018-07-09 00:00:00-04:00,18.188943773582533,18.459153340797847,18.104021860618168,18.281587600708008,2722500,0.0,0.0
2018-07-10 00:00:00-04:00,18.304751055699832,18.451436530633163,18.24298898296853,18.343353271484375,2822500,0.0,0.0
2018-07-11 00:00:00-04:00,18.227543182763203,18.598115489312963,18.150340250767805,18.497751235961914,2332800,0.0,0.0
2018-07-12 00:00:00-04:00,18.598123947856372,18.598123947856372,18.44371801364079,18.574962615966797,1911300,0.0,0.0
2018-07-13 00:00:00-04:00,18.60584444092926,18.713927711650975,18.44371806232256,18.474599838256836,2190400,0.0,0.0
2018-07-16 00:00:00-04:00,18.505477511063418,18.55952061126603,18.3047504135969,18.52863883972168,2853900,0.0,0.0
2018-07-17 00:00:00-04:00,18.466880969284784,18.60584602779289,18.35107724470278,18.505481719970703,2285200,0.0,0.0
2018-07-18 00:00:00-04:00,18.50547607204084,18.876049939136887,18.40511326737395,18.86060905456543,2585600,0.0,0.0
2018-07-19 00:00:00-04:00,18.82973008786191,18.899212606250803,18.73708771169273,18.845170974731445,2481100,0.0,0.0
2018-07-20 00:00:00-04:00,18.837451934814453,18.922375346400255,18.70620733169282,18.837451934814453,2425800,0.0,0.0
2018-07-23 00:00:00-04:00,18.845167753697876,19.053615273236513,18.76024436295463,18.984132766723633,1882200,0.0,0.0
2018-07-24 00:00:00-04:00,19.01501590289148,19.331548186798642,18.87605234163281,19.323827743530273,2243100,0.0,0.0
2018-07-25 00:00:00-04:00,19.292944357950024,19.43190938011797,19.192581548897543,19.393308639526367,2204500,0.0,0.0
2018-07-26 00:00:00-04:00,19.377865805980434,19.68667611723626,19.316103743729272,19.594032287597656,2287900,0.0,0.0
2018-07-27 00:00:00-04:00,19.624922012145547,19.624922012145547,19.161705621183298,19.200307846069336,2111100,0.0,0.0
2018-07-30 00:00:00-04:00,19.20801845753013,19.470507582399943,19.192579046820597,19.354703903198242,1822700,0.0,0.0
2018-07-31 00:00:00-04:00,19.38558597038483,19.462787442701106,19.21573919723215,19.42418670654297,2677200,0.0,0.0
2018-08-01 00:00:00-04:00,19.455066774387195,19.586311327395848,19.231178401156853,19.262060165405273,2213400,0.0,0.0
2018-08-02 00:00:00-04:00,19.20030782424739,19.470516035520976,19.17714648934209,19.431915283203125,1586900,0.0,0.0
2018-08-03 00:00:00-04:00,19.470510882344353,19.694399309600378,19.455071469018083,19.57087516784668,1497900,0.0,0.0
2018-08-06 00:00:00-04:00,19.570875029161673,19.864244495616816,19.570875029161673,19.76388168334961,1957200,0.0,0.0
2018-08-07 00:00:00-04:00,19.802483435149313,19.918287139063548,19.75616224808842,19.77932357788086,2033300,0.0,0.0
2018-08-08 00:00:00-04:00,19.725276466359,19.91056412199544,19.60947278597899,19.841081619262695,1509500,0.0,0.0
2018-08-09 00:00:00-04:00,19.86423983381368,19.933722330816877,19.76387704509993,19.787036895751953,2055400,0.0,0.0
2018-08-10 00:00:00-04:00,19.740722602306626,20.05725343341136,19.694401412334344,19.964611053466797,1530400,0.0,0.0
2018-08-13 00:00:00-04:00,19.918288904236512,19.949170680029866,19.779325330738775,19.848806381225586,1473000,0.0,0.0
2018-08-14 00:00:00-04:00,19.918289619853773,20.211660610334288,19.879688871249364,20.149898529052734,2355700,0.0,0.0
2018-08-15 00:00:00-04:00,20.157616738484,20.242538670503574,20.00321081613639,20.180776596069336,2287400,0.0,0.0
2018-08-16 00:00:00-04:00,20.265695482433696,20.466422547724452,20.257975040785166,20.358339309692383,3496700,0.0,0.0
2018-08-17 00:00:00-04:00,20.342900514109754,20.497304945355268,20.304298301905504,20.396942138671875,1475600,0.0,0.0
2018-08-20 00:00:00-04:00,20.48958890346899,20.62855246969116,20.35062386472278,20.412385940551758,2164900,0.0,0.0
2018-08-21 00:00:00-04:00,20.458706650631523,20.713475391530878,20.458706650631523,20.636272430419922,2182500,0.0,0.0
2018-08-22 00:00:00-04:00,20.56678410589641,20.759790717918783,20.40465925860894,20.505022048950195,1731200,0.0,0.0
2018-08-23 00:00:00-04:00,20.52046637270493,20.62082917987754,20.242536333574876,20.304298400878906,2637100,0.0,0.0
2018-08-24 00:00:00-04:00,20.366068153694236,20.474152916656944,20.273425754039792,20.435550689697266,2211400,0.0,0.0
2018-08-27 00:00:00-04:00,20.543628188023163,20.605390256793957,20.38922227983424,20.535907745361328,2413600,0.0,0.0
2018-08-28 00:00:00-04:00,20.520471528837067,20.566792722823152,20.12673769864483,20.15761947631836,2894700,0.0,0.0
2018-08-29 00:00:00-04:00,20.064967304488473,21.01455948674519,19.86424025032855,20.312015533447266,5572700,0.0,0.0
2018-08-30 00:00:00-04:00,20.366059591226254,21.22300952662801,20.312017968727723,21.099485397338867,4267700,0.0,0.0
2018-08-31 00:00:00-04:00,21.1535280503106,21.261612773096676,20.497305161167397,20.89103889465332,3521900,0.0,0.0
2018-09-04 00:00:00-04:00,20.829276662221762,20.844717547143887,20.58222839356313,20.628549575805664,2204700,0.0,0.0
2018-09-05 00:00:00-04:00,20.628549622356022,20.70575257461702,20.265697661010325,20.304298400878906,3579900,0.0,0.0
2018-09-06 00:00:00-04:00,20.3274631038955,20.489589477818704,20.25798058257471,20.427825927734375,1845900,0.0,0.0
2018-09-07 00:00:00-04:00,20.381503306973183,20.42782449376074,20.18077620086181,20.203937530517578,1614100,0.0,0.0
2018-09-10 00:00:00-04:00,20.28114056938132,20.36606250006948,19.66351836219809,19.87968635559082,3209200,0.0,0.0
2018-09-11 00:00:00-04:00,19.825114905469544,19.92646167184327,19.622419885761595,19.87968635559082,2278700,0.25,0.0
2018-09-12 00:00:00-04:00,19.81732196424716,19.996628611235625,19.723769829710157,19.918668746948242,1873200,0.0,0.0
2018-09-13 00:00:00-04:00,19.942050907202283,19.942050907202283,19.36515047127693,19.435314178466797,2261400,0.0,0.0
2018-09-14 00:00:00-04:00,19.427518861276063,19.552254015525,19.27159917498473,19.497682571411133,3555700,0.0,0.0
2018-09-17 00:00:00-04:00,19.560048814248336,19.79392684077104,19.357353830680555,19.388538360595703,2760600,0.0,0.0
2018-09-18 00:00:00-04:00,19.435313054407235,19.72376251220703,19.240414209476494,19.72376251220703,2301100,0.0,0.0
2018-09-19 00:00:00-04:00,19.76274791801987,19.957646809742037,19.739359515707417,19.770544052124023,2208400,0.0,0.0
2018-09-20 00:00:00-04:00,19.856296580707518,20.066787719726562,19.76274595467265,20.066787719726562,1902300,0.0,0.0
2018-09-21 00:00:00-04:00,20.199323157129,20.503364984569565,20.074587972181043,20.363039016723633,4827200,0.0,0.0
2018-09-24 00:00:00-04:00,20.300668653574807,20.386423152172153,19.700379728590924,19.80952262878418,4578200,0.0,0.0
2018-09-25 00:00:00-04:00,19.87968395839156,19.9966229784018,19.77833720423877,19.903072357177734,2436400,0.0,0.0
2018-09-26 00:00:00-04:00,20.00442185606525,20.34744431719244,20.00442185606525,20.105770111083984,2609600,0.0,0.0
2018-09-27 00:00:00-04:00,20.074585173694686,20.308463241128294,20.004421456072507,20.246095657348633,1557300,0.0,0.0
2018-09-28 00:00:00-04:00,20.331855290756703,20.386426750485484,20.066792640393402,20.074588775634766,3309600,0.0,0.0
2018-10-01 00:00:00-04:00,20.152543740538388,20.518953086017124,20.152543740538388,20.277278900146484,2733900,0.0,0.0
2018-10-02 00:00:00-04:00,20.28507613149826,20.4643827472705,20.18372787948058,20.21491241455078,2174500,0.0,0.0
2018-10-03 00:00:00-04:00,20.277278097315712,20.277278097315712,19.715969901302945,19.778337478637695,2975800,0.0,0.0
2018-10-04 00:00:00-04:00,19.692582752133614,19.809521781188668,19.357356445071478,19.536663055419922,2802800,0.0,0.0
2018-10-05 00:00:00-04:00,19.521076380374108,19.86409740614091,19.279400650950226,19.832914352416992,2832100,0.0,0.0
2018-10-08 00:00:00-04:00,19.770543441355144,20.737241735997742,19.70037972354588,20.667078018188477,2725300,0.0,0.0
2018-10-09 00:00:00-04:00,20.7372414573195,20.97111952223374,20.42540354178035,20.861976623535156,3025300,0.0,0.0
2018-10-10 00:00:00-04:00,20.815198880191705,21.220587379630416,20.706054507262557,20.74503517150879,4569400,0.0,0.0
2018-10-11 00:00:00-04:00,20.713853279176334,21.06467186728723,20.214912608939045,20.246095657348633,4811200,0.0,0.0
2018-10-12 00:00:00-04:00,20.440995759953537,20.51115948175452,19.747156163211095,20.02781105041504,2470600,0.0,0.0
2018-10-15 00:00:00-04:00,20.004419070192533,20.292870040120903,19.92645922802592,20.199317932128906,2721800,0.0,0.0
2018-10-16 00:00:00-04:00,20.331851423638373,20.90095580536737,20.105769492482672,20.861976623535156,2380700,0.0,0.0
2018-10-17 00:00:00-04:00,20.86197609664883,20.939935945304796,20.526749788300492,20.67487335205078,1940900,0.0,0.0
2018-10-18 00:00:00-04:00,20.58911648580112,20.63589179820214,20.10576812141639,20.261686325073242,2705200,0.0,0.0
2018-10-19 00:00:00-04:00,20.31625774096605,20.417605985807025,20.105768091989354,20.12135887145996,2074300,0.0,0.0
2018-10-22 00:00:00-04:00,20.160336027410235,20.2772750313615,20.066783932073154,20.136947631835938,2212600,0.0,0.0
2018-10-23 00:00:00-04:00,19.832911600955626,20.690467020323652,19.801727064597262,20.55793571472168,2808700,0.0,0.0
2018-10-24 00:00:00-04:00,20.518951988943833,20.784014560679214,19.87968395839156,19.903072357177734,2262900,0.0,0.0
2018-10-25 00:00:00-04:00,19.973240589371592,20.37083305004628,19.879688460003006,20.191526412963867,1880300,0.0,0.0
2018-10-26 00:00:00-04:00,20.035606059046316,20.121360557682397,19.747155053741793,19.87968635559082,2785600,0.0,0.0
2018-10-29 00:00:00-04:00,20.12915610166704,20.4487901461195,19.817318190854934,20.058992385864258,3092200,0.0,0.0
2018-10-30 00:00:00-04:00,20.08238136979818,20.77622092736807,20.08238136979818,20.737241744995117,2465800,0.0,0.0
2018-10-31 00:00:00-04:00,20.924343989612442,20.97891543839571,20.49556704606352,20.690465927124023,3790600,0.0,0.0
2018-11-01 00:00:00-04:00,20.791809527886056,20.822992570892318,20.57352227900129,20.628093719482422,2108200,0.0,0.0
2018-11-02 00:00:00-04:00,20.690464986878382,21.22838480354892,20.557933694301497,21.15042495727539,2998700,0.0,0.0
2018-11-05 00:00:00-05:00,21.181608163568907,21.415486200776954,20.916545595020963,21.04128074645996,2466200,0.0,0.0
2018-11-06 00:00:00-05:00,21.041283004429854,21.368713183834295,20.939936240620117,21.3375301361084,2022800,0.0,0.0
2018-11-07 00:00:00-05:00,21.438872304354653,22.13271169583198,21.438872304354653,22.078140258789062,2641900,0.0,0.0
2018-11-08 00:00:00-05:00,21.99238919679537,22.132716630167977,21.844267116644698,22.085941314697266,3302000,0.0,0.0
2018-11-09 00:00:00-05:00,22.09373579907036,22.452349002508367,21.969000642486673,22.397777557373047,2806400,0.0,0.0
2018-11-12 00:00:00-05:00,22.4523473185133,22.733002143256797,22.078141876828802,22.132713317871094,3653100,0.0,0.0
2018-11-13 00:00:00-05:00,22.20288194601874,22.405576976938253,21.82088028707986,21.930023193359375,2760300,0.0,0.0
2018-11-14 00:00:00-05:00,22.070347124998325,22.241859078387183,21.813080681875377,22.015775680541992,1885700,0.0,0.0
2018-11-15 00:00:00-05:00,21.914427313502156,22.00018179693143,21.532425743432913,21.96120262145996,2881400,0.0,0.0
2018-11-16 00:00:00-05:00,21.844266519247974,22.2340642737515,21.74291827037922,22.124919891357422,1625800,0.0,0.0
2018-11-19 00:00:00-05:00,22.062549821026096,22.312021604809793,21.742915817351037,21.797487258911133,2645900,0.0,0.0
2018-11-20 00:00:00-05:00,21.57140782173404,21.85985881470406,21.532428641017212,21.618183135986328,2005900,0.0,0.0
2018-11-21 00:00:00-05:00,21.65716331163854,21.953408944453233,21.5558150649406,21.641571044921875,1448500,0.0,0.0
2018-11-23 00:00:00-05:00,21.594791185652646,21.891036756102487,21.493442960290274,21.789690017700195,900900,0.0,0.0
2018-11-26 00:00:00-05:00,21.97679918963475,22.0157783727386,21.633776727870913,21.86765480041504,2197400,0.0,0.0
2018-11-27 00:00:00-05:00,21.805284890245083,21.97679684631949,21.61818215476784,21.664958953857422,2676200,0.0,0.0
2018-11-28 00:00:00-05:00,21.657164176509024,22.11712565429631,21.641571909169684,22.054758071899414,3175700,0.0,0.0
2018-11-29 00:00:00-05:00,22.039164079720567,22.14830696863323,21.87544825939123,22.015775680541992,4009700,0.0,0.0
2018-11-30 00:00:00-05:00,21.968585331973088,22.141627710619534,21.071908869522495,21.244951248168945,4303000,0.25,0.0
2018-12-03 00:00:00-05:00,21.449457593933463,22.125897102596817,21.331474080814186,22.00791358947754,3715400,0.0,0.0
2018-12-04 00:00:00-05:00,22.000045782424316,22.133760818294796,21.14269669953272,21.646095275878906,5108000,0.0,0.0
2018-12-06 00:00:00-05:00,21.504516137547114,22.220284473122152,20.859538208808445,21.787677764892578,4331700,0.0,0.0
2018-12-07 00:00:00-05:00,21.748346824412103,21.99217959091164,21.111234724739678,21.26854705810547,4597100,0.0,0.0
2018-12-10 00:00:00-05:00,21.284278529267795,22.015778378429967,21.18202655584075,21.929256439208984,3433900,0.0,0.0
2018-12-11 00:00:00-05:00,22.18881989463979,22.519174604000657,21.716885881474237,21.834869384765625,3472200,0.0,0.0
2018-12-12 00:00:00-05:00,22.141629470125658,22.385462273104267,21.91352820288549,22.05510902404785,4309700,0.0,0.0
2018-12-13 00:00:00-05:00,22.1258964644404,22.28320881089007,21.134833782629336,21.260683059692383,3531100,0.0,0.0
2018-12-14 00:00:00-05:00,21.095508049999882,21.535980584533988,21.02471763370523,21.221357345581055,2835800,0.0,0.0
2018-12-17 00:00:00-05:00,21.11910052085865,21.268547087740227,20.513449986870537,20.631433486938477,3228000,0.0,0.0
2018-12-18 00:00:00-05:00,20.749417198335586,20.883132233172205,20.324676293716774,20.466257095336914,3883200,0.0,0.0
2018-12-19 00:00:00-05:00,20.513451472704514,20.6393007485914,19.69543117943976,19.742624282836914,3514700,0.0,0.0
2018-12-20 00:00:00-05:00,19.687565962844,19.719027532574874,19.22349618244006,19.286420822143555,4190900,0.0,0.0
2018-12-21 00:00:00-05:00,19.28642138773968,19.561717257106498,18.759426952177535,18.830217361450195,4434600,0.0,0.0
2018-12-24 00:00:00-05:00,18.75156194802299,19.026857828599937,18.570653783733682,18.586383819580078,1678100,0.0,0.0
2018-12-26 00:00:00-05:00,18.68863684501306,19.5695818409375,18.578519095582962,19.53812026977539,3066300,0.0,0.0
2018-12-27 00:00:00-05:00,19.333613657106696,19.76622036150203,19.06618356703774,19.75835609436035,3214400,0.0,0.0
2018-12-28 00:00:00-05:00,19.89993611644829,20.049382701580953,19.656103319831054,19.844877243041992,2151300,0.0,0.0
2018-12-31 00:00:00-05:00,19.939262668136223,20.025783102034637,19.70329416600205,19.954994201660156,2139700,0.0,0.0
2019-01-02 00:00:00-05:00,19.695429694233066,20.135902126621712,19.65610086083308,20.12017059326172,3916700,0.0,0.0
2019-01-03 00:00:00-05:00,20.049379913910826,20.049379913910826,19.365074724947338,19.420133590698242,3608000,0.0,0.0
2019-01-04 00:00:00-05:00,19.64037183116542,20.025785446166992,19.57744718994561,20.025785446166992,2965200,0.0,0.0
2019-01-07 00:00:00-05:00,20.01005400827305,20.16736485017368,19.83701013186817,19.899934768676758,2923400,0.0,0.0
2019-01-08 00:00:00-05:00,20.10444189294281,20.183098070585107,19.81341598598065,20.017921447753906,3359900,0.0,0.0
2019-01-09 00:00:00-05:00,20.08084423806756,20.387601652318953,20.010053834741598,20.198827743530273,3290000,0.0,0.0
2019-01-10 00:00:00-05:00,20.151630120684906,20.277479364978348,19.970720519301917,20.13589859008789,3411100,0.0,0.0
2019-01-11 00:00:00-05:00,20.135902186274016,20.308944553021792,20.017918686207732,20.277482986450195,2593800,0.0,0.0
2019-01-14 00:00:00-05:00,20.080841216874195,20.419060148250644,20.07297545099454,20.112302780151367,3607400,0.0,0.0
2019-01-15 00:00:00-05:00,20.07297920354237,20.24602158451987,19.91566685702339,19.931398391723633,3872300,0.0,0.0
2019-01-16 00:00:00-05:00,19.97859266498254,20.065114610656508,19.49879283047497,19.68756675720215,4719500,0.0,0.0
2019-01-17 00:00:00-05:00,19.608910350490348,20.02578553789033,19.59317881505289,19.85274314880371,3205200,0.0,0.0
2019-01-18 00:00:00-05:00,19.766217006407786,20.253883999710958,19.663965048263066,20.159496307373047,2861700,0.0,0.0
2019-01-22 00:00:00-05:00,20.135903362323955,20.25388686928114,19.56958012854277,19.726892471313477,3552700,0.0,0.0
2019-01-23 00:00:00-05:00,19.821279167189942,20.246020070644875,19.821279167189942,19.954994201660156,2596200,0.0,0.0
2019-01-24 00:00:00-05:00,20.00218645485122,20.26175074603653,19.994320688422388,20.214557647705078,3097200,0.0,0.0
2019-01-25 00:00:00-05:00,20.35614055053512,20.426930960699664,20.1437708202833,20.379737854003906,3000500,0.0,0.0
2019-01-28 00:00:00-05:00,20.183093109270718,20.285346565142778,19.829141147008105,20.261749267578125,2964000,0.0,0.0
2019-01-29 00:00:00-05:00,20.25388428022722,20.28534734485611,19.92352960283133,20.175228118896484,2454300,0.0,0.0
2019-01-30 00:00:00-05:00,20.308944060449473,20.308944060449473,19.98645513464385,20.07297706604004,1677300,0.0,0.0
2019-01-31 00:00:00-05:00,19.49878724535682,19.522383041787947,18.059383653402993,18.554916381835938,12991100,0.0,0.0
2019-02-01 00:00:00-05:00,18.617844531032077,18.901006143748535,18.4841294917206,18.869543075561523,6252200,0.0,0.0
2019-02-04 00:00:00-05:00,18.845944567727738,18.869541867357075,18.44480097571994,18.578516006469727,3299500,0.0,0.0
2019-02-05 00:00:00-05:00,18.617845997094108,18.916737667198625,18.57065289133903,18.822351455688477,5185700,0.0,0.0
2019-02-06 00:00:00-05:00,18.78301951719532,18.901004512472102,18.609977157826396,18.885272979736328,2348400,0.0,0.0
2019-02-07 00:00:00-05:00,18.783019100757713,18.893138327225156,18.743691770031734,18.861675262451172,2989300,0.0,0.0
2019-02-08 00:00:00-05:00,18.712237229593185,18.90101118837349,18.712237229593185,18.806623458862305,2509000,0.0,0.0
2019-02-11 00:00:00-05:00,18.798754290554882,18.96393241227169,18.743695416729878,18.830217361450195,2533500,0.0,0.0
2019-02-12 00:00:00-05:00,18.877409543177716,19.018990354790223,18.814484904710124,18.93246841430664,2472800,0.0,0.0
2019-02-13 00:00:00-05:00,19.02685779537982,19.1763028872317,18.893142739346867,19.074050903320312,2935100,0.0,0.0
2019-02-14 00:00:00-05:00,18.96393287087577,19.357212265127085,18.956067102961725,19.03472328186035,2469600,0.0,0.0
2019-02-15 00:00:00-05:00,19.0740477245529,19.105510791431023,18.830214957213897,18.956064224243164,3053500,0.0,0.0
2019-02-19 00:00:00-05:00,18.979658836000727,19.066180764257528,18.86954110930408,19.042583465576172,3268600,0.0,0.0
2019-02-20 00:00:00-05:00,18.97966189001241,19.12124270439926,18.75156063368829,18.79875373840332,4085300,0.0,0.0
2019-02-21 00:00:00-05:00,18.869544423983047,19.428001922276696,18.830217086180607,19.325748443603516,3323700,0.0,0.0
2019-02-22 00:00:00-05:00,19.39653775168835,19.86060751259607,19.388671984525644,19.726892471313477,3109400,0.0,0.0
2019-02-25 00:00:00-05:00,19.978593223429403,20.065115171521857,19.058319367259532,19.074050903320312,3906600,0.0,0.0
2019-02-26 00:00:00-05:00,19.011124634156964,19.1998985500235,18.963931530250758,19.089780807495117,1823300,0.0,0.0
2019-02-27 00:00:00-05:00,19.07405145872959,19.459465101990354,19.07405145872959,19.12911033630371,2623000,0.0,0.0
2019-02-28 00:00:00-05:00,19.07405375958956,19.07405375958956,18.822355145893503,18.995397567749023,4017900,0.0,0.0
2019-03-01 00:00:00-05:00,19.034724364808003,19.270691414686993,18.987529754638672,18.987529754638672,3270200,0.0,0.0
2019-03-04 00:00:00-05:00,19.018991146616703,19.026856914282845,18.80661992035619,18.822351455688477,2811300,0.0,0.0
2019-03-05 00:00:00-05:00,18.853814385614942,18.908874763248217,18.704369289907444,18.790889739990234,5484600,0.0,0.0
2019-03-06 00:00:00-05:00,18.845949533022978,18.940337256166867,18.50773048400879,18.50773048400879,5401100,0.0,0.0
2019-03-07 00:00:00-05:00,18.50773015415373,19.498794478412425,18.50773015415373,19.00326156616211,6898500,0.0,0.0
2019-03-08 00:00:00-05:00,18.893141540699908,19.640371453277993,18.84594693551175,19.62464141845703,4271600,0.0,0.0
2019-03-11 00:00:00-04:00,19.66396421884643,19.66396421884643,19.34147532567666,19.56171226501465,3012000,0.0,0.0
2019-03-12 00:00:00-04:00,19.601040133382114,19.601040133382114,18.712229586308943,18.979658126831055,4987300,0.0,0.0
2019-03-13 00:00:00-04:00,19.042583465576172,19.160568458741448,18.83021377840999,19.042583465576172,4096400,0.0,0.0
2019-03-14 00:00:00-04:00,19.042587831198748,19.270690603354545,18.932470079256973,19.074050903320312,3502000,0.0,0.0
2019-03-15 00:00:00-04:00,19.193259996332394,19.47142349225268,19.193259996332394,19.352210998535156,5195100,0.25,0.0
2019-03-18 00:00:00-04:00,19.39195115605765,19.431689671028504,19.105841427614244,19.328371047973633,2417400,0.0,0.0
2019-03-19 00:00:00-04:00,19.36810775571236,19.487320257762544,19.225052146904456,19.24889373779297,2452100,0.0,0.0
2019-03-20 00:00:00-04:00,19.32042191785454,19.344265025075853,18.82767649556794,18.915098190307617,3246500,0.0,0.0
2019-03-21 00:00:00-04:00,18.93099365843034,19.288632688599876,18.859465852396433,19.264789581298828,2816000,0.0,0.0
2019-03-22 00:00:00-04:00,19.19325784362788,19.352208828002794,19.16941625707989,19.1773624420166,2542800,0.0,0.0
2019-03-25 00:00:00-04:00,19.12968194310383,19.201209750152675,18.994574031552595,19.010469436645508,2124300,0.0,0.0
2019-03-26 00:00:00-04:00,19.081999942249016,19.328372692553867,18.962787418931793,19.30453109741211,2272200,0.0,0.0
2019-03-27 00:00:00-04:00,19.33631461985504,19.447579406263536,19.161469738946113,19.39989471435547,2093700,0.0,0.0
2019-03-28 00:00:00-04:00,19.47142319532072,19.535003292058434,19.161470413208008,19.161470413208008,2269400,0.0,0.0
2019-03-29 00:00:00-04:00,19.225053300783237,19.225053300783237,18.93099436326558,19.026365280151367,2846600,0.0,0.0
2019-04-01 00:00:00-04:00,19.10583787453717,19.37605214674099,19.03431007676087,19.336315155029297,4317000,0.0,0.0
2019-04-02 00:00:00-04:00,19.399895374913864,19.46347547157917,19.217102786484748,19.423738479614258,2651700,0.0,0.0
2019-04-03 00:00:00-04:00,19.51116119802606,19.622427509982558,19.376053295976078,19.391948699951172,2656700,0.0,0.0
2019-04-04 00:00:00-04:00,19.471422933679346,19.821114218972436,19.471422933679346,19.678058624267578,2211000,0.0,0.0
2019-04-05 00:00:00-04:00,19.69395507537893,19.94827547244815,19.686007373486877,19.813167572021484,2512900,0.0,0.0
2019-04-08 00:00:00-04:00,19.781374944511267,20.02774913289045,19.693953263479973,19.99595832824707,1857000,0.0,0.0
2019-04-09 00:00:00-04:00,19.980066305205824,19.980066305205824,19.67011348685476,19.701904296875,1890700,0.0,0.0
2019-04-10 00:00:00-04:00,19.69395922920877,19.932384272782244,19.69395922920877,19.924436569213867,1757400,0.0,0.0
2019-04-11 00:00:00-04:00,19.988013677397053,20.258229494626597,19.988013677397053,20.051593780517578,2726700,0.0,0.0
2019-04-12 00:00:00-04:00,20.186702082705466,20.52049800956344,20.107226573287996,20.49665641784668,2181100,0.0,0.0
2019-04-15 00:00:00-04:00,20.576130946322596,20.782766669832327,20.488709247972967,20.711238861083984,1928800,0.0,0.0
2019-04-16 00:00:00-04:00,20.750975328164678,21.07682352882795,20.72713222231036,21.052980422973633,2014700,0.0,0.0
2019-04-17 00:00:00-04:00,21.08477347016503,21.203985980359725,20.909927040401456,21.148353576660156,1898100,0.0,0.0
2019-04-18 00:00:00-04:00,21.11655985773379,21.46625115323924,21.068875163395944,21.458303451538086,2050800,0.0,0.0
2019-04-22 00:00:00-04:00,21.40267157472394,21.47419937590051,21.211931276876125,21.227825164794922,1579400,0.0,0.0
2019-04-23 00:00:00-04:00,21.259620656549863,21.259620656549863,20.695347340572805,20.909929275512695,4428900,0.0,0.0
2019-04-24 00:00:00-04:00,20.941711596814947,20.941711596814947,20.56023107178295,20.782760620117188,3051300,0.0,0.0
2019-04-25 00:00:00-04:00,20.687393408977048,20.72713039937025,20.425125331122484,20.695341110229492,2635400,0.0,0.0
2019-04-26 00:00:00-04:00,20.806607906753573,21.394724213448153,20.79866020473307,21.323196411132812,2721300,0.0,0.0
2019-04-29 00:00:00-04:00,21.267565700174956,21.49009682679656,21.2437225922218,21.482149124145508,1900900,0.0,0.0
2019-04-30 00:00:00-04:00,21.498041974423383,21.76031008575366,21.442409574424417,21.625202178955078,2840500,0.0,0.0
2019-05-01 00:00:00-04:00,21.704674351351287,21.74441285658083,21.005293333870096,21.021188735961914,3294500,0.0,0.0
2019-05-02 00:00:00-04:00,20.90197696648793,21.259615972370792,20.862239972887227,21.227825164794922,2294900,0.0,0.0
2019-05-03 00:00:00-04:00,21.291407764767577,21.362934053383416,21.156299858059068,21.18014144897461,1973200,0.0,0.0
2019-05-06 00:00:00-04:00,20.989395280315797,21.482142071833575,20.90197209572342,21.43445587158203,2649900,0.0,0.0
2019-05-07 00:00:00-04:00,21.31524724286867,21.633147722474988,21.243719445473616,21.33909034729004,2691100,0.0,0.0
2019-05-08 00:00:00-04:00,21.29140760002724,21.339092297358583,20.8622407764376,21.076824188232422,3100800,0.0,0.0
2019-05-09 00:00:00-04:00,20.941715161235052,21.39472355129922,20.901976652362425,21.299352645874023,2295500,0.0,0.0
2019-05-10 00:00:00-04:00,21.28346190850547,21.688785663786344,21.211934097816528,21.609310150146484,1631600,0.0,0.0
2019-05-13 00:00:00-04:00,21.291405418627715,21.672885989932436,21.21192992063864,21.59341049194336,2122100,0.0,0.0
2019-05-14 00:00:00-04:00,21.63314873292419,21.80799514177625,21.5536747462123,21.569568634033203,2009600,0.0,0.0
2019-05-15 00:00:00-04:00,21.505985487211237,21.80004435032483,21.39472070888827,21.776201248168945,1595100,0.0,0.0
2019-05-16 00:00:00-04:00,21.80799674987793,21.958998548460553,21.744416646298607,21.80799674987793,1398900,0.0,0.0
2019-05-17 00:00:00-04:00,21.70468429690359,21.903372366487506,21.450363810375325,21.474206924438477,2429900,0.0,0.0
2019-05-20 00:00:00-04:00,21.450361033737053,21.529836554456857,21.347043917909936,21.442413330078125,1650900,0.0,0.0
2019-05-21 00:00:00-04:00,21.529833332911146,21.815944558343347,21.410620827604145,21.7285213470459,1846800,0.0,0.0
2019-05-22 00:00:00-04:00,21.672885959533847,21.71262295053813,21.386774773522085,21.426511764526367,2029500,0.0,0.0
2019-05-23 00:00:00-04:00,21.347036631297577,21.64904168790285,21.21987644789862,21.633146286010742,1977800,0.0,0.0
2019-05-24 00:00:00-04:00,21.649041855393325,21.887468338012695,21.577514062194407,21.887468338012695,1585400,0.0,0.0
2019-05-28 00:00:00-04:00,21.92720908257042,21.99873688801963,21.50598995224389,21.53778076171875,3029800,0.0,0.0
2019-05-29 00:00:00-04:00,21.410620324236046,21.434461915215376,20.9735057938947,21.08477210998535,3258900,0.0,0.0
2019-05-30 00:00:00-04:00,21.108615763351867,21.25961908974111,21.060931060865027,21.188091278076172,1747700,0.0,0.0
2019-05-31 00:00:00-04:00,21.12450986629743,21.156300676573718,20.76687083003552,20.862241744995117,2844100,0.0,0.0
2019-06-03 00:00:00-04:00,20.814557423010953,21.283461272006914,20.663554103198027,21.140405654907227,2542500,0.0,0.0
2019-06-04 00:00:00-04:00,21.219880246316286,21.585465460061812,21.211932543947572,21.53778076171875,3233500,0.0,0.0
2019-06-05 00:00:00-04:00,21.696726376384646,21.935152857144836,21.513933802243436,21.895414352416992,2068600,0.0,0.0
2019-06-06 00:00:00-04:00,21.935158613807186,22.046423424507566,21.521887151392406,21.617258071899414,2016600,0.0,0.0
2019-06-07 00:00:00-04:00,21.704677685754692,21.8715764016208,21.585465183489877,21.625202178955078,2465700,0.0,0.0
2019-06-10 00:00:00-04:00,21.65698857764399,21.696725565016877,21.23576953849444,21.410615921020508,3819300,0.0,0.0
2019-06-11 00:00:00-04:00,21.831840394460198,23.278290539691287,21.54573065938089,22.078214645385742,7567200,0.0,0.0
2019-06-12 00:00:00-04:00,22.014631716828212,22.443797022426757,21.79210060393355,22.30868911743164,5594400,0.0,0.0
2019-06-13 00:00:00-04:00,22.308685960574604,22.706061917167293,22.2371581671184,22.594797134399414,2292300,0.0,0.0
2019-06-14 00:00:00-04:00,22.610695171095564,23.063703571857246,22.547115071267065,22.801435470581055,2846800,0.0,0.0
2019-06-17 00:00:00-04:00,22.872966957203094,22.912703957546597,22.45969548380532,22.53122329711914,2593400,0.0,0.0
2019-06-18 00:00:00-04:00,22.56300872225068,22.8173291188925,22.39611153040541,22.626588821411133,3057900,0.0,0.0
2019-06-19 00:00:00-04:00,22.586850926169152,22.841171312657934,22.467638434486172,22.74580192565918,3769600,0.0,0.0
2019-06-20 00:00:00-04:00,22.785906199458854,22.785906199458854,22.360825382971154,22.489152908325195,2783600,0.26,0.0
2019-06-21 00:00:00-04:00,22.4169701254336,22.449050860564675,22.232500161805227,22.376867294311523,2721700,0.0,0.0
2019-06-24 00:00:00-04:00,22.368845387037144,22.441028948962767,22.08813323484472,22.144275665283203,1467700,0.0,0.0
2019-06-25 00:00:00-04:00,22.168332352998366,22.457066555378432,22.15229275379545,22.352802276611328,3862600,0.0,0.0
2019-06-26 00:00:00-04:00,22.408946118928466,22.777882930011884,22.272599573578866,22.657577514648438,6568700,0.0,0.0
2019-06-27 00:00:00-04:00,22.753824040517603,23.32327041905553,22.71372121330381,23.267127990722656,3679000,0.0,0.0
2019-06-28 00:00:00-04:00,23.29118913489984,23.700227254418632,23.227024612878882,23.499717712402344,4375800,0.0,0.0
2019-07-01 00:00:00-04:00,23.62002217825075,23.756368713678363,23.05859490772147,23.227022171020508,3380500,0.0,0.0
2019-07-02 00:00:00-04:00,23.235044041586523,23.235044041586523,22.47310873705463,23.106718063354492,3042900,0.0,0.0
2019-07-03 00:00:00-04:00,23.186920287875033,23.523776335655363,22.994431336252873,23.331287384033203,1909800,0.0,0.0
2019-07-05 00:00:00-04:00,23.227028895377398,23.26713172903448,22.99443857923304,23.122764587402344,1606600,0.0,0.0
2019-07-08 00:00:00-04:00,23.122762484325836,23.451598041572044,23.106721352321983,23.35535430908203,3230900,0.0,0.0
2019-07-09 00:00:00-04:00,23.01849062405287,23.355346636640775,23.01849062405287,23.130775451660156,3255500,0.0,0.0
2019-07-10 00:00:00-04:00,23.122763385801374,23.17088525392248,22.72976481498467,22.809968948364258,2692200,0.0,0.0
2019-07-11 00:00:00-04:00,22.906207418700017,22.922248547641562,22.497167809288165,22.561330795288086,2236800,0.0,0.0
2019-07-12 00:00:00-04:00,22.553317231906437,22.753826803019603,22.529255532656872,22.721744537353516,2151100,0.0,0.0
2019-07-15 00:00:00-04:00,22.67362074144818,22.7137220403557,22.32072349794929,22.42498779296875,1747000,0.0,0.0
2019-07-16 00:00:00-04:00,22.4811333782979,22.850070250170745,22.4811333782979,22.809968948364258,2077400,0.0,0.0
2019-07-17 00:00:00-04:00,22.858092283330375,22.858092283330375,22.529256692162047,22.609460830688477,1694200,0.0,0.0
2019-07-18 00:00:00-04:00,22.53727552241505,22.785906955899023,22.46509195627993,22.601438522338867,3166500,0.0,0.0
2019-07-19 00:00:00-04:00,22.641537482698304,22.86610872409632,22.465089633592562,22.47311019897461,3140400,0.0,0.0
2019-07-22 00:00:00-04:00,22.56133572817331,22.625498728202043,22.360826161862693,22.376867294311523,1780000,0.0,0.0
2019-07-23 00:00:00-04:00,22.41696920789611,22.441029375817973,21.81544053358512,22.272602081298828,2289200,0.0,0.0
2019-07-24 00:00:00-04:00,22.23249831519869,22.553314818462287,22.064071027775118,22.44904899597168,2736100,0.0,0.0
2019-07-25 00:00:00-04:00,22.37686762885456,22.37686762885456,21.991889622926582,22.007930755615234,3249100,0.0,0.0
2019-07-26 00:00:00-04:00,22.02396828509034,22.14427523916232,21.94376568873098,22.015949249267578,1680300,0.0,0.0
2019-07-29 00:00:00-04:00,22.064069742700596,22.35280396691454,22.048028612518404,22.28864097595215,1505400,0.0,0.0
2019-07-30 00:00:00-04:00,22.25655339576511,22.441021759469052,22.112186318165154,22.344778060913086,1947800,0.0,0.0
2019-07-31 00:00:00-04:00,22.304680687984405,22.392905374661574,22.120212279265214,22.208436965942383,2771800,0.0,0.0
2019-08-01 00:00:00-04:00,22.24052017865354,22.521233870507647,21.97584761885202,22.03199005126953,2142800,0.0,0.0
2019-08-02 00:00:00-04:00,22.03199005126953,22.160316048157142,21.83950105593811,22.03199005126953,1349700,0.0,0.0
2019-08-05 00:00:00-04:00,21.9598018741776,21.975843002860778,21.270050168229584,21.414417266845703,2101800,0.0,0.0
2019-08-06 00:00:00-04:00,21.446501041568172,21.606909291658297,21.358276351041958,21.582847595214844,1796000,0.0,0.0
2019-08-07 00:00:00-04:00,21.454523425020962,21.783358988780147,21.31817685982082,21.73523712158203,2143800,0.0,0.0
2019-08-08 00:00:00-04:00,21.863562029659555,22.248540007567758,21.831479766617285,22.216459274291992,2952400,0.0,0.0
2019-08-09 00:00:00-04:00,22.13625587984481,22.160316048157142,21.81544088762578,22.03199005126953,2435100,0.0,0.0
2019-08-12 00:00:00-04:00,21.951787985490306,22.023970021952884,21.630971455686637,21.727216720581055,2320500,0.0,0.0
2019-08-13 00:00:00-04:00,21.711178263222465,22.344789304910158,21.638994688099395,22.28062629699707,2575700,0.0,0.0
2019-08-14 00:00:00-04:00,22.040007340846202,22.072089600182057,21.759293690722757,21.799396514892578,2103700,0.0,0.0
2019-08-15 00:00:00-04:00,21.847514943627576,22.064065570842796,21.735230113115723,21.85553550720215,2176200,0.0,0.0
2019-08-16 00:00:00-04:00,21.959803768225008,22.216457259993657,21.895640777724438,22.07209014892578,2647200,0.0,0.0
2019-08-19 00:00:00-04:00,22.304680852885497,22.328742548457083,22.19239599975088,22.200416564941406,1815200,0.0,0.0
2019-08-20 00:00:00-04:00,22.160311871327036,22.224474857677244,21.75127378944837,21.823455810546875,2089600,0.0,0.0
2019-08-21 00:00:00-04:00,21.911681969087482,21.9437642293107,21.59888758074297,21.695131301879883,2448200,0.0,0.0
2019-08-22 00:00:00-04:00,21.751278132430443,21.90366429933455,21.671074001037113,21.815441131591797,2166000,0.0,0.0
2019-08-23 00:00:00-04:00,21.759295680189155,21.87158206836474,21.350257544622636,21.422439575195312,2912000,0.0,0.0
2019-08-26 00:00:00-04:00,21.590870524267668,21.93574722887888,21.590870524267668,21.78335952758789,3187500,0.0,0.0
2019-08-27 00:00:00-04:00,21.855540869128443,21.879602565755334,21.34223691255308,21.574827194213867,3691900,0.0,0.0
2019-08-28 00:00:00-04:00,21.494621494988575,21.799396844218183,21.42243794015874,21.55878448486328,4137600,0.0,0.0
2019-08-29 00:00:00-04:00,20.820910784226886,20.88507530832969,19.14465236596888,19.545671463012695,9770100,0.0,0.0
2019-08-30 00:00:00-04:00,19.43338601389815,19.682018967501865,19.168713458260754,19.425365447998047,5237200,0.0,0.0
2019-09-03 00:00:00-04:00,19.337145418222686,19.66598102461637,19.289022015018652,19.45745086669922,6135700,0.0,0.0
2019-09-04 00:00:00-04:00,19.50557062041635,19.553692488624083,19.305061051489755,19.393285751342773,5540900,0.0,0.0
2019-09-05 00:00:00-04:00,19.505567332702373,19.545670157588223,19.31307836254935,19.441404342651367,3382100,0.0,0.0
2019-09-06 00:00:00-04:00,19.521612419865782,19.64993842598065,19.32912341069348,19.361204147338867,3506000,0.0,0.0
2019-09-09 00:00:00-04:00,19.385268664735666,19.481513948194095,19.22486036889391,19.409330368041992,4465300,0.0,0.0
2019-09-10 00:00:00-04:00,19.329120994077854,19.665977100455745,19.248916867841885,19.609834671020508,5635500,0.0,0.0
2019-09-11 00:00:00-04:00,19.529631989491968,19.778263422426196,19.497549724717704,19.762222290039062,3696400,0.0,0.0
2019-09-12 00:00:00-04:00,19.867595748921165,19.972971952498934,19.52714729309082,19.52714729309082,2937000,0.26,0.0
2019-09-13 00:00:00-04:00,19.535255987445073,19.972974605318978,19.535255987445073,19.591997146606445,2581600,0.0,0.0
2019-09-16 00:00:00-04:00,19.47041145860568,19.583893792846336,19.389351985827698,19.50283432006836,2278500,0.0,0.0
2019-09-17 00:00:00-04:00,19.486617812960766,19.640629064319498,19.421769017339766,19.494722366333008,2895600,0.0,0.0
2019-09-18 00:00:00-04:00,19.494722366333008,19.59199401368413,19.300180617711153,19.494722366333008,3015000,0.0,0.0
2019-09-19 00:00:00-04:00,19.54336608408852,19.54336608408852,19.19481141102427,19.25155258178711,2260100,0.0,0.0
2019-09-20 00:00:00-04:00,19.332607244325946,19.36503009979401,18.984052658081055,18.984052658081055,4488200,0.0,0.0
2019-09-23 00:00:00-04:00,18.927310460737832,19.35692293507102,18.846251007403872,19.243440628051758,2269500,0.0,0.0
2019-09-24 00:00:00-04:00,19.308287714939848,19.38934716757455,19.065110903116206,19.211017608642578,2314800,0.0,0.0
2019-09-25 00:00:00-04:00,19.227228688344628,19.332606442928853,19.065111325563468,19.0975341796875,2155400,0.0,0.0
2019-09-26 00:00:00-04:00,19.097534869184685,19.170488226198287,18.98405255653266,19.162382125854492,2356300,0.0,0.0
2019-09-27 00:00:00-04:00,19.243442792144858,19.340714456300756,18.773299765232768,18.911100387573242,3382300,0.0,0.0
2019-09-30 00:00:00-04:00,18.83814781615931,19.21912529574899,18.83814781615931,19.14617347717285,3359100,0.0,0.0
2019-10-01 00:00:00-04:00,19.162383757974702,19.356925544553857,18.94352521437358,18.959735870361328,2465400,0.0,0.0
2019-10-02 00:00:00-04:00,18.878678471678697,19.081326364868477,18.79761900518664,18.99216079711914,3909200,0.0,0.0
2019-10-03 00:00:00-04:00,18.878673646152922,19.097532139834716,18.73276695297817,19.089426040649414,2635300,0.0,0.0
2019-10-04 00:00:00-04:00,19.178592235067267,19.178592235067267,18.732767587340735,18.967838287353516,2206800,0.0,0.0
2019-10-07 00:00:00-04:00,18.90299241670181,19.21101803432286,18.87867566262891,19.0975341796875,3130900,0.0,0.0
2019-10-08 00:00:00-04:00,19.024577010680865,19.024577010680865,18.651705759576345,18.732765197753906,2405300,0.0,0.0
2019-10-09 00:00:00-04:00,18.797621318091178,18.967844827196554,18.716561841625367,18.85436248779297,2717300,0.0,0.0
2019-10-10 00:00:00-04:00,18.854356036420665,19.292074585832943,18.854356036420665,19.154273986816406,2906900,0.0,0.0
2019-10-11 00:00:00-04:00,19.25965173398926,19.37313403456274,19.1137450354917,19.154273986816406,2213100,0.0,0.0
2019-10-14 00:00:00-04:00,19.097532933175927,19.275864030500035,19.057003981646123,19.138063430786133,2049600,0.0,0.0
2019-10-15 00:00:00-04:00,19.178594694200413,19.251548052612552,18.63549832939928,19.00026512145996,4009700,0.0,0.0
2019-10-16 00:00:00-04:00,19.0164790407538,19.178597986405855,18.902996706445872,19.129962921142578,3150800,0.0,0.0
2019-10-17 00:00:00-04:00,19.178595014295194,19.33260783418916,19.089429453396484,19.227230072021484,1948800,0.0,0.0
2019-10-18 00:00:00-04:00,19.178595233705856,19.251548594170213,18.862465035747388,18.87057113647461,2109000,0.0,0.0
2019-10-21 00:00:00-04:00,18.951628963893484,19.292077462458305,18.951628963893484,19.235336303710938,2959900,0.0,0.0
2019-10-22 00:00:00-04:00,19.259654479966176,19.76222035080037,19.243442278692658,19.737903594970703,2382900,0.0,0.0
2019-10-23 00:00:00-04:00,19.737900232395106,20.078348670736684,19.575781339439935,19.948654174804688,3094700,0.0,0.0
2019-10-24 00:00:00-04:00,20.01350376516397,20.16751503080858,19.770325397269467,20.15941047668457,1720300,0.0,0.0
2019-10-25 00:00:00-04:00,20.183727946782486,20.49985968164497,20.102668487943887,20.410694122314453,2188600,0.0,0.0
2019-10-28 00:00:00-04:00,20.435014443222226,20.572815083467205,20.183731468451096,20.208049774169922,2043200,0.0,0.0
2019-10-29 00:00:00-04:00,20.17561748391805,20.31341807032425,20.13508853630221,20.191829681396484,1472200,0.0,0.0
2019-10-30 00:00:00-04:00,20.143202342759537,20.362062454223633,20.029718463066573,20.362062454223633,1562600,0.0,0.0
2019-10-31 00:00:00-04:00,20.37826985830147,20.37826985830147,20.07835186847305,20.256681442260742,2739000,0.0,0.0
2019-11-01 00:00:00-04:00,20.289105680621706,20.410694095680658,20.18372792044486,20.224258422851562,1661300,0.0,0.0
2019-11-04 00:00:00-05:00,20.289105680621706,20.507964209295583,20.19994012140754,20.224258422851562,2274600,0.0,0.0
2019-11-05 00:00:00-05:00,20.353953497584868,20.499860218096398,20.264787935921017,20.2810001373291,2794500,0.0,0.0
2019-11-06 00:00:00-05:00,20.31342584317772,20.37016700998378,20.062142870430517,20.362062454223633,2109100,0.0,0.0
2019-11-07 00:00:00-05:00,20.435010351458264,20.621447565810005,20.345846340504515,20.37826919555664,2414700,0.0,0.0
2019-11-08 00:00:00-05:00,20.07024655451822,20.24047003443051,19.211019961930987,19.794645309448242,7359000,0.0,0.0
2019-11-11 00:00:00-05:00,19.746008089249646,19.972972704292662,19.689266935488888,19.940549850463867,2426300,0.0,0.0
2019-11-12 00:00:00-05:00,19.940551495725874,20.070246013902903,19.843279834052797,19.924339294433594,1906500,0.0,0.0
2019-11-13 00:00:00-05:00,19.916228919627137,20.037817311064316,19.681158235659296,19.713581085205078,2587900,0.0,0.0
2019-11-14 00:00:00-05:00,19.737903093027704,20.07024548028018,19.697372590874615,20.054033279418945,2255300,0.0,0.0
2019-11-15 00:00:00-05:00,20.15130276916712,20.31342012208542,19.940548818900965,20.19993782043457,2119300,0.0,0.0
2019-11-18 00:00:00-05:00,20.143198144843474,20.264786554957112,19.90001977853568,20.151304244995117,2797900,0.0,0.0
2019-11-19 00:00:00-05:00,20.086460691570565,20.297214696111368,19.972976814614256,19.981082916259766,2281900,0.0,0.0
2019-11-20 00:00:00-05:00,19.891919440623216,19.940554505760932,19.73790659725946,19.851388931274414,3359000,0.0,0.0
2019-11-21 00:00:00-05:00,19.843285434238965,19.94055712336413,19.721696982393297,19.72980308532715,3012800,0.0,0.0
2019-11-22 00:00:00-05:00,19.762219820586047,19.964867692826218,19.656843607296608,19.867597579956055,2670500,0.0,0.0
2019-11-25 00:00:00-05:00,19.940553692035806,19.972976552110904,19.705481385648017,19.77843475341797,3558900,0.0,0.0
2019-11-26 00:00:00-05:00,19.786537170410156,20.029713986973,19.50282985369984,19.786537170410156,16600800,0.0,0.0
2019-11-27 00:00:00-05:00,19.851388926024658,20.264790844788035,19.58389374871669,20.037824630737305,3439800,0.0,0.0
2019-11-29 00:00:00-05:00,20.01350486459363,20.029715519812697,19.713585324872,19.76222038269043,1499100,0.0,0.0
2019-12-02 00:00:00-05:00,19.770325764096413,19.86759742227514,19.494724536350667,19.510936737060547,3363800,0.0,0.0
2019-12-03 00:00:00-05:00,19.373139793539814,19.45419926636584,19.121856819251892,19.129962921142578,4031000,0.0,0.0
2019-12-04 00:00:00-05:00,19.146173101986953,19.332608787531893,18.959735870361328,18.959735870361328,5177800,0.0,0.0
2019-12-05 00:00:00-05:00,19.016475085177465,19.373135763775252,18.47338028619702,18.93541717529297,6549400,0.0,0.0
2019-12-06 00:00:00-05:00,19.16494295519109,19.517420783044802,19.066577995105266,19.263309478759766,5822700,0.26,0.0
2019-12-09 00:00:00-05:00,19.312488289447714,19.451839925994992,18.943617413986725,18.960010528564453,5039300,0.0,0.0
2019-12-10 00:00:00-05:00,18.97640844875391,19.30429424856621,18.861648809690312,18.98460578918457,4794300,0.0,0.0
2019-12-11 00:00:00-05:00,18.943615100728138,18.98460022739148,18.787868805139205,18.869840621948242,4323000,0.0,0.0
2019-12-12 00:00:00-05:00,18.894431794795526,19.328881346052665,18.828854651538073,19.271501541137695,5846300,0.0,0.0
2019-12-13 00:00:00-05:00,19.32068119866456,19.48462481471354,19.156739146097774,19.255104064941406,3571800,0.0,0.0
2019-12-16 00:00:00-05:00,19.32068474868483,19.50921884734524,19.017391035793292,19.132150650024414,4885000,0.0,0.0
2019-12-17 00:00:00-05:00,19.181331634521484,19.566598704175515,19.132149169867784,19.181331634521484,3217500,0.0,0.0
2019-12-18 00:00:00-05:00,19.173130919101144,19.287892067720787,19.041976660806196,19.230510711669922,3879300,0.0,0.0
2019-12-19 00:00:00-05:00,19.2059268951416,19.435446144644843,19.2059268951416,19.2059268951416,5149000,0.0,0.0
2019-12-20 00:00:00-05:00,19.23870924368734,19.394455521396,19.123949651418947,19.369863510131836,4433400,0.0,0.0
2019-12-23 00:00:00-05:00,19.468232211385747,19.55020402813016,19.181331634521484,19.181331634521484,1995900,0.0,0.0
2019-12-24 00:00:00-05:00,19.181333118483114,19.238712925598676,19.00919369713643,19.132150650024414,994900,0.0,0.0
2019-12-26 00:00:00-05:00,19.205927022645994,19.26330683540274,19.0665753787442,19.173137664794922,1825800,0.0,0.0
2019-12-27 00:00:00-05:00,19.189532343720458,19.27150417486551,19.14854720988925,19.173137664794922,1710600,0.0,0.0
2019-12-30 00:00:00-05:00,19.230513100004945,19.263302450392,19.08296571371004,19.156740188598633,2566900,0.0,0.0
2019-12-31 00:00:00-05:00,19.115753910470506,19.27969753895629,19.107556572697984,19.24690818786621,2812500,0.0,0.0
2020-01-02 00:00:00-05:00,19.345274677654146,19.345274677654146,19.115753910470506,19.24690818786621,2865700,0.0,0.0
2020-01-03 00:00:00-05:00,19.091160680278367,19.27969473114209,19.009188877973504,19.230510711669922,2626600,0.0,0.0
2020-01-06 00:00:00-05:00,19.148543585113867,19.369865454782353,19.066571769485897,19.28789520263672,3233900,0.0,0.0
2020-01-07 00:00:00-05:00,19.263304648497225,19.361671147400557,19.20592484225464,19.279699325561523,2918800,0.0,0.0
2020-01-08 00:00:00-05:00,19.279697229162778,19.369864816247034,19.132148278592908,19.164936065673828,2328600,0.0,0.0
2020-01-09 00:00:00-05:00,19.230516332132595,19.34527751429325,19.082968921038976,19.222320556640625,3105000,0.0,0.0
2020-01-10 00:00:00-05:00,19.222318911318,19.402655662873862,19.074769949371195,19.386260986328125,2825300,0.0,0.0
2020-01-13 00:00:00-05:00,19.427239360762,19.591181365587467,19.32887290708133,19.484619140625,2735000,0.0,0.0
2020-01-14 00:00:00-05:00,19.50102451385207,19.623981475830078,19.443643139011904,19.623981475830078,2522200,0.0,0.0
2020-01-15 00:00:00-05:00,19.70594721662243,20.263352042938997,19.656763196241055,20.11580467224121,5251100,0.0,0.0
2020-01-16 00:00:00-05:00,20.173192006448495,20.583049615268774,20.173192006448495,20.46828842163086,4541200,0.0,0.0
2020-01-17 00:00:00-05:00,20.476482696713344,20.492877373848213,19.96826021339209,20.058427810668945,3794200,0.0,0.0
2020-01-21 00:00:00-05:00,20.042035313434933,20.16499226876323,19.910881019287082,19.951866149902344,5126500,0.0,0.0
2020-01-22 00:00:00-05:00,20.00924463641517,20.058427102601158,19.853498336096717,19.886287689208984,3008600,0.0,0.0
2020-01-23 00:00:00-05:00,19.80431806200692,20.09941601875143,19.71414889444997,19.96826171875,3064900,0.0,0.0
2020-01-24 00:00:00-05:00,19.98465502250123,20.091218869436076,19.566601664472515,19.623981475830078,2220900,0.0,0.0
2020-01-27 00:00:00-05:00,19.410851107861927,19.681356990552473,19.345273971557617,19.345273971557617,3264300,0.0,0.0
2020-01-28 00:00:00-05:00,19.419047400286036,19.484624533061265,19.22231600196035,19.44363784790039,2278900,0.0,0.0
2020-01-29 00:00:00-05:00,19.517415575440637,19.648569862882603,19.378063949598246,19.468233108520508,1746500,0.0,0.0
2020-01-30 00:00:00-05:00,19.312482963537263,19.369862757441748,18.91082284272375,19.23870849609375,3220200,0.0,0.0
2020-01-31 00:00:00-05:00,19.287895194505992,19.361669672191834,19.01738929748535,19.01738929748535,10591700,0.0,0.0
2020-02-03 00:00:00-05:00,19.0419792705697,19.222317573052752,18.46817970275879,18.46817970275879,3202200,0.0,0.0
2020-02-04 00:00:00-05:00,18.65671420297144,18.68950199104209,18.01733591902923,18.246856689453125,4067600,0.0,0.0
2020-02-05 00:00:00-05:00,18.3616212777028,19.14854873030238,18.27964944004911,19.082971572875977,4242800,0.0,0.0
2020-02-06 00:00:00-05:00,19.312486201953792,19.50921762696472,19.033782958984375,19.033782958984375,3668600,0.0,0.0
2020-02-07 00:00:00-05:00,18.976402543966408,19.033782345643637,18.246856670957648,18.287841796875,2276200,0.0,0.0
2020-02-10 00:00:00-05:00,18.21407017240672,18.287844661399525,17.714044991267546,17.763227462768555,2303900,0.0,0.0
2020-02-11 00:00:00-05:00,17.935364399623545,18.205870300470604,17.853394146352965,18.05832290649414,2426200,0.0,0.0
2020-02-12 00:00:00-05:00,18.115702530757584,18.353419077169285,18.0829131789864,18.214067459106445,2262700,0.0,0.0
2020-02-13 00:00:00-05:00,18.156688681884706,18.451786610553455,18.041929071172387,18.427194595336914,1853100,0.0,0.0
2020-02-14 00:00:00-05:00,18.353415995013453,18.468177143457996,18.25505108318337,18.345218658447266,2367800,0.0,0.0
2020-02-18 00:00:00-05:00,18.34522019350195,18.83704948425293,18.32882708247995,18.83704948425293,2735600,0.0,0.0
2020-02-19 00:00:00-05:00,18.853445361026825,19.08296612827557,18.804262897860063,18.93541717529297,2141300,0.0,0.0
2020-02-20 00:00:00-05:00,18.919021235649858,19.43544097310153,18.919021235649858,19.410850524902344,2876500,0.0,0.0
2020-02-21 00:00:00-05:00,19.361666984154354,19.43543988811575,19.01738665724533,19.23870849609375,2444400,0.0,0.0
2020-02-24 00:00:00-05:00,18.82885757716948,18.82885757716948,18.394409521890143,18.755083084106445,2695300,0.0,0.0
2020-02-25 00:00:00-05:00,18.83704998293933,18.853444657877574,17.935363186605258,18.000940322875977,2527100,0.0,0.0
2020-02-26 00:00:00-05:00,17.992748577833407,18.279647636083958,17.615678787231445,17.615678787231445,3848900,0.0,0.0
2020-02-27 00:00:00-05:00,17.33697248297081,17.87798427492014,16.96810165945027,17.435338973999023,3803900,0.0,0.0
2020-02-28 00:00:00-05:00,17.18122660576148,17.255001084946034,16.56644032154513,16.943510055541992,4753500,0.0,0.0
2020-03-02 00:00:00-05:00,17.025481173469142,17.623872756958008,16.509059840389583,17.623872756958008,5024300,0.0,0.0
2020-03-03 00:00:00-05:00,17.623871806015497,17.738631401182214,16.845141961287037,17.066465377807617,3715700,0.0,0.0
2020-03-04 00:00:00-05:00,17.287793302736137,17.935367483103523,17.123849641044767,17.92717170715332,2606100,0.0,0.0
2020-03-05 00:00:00-05:00,17.42714325944861,17.49272040508177,16.845144723907158,17.082862854003906,3347000,0.0,0.0
2020-03-06 00:00:00-05:00,15.664753898170458,16.25494812581692,14.43518141796197,16.22216033935547,8120700,0.0,0.0
2020-03-09 00:00:00-04:00,15.32867444461679,16.877935629774697,15.181125462509824,16.4926700592041,4352000,0.0,0.0
2020-03-10 00:00:00-04:00,16.722185028825237,17.197619647564505,16.336919556849658,17.066465377807617,5201200,0.0,0.0
2020-03-11 00:00:00-04:00,16.673002624145667,16.836946243629683,15.533599315526684,15.623766899108887,5073300,0.0,0.0
2020-03-12 00:00:00-04:00,14.795856800299136,15.246701039448483,11.910460080021403,12.885921478271484,5531100,0.0,0.0
2020-03-13 00:00:00-04:00,13.75481762014441,14.992587399926109,13.746620282909564,14.312222480773926,9756000,0.0,0.0
2020-03-16 00:00:00-04:00,13.180560182515377,14.453683031969785,12.190353521828614,13.080707550048828,5754900,0.26,0.0
2020-03-17 00:00:00-04:00,13.313697782215934,14.736598470874364,13.047424080510249,14.453683853149414,4315500,0.0,0.0
2020-03-18 00:00:00-04:00,13.480120290566296,13.837924602571093,11.324964437426734,12.265244483947754,4277300,0.0,0.0
2020-03-19 00:00:00-04:00,12.281884635385753,13.388585541532493,11.466420350375563,12.273563385009766,2831400,0.0,0.0
2020-03-20 00:00:00-04:00,12.481591096239883,12.80611275042307,10.617673682988693,10.883947372436523,5951800,0.0,0.0
2020-03-23 00:00:00-04:00,10.767452589356827,10.809058053085945,9.394477841203448,10.301473617553711,3945100,0.0,0.0
2020-03-24 00:00:00-04:00,10.908910360207937,11.208469055157645,10.201620672421758,10.73416805267334,4423600,0.0,0.0
2020-03-25 00:00:00-04:00,10.842341655667196,11.7909428424045,10.301473038277628,11.483063697814941,5948600,0.0,0.0
2020-03-26 00:00:00-04:00,11.649486496230013,13.546689154120871,11.349928557722226,13.213846206665039,8037600,0.0,0.0
2020-03-27 00:00:00-04:00,12.598088228113467,13.1972041242912,12.123787151691532,12.548161506652832,4778500,0.0,0.0
2020-03-30 00:00:00-04:00,12.373420850349248,12.514878987858667,11.56627749989405,11.64948844909668,4351300,0.0,0.0
2020-03-31 00:00:00-04:00,11.765981636200324,12.173713472744529,11.591239307173051,11.716054916381836,4286200,0.0,0.0
2020-04-01 00:00:00-04:00,11.091973869759316,11.233431965400872,10.659279125223764,10.800736427307129,2894100,0.0,0.0
2020-04-02 00:00:00-04:00,10.684241447565212,11.225110044346577,10.243225478179262,10.451251983642578,3142500,0.0,0.0
2020-04-03 00:00:00-04:00,10.476216050982716,10.617674153155402,9.868778178083845,9.935346603393555,3251100,0.0,0.0
2020-04-06 00:00:00-04:00,10.659279026084594,11.349926995530678,10.492857178483654,11.283358573913574,4427100,0.0,0.0
2020-04-07 00:00:00-04:00,11.691089231055987,12.256920760418268,11.33328340408479,11.366567611694336,3696700,0.0,0.0
2020-04-08 00:00:00-04:00,11.516348550036783,12.240280761751176,11.399853410365258,12.11546516418457,2430300,0.0,0.0
2020-04-09 00:00:00-04:00,12.473268508911133,13.039100831933666,12.34845292874233,12.473268508911133,3924100,0.0,0.0
2020-04-13 00:00:00-04:00,12.390059545121563,12.456627966576818,11.849190128849893,12.05721664428711,2098400,0.0,0.0
2020-04-14 00:00:00-04:00,12.373416043029945,12.498232418340237,11.865831672064147,12.090499877929688,1983600,0.0,0.0
2020-04-15 00:00:00-04:00,11.549631305431175,11.757657804174046,11.191825473654841,11.250073432922363,2543800,0.0,0.0
2020-04-16 00:00:00-04:00,11.266714114147536,11.516346048617415,10.96715626891851,11.383209228515625,3054700,0.0,0.0
2020-04-17 00:00:00-04:00,11.857512835254552,12.240281702380537,11.732697228096235,11.949044227600098,3690200,0.0,0.0
2020-04-20 00:00:00-04:00,11.74101813907011,11.907440013105292,11.391533473289524,11.416497230529785,2244800,0.0,0.0
2020-04-21 00:00:00-04:00,11.025406562885756,11.699412898159883,10.983801096389628,11.557954788208008,2963400,0.0,0.0
2020-04-22 00:00:00-04:00,11.857513106313428,11.965687005317317,11.47474423043747,11.532991409301758,1938500,0.0,0.0
2020-04-23 00:00:00-04:00,11.591239695927422,11.974008582179076,11.57459719091033,11.857513427734375,2563000,0.0,0.0
2020-04-24 00:00:00-04:00,11.990648609019702,12.423344155973046,11.90743847629974,12.231959342956543,4132200,0.0,0.0
2020-04-27 00:00:00-04:00,12.348455308947667,12.531518882898375,12.240281414956714,12.398381233215332,2078600,0.0,0.0
2020-04-28 00:00:00-04:00,12.831075094488114,13.405228701746593,12.623048586203364,13.155596733093262,3380000,0.0,0.0
2020-04-29 00:00:00-04:00,13.571650016252537,14.020988071063417,13.505081591886084,13.962740898132324,9402600,0.0,0.0
2020-04-30 00:00:00-04:00,14.02098843286543,14.11251902678342,13.638218792543894,13.85456657409668,4436600,0.0,0.0
2020-05-01 00:00:00-04:00,13.405227006722471,13.70478406153593,13.238805186291357,13.36362075805664,2730600,0.0,0.0
2020-05-04 00:00:00-04:00,13.072388662811631,13.746395045787997,12.930930542848177,13.729752540588379,2753700,0.0,0.0
2020-05-05 00:00:00-04:00,13.771355551995416,13.954419912831836,13.180560972865225,13.197202682495117,2799300,0.0,0.0
2020-05-06 00:00:00-04:00,13.338661789361144,13.405230216047409,12.897644970616827,12.930929183959961,2033800,0.0,0.0
2020-05-07 00:00:00-04:00,13.064066078614111,13.430192426545512,12.806113622779277,12.980855941772461,2185300,0.0,0.0
2020-05-08 00:00:00-04:00,13.180560748732068,13.588292547208889,13.130634033574928,13.496760368347168,2374600,0.0,0.0
2020-05-11 00:00:00-04:00,13.496757579555089,13.496757579555089,13.030778704310517,13.36362075805664,1989100,0.0,0.0
2020-05-12 00:00:00-04:00,13.421872589531937,13.663184154415529,12.98917776909554,13.005820274353027,1803800,0.0,0.0
2020-05-13 00:00:00-04:00,12.930929123870802,12.989176298561055,12.082181290785861,12.240281105041504,2901900,0.0,0.0
2020-05-14 00:00:00-04:00,11.990649678296831,12.85604005581729,11.741017670759371,12.789471626281738,2168600,0.0,0.0
2020-05-15 00:00:00-04:00,12.64801434690034,13.297056974334097,12.531519984331243,13.005820274353027,1978300,0.0,0.0
2020-05-18 00:00:00-04:00,13.596615002601755,14.353831493553207,13.596615002601755,13.921135902404785,2749700,0.0,0.0
2020-05-19 00:00:00-04:00,13.896172039751475,14.012666381975233,13.505081170086495,13.73807144165039,2078800,0.0,0.0
2020-05-20 00:00:00-04:00,13.97106501144818,14.087559381173469,13.746395938020761,13.879532814025879,2407700,0.0,0.0
2020-05-21 00:00:00-04:00,13.862885819530861,14.34550723557623,13.862885819530861,14.137480735778809,2417200,0.0,0.0
2020-05-22 00:00:00-04:00,14.145804525595459,14.237336709814835,13.871209560053854,14.095878601074219,1412700,0.0,0.0
2020-05-26 00:00:00-04:00,14.744920461802925,14.878057319331706,14.495289250715595,14.636747360229492,2209900,0.0,0.0
2020-05-27 00:00:00-04:00,15.077761483709018,15.094402397572832,14.703313147238896,14.961265563964844,2553600,0.0,0.0
2020-05-28 00:00:00-04:00,15.019514658400258,15.027835909958522,14.32886665022869,14.37047290802002,1992400,0.0,0.0
2020-05-29 00:00:00-04:00,14.204047750772803,14.412074230045084,13.912810362368392,14.145800590515137,3195800,0.0,0.0
2020-06-01 00:00:00-04:00,14.187408564327272,14.653389129428678,14.154125145172289,14.453683853149414,2415100,0.0,0.0
2020-06-02 00:00:00-04:00,14.71163672573489,14.803168908493253,13.962741521403855,14.27894115447998,3562000,0.0,0.0
2020-06-03 00:00:00-04:00,14.528571436239329,15.235861923671024,14.528571436239329,15.03615665435791,2746800,0.0,0.0
2020-06-04 00:00:00-04:00,15.044479609965762,15.527101128925858,14.719958708957797,15.468853950500488,2165600,0.0,0.0
2020-06-05 00:00:00-04:00,15.968113764835252,16.425771406499653,15.768408525538995,15.785049438476562,3207700,0.0,0.0
2020-06-08 00:00:00-04:00,16.126217800614274,16.484023728162153,16.026365943276097,16.442419052124023,2443900,0.0,0.0
2020-06-09 00:00:00-04:00,16.08461257348868,16.12621724810136,15.552065120286688,15.893228530883789,2393100,0.0,0.0
2020-06-10 00:00:00-04:00,15.909871599143964,16.176145335177058,15.319075358593459,15.751770973205566,3682100,0.0,0.0
2020-06-11 00:00:00-04:00,14.878056573295067,15.152651526568611,14.445362601581554,14.453683853149414,2801900,0.0,0.0
2020-06-12 00:00:00-04:00,14.994551307060656,15.127688147249199,14.395433939095886,14.869735717773438,3441900,0.0,0.0
2020-06-15 00:00:00-04:00,14.33718803664744,15.01119513515887,14.104199339290226,14.76156234741211,3740500,0.0,0.0
2020-06-16 00:00:00-04:00,15.310749839697635,15.377318255156991,14.561854769000837,15.0028715133667,4106900,0.0,0.0
2020-06-17 00:00:00-04:00,15.227539943061418,15.252503695698552,13.521723190765254,13.579970359802246,7882700,0.0,0.0
2020-06-18 00:00:00-04:00,13.31369824627633,13.754715072046176,13.064066245446998,13.621578216552734,4844500,0.0,0.0
2020-06-19 00:00:00-04:00,13.871207513421295,13.937775931999926,12.83939623189436,13.089027404785156,7231200,0.0,0.0
2020-06-22 00:00:00-04:00,12.897646028417622,12.947572749306184,12.456629967061604,12.714582443237305,3811500,0.0,0.0
2020-06-23 00:00:00-04:00,12.856039443702988,13.380266396504167,12.806113520707584,13.113992691040039,4616200,0.0,0.0
2020-06-24 00:00:00-04:00,12.980854194812183,13.047422612750038,12.340132180212644,12.365095138549805,5280400,0.0,0.0
2020-06-25 00:00:00-04:00,12.246526666671988,12.297342485268734,11.763780024608064,11.941634178161621,5149900,0.26,0.0
2020-06-26 00:00:00-04:00,11.806127656249172,11.96704377012025,11.399604267356255,11.433481216430664,6172300,0.0,0.0
2020-06-29 00:00:00-04:00,11.509703641886066,12.17877393886455,11.47582669549564,12.034796714782715,3654300,0.0,0.0
2020-06-30 00:00:00-04:00,11.983980649518179,12.136427309043812,11.890819250747013,12.094080924987793,3112000,0.0,0.0
2020-07-01 00:00:00-04:00,12.094080794202,12.390504671698507,11.848472738561213,11.856942176818848,3375300,0.0,0.0
2020-07-02 00:00:00-04:00,12.060207016192345,12.288877063062781,11.780721941810903,11.806129455566406,2676500,0.0,0.0
2020-07-06 00:00:00-04:00,12.034796936075844,12.271935565169272,11.755311921293199,12.204181671142578,4540500,0.0,0.0
2020-07-07 00:00:00-04:00,12.043265966663105,12.119489296782824,11.899288744812546,11.950103759765625,3595300,0.0,0.0
2020-07-08 00:00:00-04:00,11.933166715385896,12.094082020142004,11.543581400634604,11.797658920288086,2728100,0.0,0.0
2020-07-09 00:00:00-04:00,11.763782073688395,11.763782073688395,11.052365335555681,11.137057304382324,3753400,0.0,0.0
2020-07-10 00:00:00-04:00,11.153995451728079,11.86541214323449,11.153995451728079,11.823065757751465,3075500,0.0,0.0
2020-07-13 00:00:00-04:00,11.933167457580566,12.238060015513724,11.738374384244496,11.933167457580566,3315700,0.0,0.0
2020-07-14 00:00:00-04:00,11.856941701628303,11.958572533576596,11.467356441981485,11.526640892028809,3943100,0.0,0.0
2020-07-15 00:00:00-04:00,12.026327211226764,13.000290828142203,12.000919703493873,12.924067497253418,4899700,0.0,0.0
2020-07-16 00:00:00-04:00,12.83090666076077,12.966415267762704,12.526014112309353,12.661521911621094,3163200,0.0,0.0
2020-07-17 00:00:00-04:00,12.695398506077561,12.788560721264217,12.314282629258996,12.483667373657227,3323800,0.0,0.0
2020-07-20 00:00:00-04:00,12.331219870770058,12.449788772265594,11.907757662137282,11.97551155090332,3299900,0.0,0.0
2020-07-21 00:00:00-04:00,12.111019845123877,12.509074564373984,12.102550406744278,12.170304298400879,2929900,0.0,0.0
2020-07-22 00:00:00-04:00,12.094080825938182,12.21265053878594,12.026326935079487,12.161834716796875,3054300,0.0,0.0
2020-07-23 00:00:00-04:00,12.094079181554108,12.492133841994587,12.034794737035943,12.322749137878418,2029900,0.0,0.0
2020-07-24 00:00:00-04:00,12.365098420036821,12.5514212344815,12.246528695461887,12.40744400024414,2264800,0.0,0.0
2020-07-27 00:00:00-04:00,12.34815947390422,12.576829482679193,12.254998067194139,12.551421165466309,2297400,0.0,0.0
2020-07-28 00:00:00-04:00,12.517542982418574,12.771620475659672,12.373565763171621,12.526012420654297,2557800,0.0,0.0
2020-07-29 00:00:00-04:00,12.686929279464236,12.957945682731598,12.466729511902873,12.65305233001709,3286700,0.0,0.0
2020-07-30 00:00:00-04:00,12.534481620247385,12.669989398678696,12.331219952600417,12.576828002929688,2267800,0.0,0.0
2020-07-31 00:00:00-04:00,12.534482551843118,12.67845977904967,12.187243641882654,12.280405044555664,7431200,0.0,0.0
2020-08-03 00:00:00-04:00,12.305811359862197,12.339688303703296,11.873880527810707,11.89081859588623,4219100,0.0,0.0
2020-08-04 00:00:00-04:00,11.831534480969243,12.01785727352398,11.729903646569365,11.772249221801758,4734200,0.0,0.0
2020-08-05 00:00:00-04:00,11.856943065307105,12.01785836580975,11.712965834898878,12.000920295715332,4173200,0.0,0.0
2020-08-06 00:00:00-04:00,11.95010458956314,12.63611380058597,11.95010458956314,12.534482955932617,3060400,0.0,0.0
2020-08-07 00:00:00-04:00,12.44979039667642,13.04263740457717,12.254998142980673,13.00029182434082,3349000,0.0,0.0
2020-08-10 00:00:00-04:00,12.991821471276733,13.144268134011908,12.83937480854156,13.084982872009277,2212000,0.0,0.0
2020-08-11 00:00:00-04:00,13.330589430547082,13.533851086120425,13.076511957235393,13.118858337402344,2023200,0.0,0.0
2020-08-12 00:00:00-04:00,13.237429115115125,13.305183005807363,12.712336058405226,12.822436332702637,2253900,0.0,0.0
2020-08-13 00:00:00-04:00,12.746212049254904,12.898657888051536,12.517542079524917,12.602234840393066,1904900,0.0,0.0
2020-08-14 00:00:00-04:00,12.526013901183736,12.957945609977358,12.441321124196296,12.797029495239258,1400200,0.0,0.0
2020-08-17 00:00:00-04:00,12.788559387356518,12.915597730481945,12.449789126205234,12.822436332702637,2189600,0.0,0.0
2020-08-18 00:00:00-04:00,12.788558864808286,12.822435808770173,12.576827763123976,12.636112213134766,1363200,0.0,0.0
2020-08-19 00:00:00-04:00,12.5429508678979,12.771620038606624,12.466727541764975,12.492135047912598,1490900,0.0,0.0
2020-08-20 00:00:00-04:00,12.36509608288309,12.432849967636695,12.111018611212065,12.144895553588867,1969900,0.0,0.0
2020-08-21 00:00:00-04:00,12.1364290688699,12.644584135846268,12.1364290688699,12.382037162780762,2353700,0.0,0.0
2020-08-24 00:00:00-04:00,12.44979087988779,12.703868409618194,12.153367768277485,12.593768119812012,1956500,0.0,0.0
2020-08-25 00:00:00-04:00,12.619175028537883,12.729275313092232,12.2634666654208,12.466729164123535,1714800,0.0,0.0
2020-08-26 00:00:00-04:00,12.43285104508162,12.500604935706853,12.068673277203425,12.077142715454102,1927000,0.0,0.0
2020-08-27 00:00:00-04:00,12.119489726761099,12.534482530258233,12.085612779693786,12.500605583190918,2259000,0.0,0.0
2020-08-28 00:00:00-04:00,12.534482993703461,12.653051908977918,12.212651580819637,12.610706329345703,2430300,0.0,0.0
2020-08-31 00:00:00-04:00,12.763151743018735,12.763151743018735,12.238058658726066,12.280405044555664,3595800,0.0,0.0
2020-09-01 00:00:00-04:00,12.161835783243188,12.415913300087869,12.068674377065873,12.39050579071045,4590000,0.0,0.0
2020-09-02 00:00:00-04:00,12.085612132367801,12.720805461625504,11.712964926896834,12.526012420654297,5895200,0.0,0.0
2020-09-03 00:00:00-04:00,12.73774242401123,13.10192015961413,12.585295779770014,12.73774242401123,4399000,0.0,0.0
2020-09-04 00:00:00-04:00,12.839375353193454,13.07651398819316,12.70386756176505,12.83090591430664,4238800,0.0,0.0
2020-09-08 00:00:00-04:00,12.932535792076957,13.364466616100028,12.771619706055192,13.059574127197266,5725100,0.0,0.0
2020-09-09 00:00:00-04:00,13.347530458541582,13.381407406601225,12.957945152010618,12.983352661132812,4638300,0.0,0.0
2020-09-10 00:00:00-04:00,12.991968002323569,13.095352265012805,12.587045690571916,12.673199653625488,4199000,0.26,0.0
2020-09-11 00:00:00-04:00,12.690428142584343,13.08673483716038,12.53535218148935,12.914427757263184,4798400,0.0,0.0
2020-09-14 00:00:00-04:00,12.97473665858559,13.190120727262059,12.66458307385146,12.681814193725586,4383800,0.0,0.0
2020-09-15 00:00:00-04:00,12.673198766203841,12.828275560191218,12.397507418337415,12.664583206176758,5605400,0.0,0.0
2020-09-16 00:00:00-04:00,12.716275864014255,13.129812889693563,12.690429183690522,12.828275680541992,5377400,0.0,0.0
2020-09-17 00:00:00-04:00,12.664582286006006,12.923043316664284,12.552582478666585,12.914427757263184,5740000,0.0,0.0
2020-09-18 00:00:00-04:00,12.914427860979476,12.914427860979476,11.871968992198196,11.975353240966797,47106300,0.0,0.0
2020-09-21 00:00:00-04:00,11.75135650133965,12.431970207652661,11.639356673512811,12.216586112976074,9252000,0.0,0.0
2020-09-22 00:00:00-04:00,12.259662007593818,12.535354201480306,12.095970460719892,12.233816146850586,9378300,0.0,0.0
2020-09-23 00:00:00-04:00,12.354428759341262,12.569812800970992,12.233813400243644,12.475043296813965,5220300,0.0,0.0
2020-09-24 00:00:00-04:00,12.41473843457944,12.897199142866306,12.268277192150844,12.854122161865234,5300600,0.0,0.0
2020-09-25 00:00:00-04:00,12.776582987171729,13.33658124142031,12.776582987171729,13.172889709472656,4293600,0.0,0.0
2020-09-28 00:00:00-04:00,13.319352553771193,13.810428852250954,13.29350669225914,13.620890617370605,5140500,0.0,0.0
2020-09-29 00:00:00-04:00,13.569197148137167,14.077503712448031,13.569197148137167,13.956889152526855,4590500,0.0,0.0
2020-09-30 00:00:00-04:00,14.043040605826034,14.301502473919479,14.025811129219832,14.03442668914795,4005400,0.0,0.0
2020-10-01 00:00:00-04:00,14.086119387047184,14.370426311486662,13.974118743427,14.353195190429688,4280300,0.0,0.0
2020-10-02 00:00:00-04:00,14.043040400201642,14.361809539874322,14.043040400201642,14.206732749938965,3356100,0.0,0.0
2020-10-05 00:00:00-04:00,14.249808091521214,14.491037151375439,14.249808091521214,14.335960388183594,3436400,0.0,0.0
2020-10-06 00:00:00-04:00,14.456580717586785,14.792579372267967,14.422118474414255,14.473810195922852,3261200,0.0,0.0
2020-10-07 00:00:00-04:00,14.68919006373654,14.973496915187901,14.68057614866959,14.852882385253906,3087000,0.0,0.0
2020-10-08 00:00:00-04:00,14.956268396341622,15.309498093620443,14.8959611275257,15.275035858154297,2942800,0.0,0.0
2020-10-09 00:00:00-04:00,15.335345361599924,15.378423162209797,14.999346733093262,14.999346733093262,2327700,0.0,0.0
2020-10-12 00:00:00-04:00,14.99073332306377,15.455963776877104,14.947657159525633,15.231964111328125,3096200,0.0,0.0
2020-10-13 00:00:00-04:00,15.206116590738514,15.490423526900756,15.11134870751791,15.128578186035156,3167500,0.0,0.0
2020-10-14 00:00:00-04:00,14.982115969252638,15.31811624900234,14.964886491848894,15.042423248291016,2405100,0.0,0.0
2020-10-15 00:00:00-04:00,14.947655305099667,15.240577781919496,14.921808624233176,15.05103874206543,2659900,0.0,0.0
2020-10-16 00:00:00-04:00,15.0682703276141,15.266423290621423,15.016578607536134,15.02519416809082,2853900,0.0,0.0
2020-10-19 00:00:00-04:00,15.137194646844657,15.352578751992134,15.042425114739666,15.223348617553711,4121700,0.0,0.0
2020-10-20 00:00:00-04:00,15.481805867333009,15.766112764955151,15.326730722198198,15.473190307617188,2823000,0.0,0.0
2020-10-21 00:00:00-04:00,15.404271355476501,15.757502819850083,15.318119023105314,15.636886596679688,2154900,0.0,0.0
2020-10-22 00:00:00-04:00,15.697188819990538,16.127956915807236,15.567958719895504,16.093496322631836,2420100,0.0,0.0
2020-10-23 00:00:00-04:00,16.162419880447796,16.21411159416486,15.835035192656502,15.852266311645508,2758600,0.0,0.0
2020-10-26 00:00:00-04:00,15.66273283571452,15.878116947001573,15.55073217762505,15.835039138793945,3089400,0.0,0.0
2020-10-27 00:00:00-04:00,15.714421049910214,15.83503559943173,15.42149859257225,15.473190307617188,2061500,0.0,0.0
2020-10-28 00:00:00-04:00,15.206116837935888,15.3181174879949,14.689194679260254,14.689194679260254,2580200,0.0,0.0
2020-10-29 00:00:00-04:00,14.654735571886958,15.421502505393107,14.55996603421751,15.318119049072266,2707400,0.0,0.0
2020-10-30 00:00:00-04:00,15.214730413556575,15.464576720892738,14.79257783797998,14.870116233825684,3362100,0.0,0.0
2020-11-02 00:00:00-05:00,15.025195892356564,15.188886631930012,14.663350523785752,14.697811126708984,3047400,0.0,0.0
2020-11-03 00:00:00-05:00,14.921808582772766,15.421499575385823,14.878732424698404,15.145808219909668,2137100,0.0,0.0
2020-11-04 00:00:00-05:00,14.939038375795354,15.309499218015473,14.792577150807166,14.835653305053711,2844600,0.0,0.0
2020-11-05 00:00:00-05:00,14.90458050016871,15.421502718673208,14.84427320927243,15.378426551818848,4050000,0.0,0.0
2020-11-06 00:00:00-05:00,15.404269268163418,15.473192110671413,14.964887174206316,15.076886177062988,1472800,0.0,0.0
2020-11-09 00:00:00-05:00,16.136572900430597,16.679341635692232,15.774727624672813,15.80057430267334,2506600,0.0,0.0
2020-11-10 00:00:00-05:00,15.886730368138622,15.9901138074068,15.507653923238314,15.542116165161133,2562400,0.0,0.0
2020-11-11 00:00:00-05:00,15.636880555075486,15.671342789309152,15.33534257853,15.404265403747559,2741500,0.0,0.0
2020-11-12 00:00:00-05:00,15.257807250248336,15.32673173251833,14.689193417521695,14.818425178527832,2126200,0.0,0.0
2020-11-13 00:00:00-05:00,14.930424250541186,15.076885489598721,14.835654730195103,15.042423248291016,1813500,0.0,0.0
2020-11-16 00:00:00-05:00,15.352576467536025,15.464577105767248,14.81842488647196,15.180270195007324,4663900,0.0,0.0
2020-11-17 00:00:00-05:00,15.04242305267961,15.817807039518836,14.913192935956435,15.748884201049805,3106500,0.0,0.0
2020-11-18 00:00:00-05:00,15.809189961118504,16.171035239144782,15.662728738030488,15.87811279296875,2330700,0.0,0.0
2020-11-19 00:00:00-05:00,15.800575935428053,15.886729894415955,15.404268381383737,15.567960739135742,1585400,0.0,0.0
2020-11-20 00:00:00-05:00,15.412883493748765,15.50765301020671,15.283653380647051,15.447345733642578,1522300,0.0,0.0
2020-11-23 00:00:00-05:00,15.671345210619336,15.921189874416717,15.49903729932802,15.791959762573242,1795800,0.0,0.0
2020-11-24 00:00:00-05:00,15.964270749301289,16.61903863779601,15.860885653959873,16.524269104003906,2573400,0.0,0.0
2020-11-25 00:00:00-05:00,16.54149756534182,16.54149756534182,16.0245754583155,16.084882736206055,1962900,0.0,0.0
2020-11-27 00:00:00-05:00,16.015960453388338,16.40365245791097,16.015960453388338,16.369190216064453,1013400,0.0,0.0
2020-11-30 00:00:00-05:00,16.369190170174058,16.446728570861207,16.12795940767513,16.196882247924805,2602300,0.0,0.0
2020-12-01 00:00:00-05:00,16.42087921924333,16.558724877326704,16.07626507403489,16.110727310180664,2476200,0.0,0.0
2020-12-02 00:00:00-05:00,16.196885632065484,16.231347881015854,15.77473294192633,15.903963088989258,2026500,0.0,0.0
2020-12-03 00:00:00-05:00,15.852267881167586,15.929806281045181,15.559345402352251,15.628268241882324,2824000,0.0,0.0
2020-12-04 00:00:00-05:00,15.63700690055933,16.07403896970538,15.523379296125173,15.899227142333984,2970700,0.26,0.0
2020-12-07 00:00:00-05:00,15.838045753004291,15.89048914388393,15.304865999767738,15.470938682556152,3067300,0.0,0.0
2020-12-08 00:00:00-05:00,14.998944545792412,15.208719795793192,14.089918462455701,14.247248649597168,7718200,0.0,0.0
2020-12-09 00:00:00-05:00,14.24724412830988,14.68427617724141,14.221023272346763,14.317169189453125,6173700,0.0,0.0
2020-12-10 00:00:00-05:00,14.255987603426801,14.308432659333238,13.68784616826923,13.950065612792969,5189300,0.0,0.0
2020-12-11 00:00:00-05:00,13.862658202265143,14.05495256369304,13.565477068241695,13.90636157989502,4542400,0.0,0.0
2020-12-14 00:00:00-05:00,13.985027434193139,13.993768276396931,13.600439546524768,13.757770538330078,4469700,0.0,0.0
2020-12-15 00:00:00-05:00,13.836437210435005,14.212285110100671,13.69658706178898,14.081175804138184,3600300,0.0,0.0
2020-12-16 00:00:00-05:00,14.116135946448587,14.116135946448587,13.775251455219705,13.923842430114746,2708400,0.0,0.0
2020-12-17 00:00:00-05:00,13.897622835238886,14.019992977930086,13.696588434800734,13.82769775390625,3113700,0.0,0.0
2020-12-18 00:00:00-05:00,13.85392033172109,13.906363726112636,13.373184770744047,13.54799747467041,6683900,0.0,0.0
2020-12-21 00:00:00-05:00,13.364442052430691,13.399404588311524,13.067260080657306,13.285776138305664,3104300,0.0,0.0
2020-12-22 00:00:00-05:00,13.285775063570162,13.329478438279027,13.032296490545791,13.250812530517578,2135700,0.0,0.0
2020-12-23 00:00:00-05:00,13.469330300269059,13.696587211082274,13.35570184486245,13.609180450439453,3492700,0.0,0.0
2020-12-24 00:00:00-05:00,13.609179257727769,13.679104326684717,13.36444151637845,13.521773338317871,1094400,0.0,0.0
2020-12-28 00:00:00-05:00,13.591698528524065,14.002508937490337,13.591698528524065,13.818955421447754,2491100,0.0,0.0
2020-12-29 00:00:00-05:00,13.85391596430952,13.897618501334454,13.670362474658425,13.687843322753906,1780300,0.0,0.0
2020-12-30 00:00:00-05:00,13.687844326592337,13.871397829704868,13.32947816184228,13.556735038757324,3447900,0.0,0.0
2020-12-31 00:00:00-05:00,13.52177491190356,13.923844521982826,13.486812373356349,13.862659454345703,2606000,0.0,0.0
2021-01-04 00:00:00-05:00,13.85391596430952,13.897618501334454,13.48680898500733,13.687843322753906,3283500,0.0,0.0
2021-01-05 00:00:00-05:00,13.591697591335977,13.90636038275236,13.478069152709153,13.836435317993164,2693700,0.0,0.0
2021-01-06 00:00:00-05:00,14.02872843581236,14.343392051975478,13.93258168285835,14.124876022338867,3574600,0.0,0.0
2021-01-07 00:00:00-05:00,14.186061863010075,14.23850691645304,13.888880728986626,13.90636157989502,2727200,0.0,0.0
2021-01-08 00:00:00-05:00,14.151100161193288,14.151100161193288,13.757770596096996,13.90636157989502,2319200,0.0,0.0
2021-01-11 00:00:00-05:00,13.81021446260662,14.194802342049403,13.81021446260662,14.098654747009277,2164600,0.0,0.0
2021-01-12 00:00:00-05:00,14.159840113810894,14.317170262819607,14.037469997277332,14.299690246582031,2217800,0.0,0.0
2021-01-13 00:00:00-05:00,14.343394933162237,14.48324508685005,14.168581407479802,14.369617462158203,2588100,0.0,0.0
2021-01-14 00:00:00-05:00,14.42206088180793,14.553170192758934,14.063694653874027,14.089917182922363,2806000,0.0,0.0
2021-01-15 00:00:00-05:00,14.04621212149769,14.422060012817383,13.897621133467702,14.422060012817383,2629700,0.0,0.0
2021-01-19 00:00:00-05:00,14.387095868756187,14.474502621802385,14.089915575831354,14.343393325805664,3249700,0.0,0.0
2021-01-20 00:00:00-05:00,14.404576567903542,14.815387778988539,14.369614869362605,14.754201889038086,2763600,0.0,0.0
2021-01-21 00:00:00-05:00,14.605610845398056,14.73672179891325,14.465760717650543,14.570649147033691,2001500,0.0,0.0
2021-01-22 00:00:00-05:00,14.413317867816756,14.658056433968659,14.360874484764594,14.579390525817871,2558500,0.0,0.0
2021-01-25 00:00:00-05:00,14.518205429827809,14.920274121008031,14.448280367572771,14.76294231414795,2302800,0.0,0.0
2021-01-26 00:00:00-05:00,14.876571444556738,16.231370138385294,14.859089762368571,16.11774253845215,5901600,0.0,0.0
2021-01-27 00:00:00-05:00,15.916709695761998,18.136833761220686,15.79434123037761,16.240114212036133,9041700,0.0,0.0
2021-01-28 00:00:00-05:00,16.117743569939687,16.222630335491193,15.357307017538423,15.366047859191895,4192000,0.0,0.0
2021-01-29 00:00:00-05:00,15.427233348444679,15.8205629193732,15.033905444661373,15.060126304626465,3738600,0.0,0.0
2021-02-01 00:00:00-05:00,15.199976940683957,15.907970191291811,15.051385949868822,15.873006820678711,4146400,0.0,0.0
2021-02-02 00:00:00-05:00,16.01285541878089,16.423666647991553,15.916707826047315,16.205150604248047,3232300,0.0,0.0
2021-02-03 00:00:00-05:00,16.17018753299302,16.414926106637598,16.074039938499592,16.213890075683594,2775200,0.0,0.0
2021-02-04 00:00:00-05:00,16.240115810115206,16.493595275806403,15.881749554386284,16.301300048828125,3896300,0.0,0.0
2021-02-05 00:00:00-05:00,16.397443428296295,16.720846225742427,16.31877752250777,16.589736938476562,2734600,0.0,0.0
2021-02-08 00:00:00-05:00,16.67714637949684,16.790774002242408,16.56351875675127,16.63344383239746,1877100,0.0,0.0
2021-02-09 00:00:00-05:00,16.75581109466454,16.92188376257714,16.607220111194366,16.843217849731445,1217600,0.0,0.0
2021-02-10 00:00:00-05:00,17.009290022161736,17.376397085014272,16.84321900995474,17.227806091308594,1961400,0.0,0.0
2021-02-11 00:00:00-05:00,17.2015859876455,17.30647277185447,16.782035516518874,16.87818145751953,1885700,0.0,0.0
2021-02-12 00:00:00-05:00,16.808252197066324,17.140397487762083,16.808252197066324,17.131656646728516,1857100,0.0,0.0
2021-02-16 00:00:00-05:00,17.16662185869072,17.34143538086633,16.983069160837108,17.227806091308594,2695300,0.0,0.0
2021-02-17 00:00:00-05:00,17.166617591684567,17.341431070407808,16.913139881395246,16.9218807220459,1787900,0.0,0.0
2021-02-18 00:00:00-05:00,16.91314013484148,17.219062893619007,16.878176771714944,17.02676773071289,1663400,0.0,0.0
2021-02-19 00:00:00-05:00,16.921882981462307,17.1229173418348,16.71210777927209,16.79951286315918,2042200,0.0,0.0
2021-02-22 00:00:00-05:00,16.83447854071715,17.17536308266456,16.78203514975878,17.000551223754883,1659200,0.0,0.0
2021-02-23 00:00:00-05:00,17.087949712137725,17.219060639554215,16.69462193132234,17.14913558959961,1863600,0.0,0.0
2021-02-24 00:00:00-05:00,17.2365398465069,17.28024404265239,16.92187796998246,17.07046890258789,2714600,0.0,0.0
2021-02-25 00:00:00-05:00,17.044252342334353,17.341434311418464,16.63344275784523,16.650922775268555,2694800,0.0,0.0
2021-02-26 00:00:00-05:00,16.70336747107003,16.95684522330155,16.388703824159712,16.80825424194336,3661100,0.0,0.0
2021-03-01 00:00:00-05:00,17.087952881573436,17.498764085004694,16.956843596983784,17.36765480041504,1624400,0.0,0.0
2021-03-02 00:00:00-05:00,17.41135852847265,17.420099370328153,17.087954048399627,17.192842483520508,1254400,0.0,0.0
2021-03-03 00:00:00-05:00,17.227805792297694,17.385137626095982,17.000550551417135,17.2540283203125,1758300,0.0,0.0
2021-03-04 00:00:00-05:00,17.262770614829645,17.341436538344805,16.738331680443714,17.114179611206055,2618600,0.0,0.0
2021-03-05 00:00:00-05:00,17.201585923941263,17.5162496096936,16.921885610892684,17.402620315551758,1929000,0.0,0.0
2021-03-08 00:00:00-05:00,17.463805772698258,17.638619314159186,17.315214762600114,17.5861759185791,2797200,0.0,0.0
2021-03-09 00:00:00-05:00,17.59491005495469,17.61239173752205,17.184100517491807,17.271507263183594,2295500,0.0,0.0
2021-03-10 00:00:00-05:00,17.26277449037914,18.10187564006126,16.755817128993076,18.00572967529297,3127900,0.0,0.0
2021-03-11 00:00:00-05:00,18.04942560239773,18.337866725001167,17.760984479794296,18.154314041137695,2685800,0.0,0.0
2021-03-12 00:00:00-05:00,18.189271288213373,18.556378233183924,18.12808707524241,18.503934860229492,2131200,0.0,0.0
2021-03-15 00:00:00-04:00,18.63667940956733,18.70747394749268,18.23846076669031,18.459693908691406,2104700,0.26,0.0
2021-03-16 00:00:00-04:00,18.371195635833736,18.63667466347713,18.22960659604066,18.29155158996582,2117600,0.0,0.0
2021-03-17 00:00:00-04:00,18.344652544706786,18.592434282392105,18.282707532254207,18.380050659179688,1934800,0.0,0.0
2021-03-18 00:00:00-04:00,18.326954096674744,18.751723045094277,18.070324509715604,18.548187255859375,2378800,0.0,0.0
2021-03-19 00:00:00-04:00,18.592432929472867,18.972954192992106,18.380049321715013,18.919857025146484,5286000,0.0,0.0
2021-03-22 00:00:00-04:00,18.911006645510415,18.928704011207518,17.89333300750492,18.00837516784668,2833600,0.0,0.0
2021-03-23 00:00:00-04:00,17.91103541663753,17.919884945081332,17.45087006480965,17.5659122467041,2845900,0.0,0.0
2021-03-24 00:00:00-04:00,17.65440220457017,18.026073883230847,17.53936004638672,17.53936004638672,1746400,0.0,0.0
2021-03-25 00:00:00-04:00,17.557062450478927,18.26500783643576,17.309280721456563,18.18536376953125,1731900,0.0,0.0
2021-03-26 00:00:00-04:00,18.39774946623953,18.495090903966343,18.123419146429942,18.468544006347656,1547900,0.0,0.0
2021-03-29 00:00:00-04:00,18.804812847835475,18.86675784362724,18.574730229269953,18.734018325805664,2477900,0.0,0.0
2021-03-30 00:00:00-04:00,18.70746931957143,19.38001810742221,18.43314076395944,19.282676696777344,4909400,0.0,0.0
2021-03-31 00:00:00-04:00,19.247282749920863,19.42426993311606,19.079145094672914,19.291528701782227,2234100,0.0,0.0
2021-04-01 00:00:00-04:00,19.42426816859097,19.733993179234446,19.167636945058124,19.72514533996582,2622600,0.0,0.0
2021-04-05 00:00:00-04:00,19.857887837257582,20.03487334293414,19.627805160790587,19.866737365722656,1727100,0.0,0.0
2021-04-06 00:00:00-04:00,19.84903840832536,20.043722971908306,19.707449327924127,19.964078903198242,1975300,0.0,0.0
2021-04-07 00:00:00-04:00,20.03487085320029,20.167612075805664,19.910980845835017,20.167612075805664,1246800,0.0,0.0
2021-04-08 00:00:00-04:00,20.070273327507632,20.070273327507632,19.751697024570962,19.92868423461914,1419800,0.0,0.0
2021-04-09 00:00:00-04:00,19.955227510218304,20.34459828887922,19.822487970728734,20.21185874938965,1858900,0.0,0.0
2021-04-12 00:00:00-04:00,20.167611742516762,20.291501747834637,20.034870522105063,20.070268630981445,1342400,0.0,0.0
2021-04-13 00:00:00-04:00,19.910984293239192,19.99947789433971,19.72514925001565,19.822490692138672,2062100,0.0,0.0
2021-04-14 00:00:00-04:00,19.778243021983553,19.84903755915548,19.53931082607522,19.574708938598633,1785200,0.0,0.0
2021-04-15 00:00:00-04:00,19.64550412661734,19.689750080862552,19.3180783264279,19.43311882019043,1359100,0.0,0.0
2021-04-16 00:00:00-04:00,19.654351515878737,19.654351515878737,19.477366015086726,19.548160552978516,1210400,0.0,0.0
2021-04-19 00:00:00-04:00,19.557007147489934,19.62780167476197,19.32692451188715,19.344623565673828,1388800,0.0,0.0
2021-04-20 00:00:00-04:00,19.335774000091295,19.503911634978955,19.238430892334023,19.40656852722168,1264400,0.0,0.0
2021-04-21 00:00:00-04:00,19.46851491606721,19.76054257229323,19.406569911394236,19.6455020904541,1860900,0.0,0.0
2021-04-22 00:00:00-04:00,19.57470665636996,19.689747132908597,19.477363546154773,19.539308547973633,1605000,0.0,0.0
2021-04-23 00:00:00-04:00,19.521609826424182,19.68974746842238,19.415418875175128,19.63665199279785,1061700,0.0,0.0
2021-04-26 00:00:00-04:00,19.70744618710676,19.733993080529295,19.477363546154773,19.539308547973633,1032400,0.0,0.0
2021-04-27 00:00:00-04:00,19.57471145019224,19.85788963521399,19.5570123916596,19.742847442626953,1141000,0.0,0.0
2021-04-28 00:00:00-04:00,19.83134022103623,20.008327423237265,19.698600663322978,19.822490692138672,1715200,0.0,0.0
2021-04-29 00:00:00-04:00,19.910982998300803,20.061421604025185,19.672050797231208,19.769393920898438,1560500,0.0,0.0
2021-04-30 00:00:00-04:00,19.66320074934161,19.840187935355445,19.592406212511055,19.698598861694336,1553400,0.0,0.0
2021-05-03 00:00:00-04:00,19.645501437875808,19.99062455980378,19.574706908047638,19.760541915893555,1943100,0.0,0.0
2021-05-04 00:00:00-04:00,19.733993348154744,20.07911815820054,19.733993348154744,20.070268630981445,1808300,0.0,0.0
2021-05-05 00:00:00-04:00,20.079121669875686,20.38884842521379,20.079121669875686,20.22071075439453,1760300,0.0,0.0
2021-05-06 00:00:00-04:00,20.318049810690734,20.654325112866267,20.318049810690734,20.618927001953125,1926000,0.0,0.0
2021-05-07 00:00:00-04:00,20.618928045293853,20.83131334576998,20.503887554754623,20.760517120361328,1092900,0.0,0.0
2021-05-10 00:00:00-04:00,20.85786058929932,21.32687546318209,20.73397056852366,21.105642318725586,1666600,0.0,0.0
2021-05-11 00:00:00-04:00,20.919806664498516,21.10564339299598,20.72512209510239,20.9375057220459,1550100,0.0,0.0
2021-05-12 00:00:00-04:00,20.91980534871268,20.981750358357356,20.556983131186776,20.636627197265625,1263700,0.0,0.0
2021-05-13 00:00:00-04:00,20.618931323727093,21.698550302620863,20.48619175572996,21.592357635498047,2232100,0.0,0.0
2021-05-14 00:00:00-04:00,21.64544977550428,21.75164242619386,21.47731380306858,21.725093841552734,1324600,0.0,0.0
2021-05-17 00:00:00-04:00,21.680847261716668,22.14986211623774,21.680847261716668,22.087915420532227,1250200,0.0,0.0
2021-05-18 00:00:00-04:00,22.158709237608925,22.273749712818095,21.937476126312706,21.95517349243164,1223700,0.0,0.0
2021-05-19 00:00:00-04:00,21.760487974821867,22.149858705641822,21.49500892846144,22.061365127563477,1475400,0.0,0.0
2021-05-20 00:00:00-04:00,21.96402859858472,22.087918632260422,21.654301826520346,21.672000885009766,2045900,0.0,0.0
2021-05-21 00:00:00-04:00,21.804738491642485,22.8666582754822,21.760492537263733,22.760465621948242,3800000,0.0,0.0
2021-05-24 00:00:00-04:00,22.716222574432468,22.97285218084357,21.56581073462373,21.592357635498047,3270400,0.0,0.0
2021-05-25 00:00:00-04:00,21.82243676435985,22.12331396937332,21.69854674625133,21.75164222717285,1794800,0.0,0.0
2021-05-26 00:00:00-04:00,21.804732856899573,21.928624535319138,21.698541918682267,21.919775009155273,1378500,0.0,0.0
2021-05-27 00:00:00-04:00,21.999426143163028,22.070220687403594,21.760493923397966,21.910932540893555,1749100,0.0,0.0
2021-05-28 00:00:00-04:00,21.875531905359143,21.964025497436523,21.75164188917574,21.964025497436523,1714900,0.0,0.0
2021-06-01 00:00:00-04:00,22.114464239393183,22.114464239393183,21.645449379888387,21.77819061279297,1046200,0.0,0.0
2021-06-02 00:00:00-04:00,21.884382346180118,21.99057499867738,21.725094211371697,21.7604923248291,1601200,0.0,0.0
2021-06-03 00:00:00-04:00,21.742790953325095,22.105613138262058,21.61005141774141,22.096763610839844,1328400,0.0,0.0
2021-06-04 00:00:00-04:00,22.11446496831995,22.441890765535547,22.025971372758306,22.379945755004883,1406600,0.0,0.0
2021-06-07 00:00:00-04:00,22.300299500691093,22.388791399698974,22.096763744498542,22.22065544128418,1434800,0.0,0.0
2021-06-08 00:00:00-04:00,22.2206601088238,22.848961500705848,22.087918856679583,22.795866012573242,1355200,0.0,0.0
2021-06-09 00:00:00-04:00,22.7604629054353,23.052490557955814,22.610024315477776,22.840106964111328,1164400,0.0,0.0
2021-06-10 00:00:00-04:00,22.90205584601302,22.99054944706824,22.67197484629452,22.778165817260742,1114100,0.0,0.0
2021-06-11 00:00:00-04:00,22.82241128951289,23.185233500218708,22.813561761462154,23.17638397216797,1569100,0.0,0.0
2021-06-14 00:00:00-04:00,23.132136159673685,23.211780223662412,22.530381759703232,22.583478927612305,2043800,0.0,0.0
2021-06-15 00:00:00-04:00,22.58348004474759,22.636575527408255,22.096766108754128,22.353397369384766,2918300,0.0,0.0
2021-06-16 00:00:00-04:00,21.33572008494348,21.85783032082147,20.18530698560445,20.902103424072266,8881300,0.0,0.0
2021-06-17 00:00:00-04:00,20.99945335733355,21.256084660185508,20.388850986591404,20.57468605041504,3428400,0.0,0.0
2021-06-18 00:00:00-04:00,20.41539371928202,21.05254623742079,20.309202758175484,20.849010467529297,3529500,0.0,0.0
2021-06-21 00:00:00-04:00,21.017149454094426,21.44191670112928,20.955204441552883,21.39767074584961,2208100,0.0,0.0
2021-06-22 00:00:00-04:00,21.486164862742655,21.5746567754373,21.32687671929223,21.46846580505371,1895200,0.0,0.0
2021-06-23 00:00:00-04:00,21.450763985820775,21.804736654654484,21.441914458115576,21.61005210876465,1955700,0.0,0.0
2021-06-24 00:00:00-04:00,21.672692440616316,21.806917751440505,21.48477973625561,21.66374397277832,1657100,0.27,0.0
2021-06-25 00:00:00-04:00,21.654791883611487,21.762170057756002,21.457929053104372,21.493722915649414,2515100,0.0,0.0
2021-06-28 00:00:00-04:00,21.37739663172193,21.422138964220196,20.616795753451566,20.759967803955078,2558600,0.0,0.0
2021-06-29 00:00:00-04:00,20.786809141212792,21.153687692397707,20.751016986015504,20.88524055480957,1344800,0.0,0.0
2021-06-30 00:00:00-04:00,20.876295437389594,21.037364428472255,20.742071847069226,21.01051902770996,1367500,0.0,0.0
2021-07-01 00:00:00-04:00,21.055260361537048,21.475828046349694,20.95682893683273,21.278966903686523,1902300,0.0,0.0
2021-07-02 00:00:00-04:00,21.30581059642736,21.440034180367952,21.16263854599133,21.278966903686523,1636100,0.0,0.0
2021-07-06 00:00:00-04:00,21.216328663756705,21.386346121897212,20.974726883683473,21.11789894104004,2474900,0.0,0.0
2021-07-07 00:00:00-04:00,21.11789534833523,21.3058080016173,21.046309331835598,21.05525779724121,1947400,0.0,0.0
2021-07-08 00:00:00-04:00,20.849445442584425,21.27001476146283,20.69732495194131,21.00156593322754,1791200,0.0,0.0
2021-07-09 00:00:00-04:00,21.207377820890965,21.636893910273486,21.180532425275096,21.54741096496582,1248400,0.0,0.0
2021-07-12 00:00:00-04:00,21.440034903351695,21.708483787030765,21.413191209705655,21.654794692993164,1396500,0.0,0.0
2021-07-13 00:00:00-04:00,21.654792766765546,21.66373952602138,21.135793685913086,21.135793685913086,1636100,0.0,0.0
2021-07-14 00:00:00-04:00,21.162639223081232,21.538466294186602,21.144742289517755,21.440034866333008,1344000,0.0,0.0
2021-07-15 00:00:00-04:00,21.368445792516873,21.627946171956058,21.332653637238014,21.404239654541016,1420800,0.0,0.0
2021-07-16 00:00:00-04:00,21.44003410600316,21.690586046769905,21.117897847012166,21.126846313476562,2149000,0.0,0.0
2021-07-19 00:00:00-04:00,21.091050140743494,21.207378485311555,20.742068520529862,20.88524055480957,2315500,0.0,0.0
2021-07-20 00:00:00-04:00,20.96577702793897,21.753223291238008,20.894191004002696,21.55636215209961,2317400,0.0,0.0
2021-07-21 00:00:00-04:00,21.735329688203972,21.923242375037855,21.466880798339844,21.466880798339844,2675100,0.0,0.0
2021-07-22 00:00:00-04:00,21.493728204093603,21.708486311968294,21.46688280057962,21.66374397277832,1691500,0.0,0.0
2021-07-23 00:00:00-04:00,21.81586319823876,22.03956976047427,21.76217410119101,21.950088500976562,1827900,0.0,0.0
2021-07-26 00:00:00-04:00,21.923241938439055,22.23643145033729,21.690586921221666,21.806915283203125,1602400,0.0,0.0
2021-07-27 00:00:00-04:00,21.76217410119101,22.075363629669848,21.708485004143263,21.950088500976562,1162300,0.0,0.0
2021-07-28 00:00:00-04:00,22.030619366659145,22.12904907722284,21.654792335814584,21.780067443847656,1136600,0.0,0.0
2021-07-29 00:00:00-04:00,21.93219323236486,22.2901234177812,21.93219323236486,22.012727737426758,1504700,0.0,0.0
2021-07-30 00:00:00-04:00,21.914294149982247,22.191689803166796,21.869553521217043,21.96798324584961,1204300,0.0,0.0
2021-08-02 00:00:00-04:00,22.12905387614766,22.308019817930187,21.941141173347145,21.985881805419922,1150400,0.0,0.0
2021-08-03 00:00:00-04:00,21.950087224763557,22.164845307213792,21.86955273050153,22.06641387939453,1281700,0.0,0.0
2021-08-04 00:00:00-04:00,21.950085131846492,22.325912166986082,21.771119226829406,22.23642921447754,1496600,0.0,0.0
2021-08-05 00:00:00-04:00,22.343808868869303,22.558566945036674,22.281171309997003,22.469085693359375,1257900,0.0,0.0
2021-08-06 00:00:00-04:00,22.48697909609861,22.701738861595825,22.290117968929057,22.621204376220703,1185100,0.0,0.0
2021-08-09 00:00:00-04:00,22.603310361845804,22.67489639066873,22.26327544487772,22.352758407592773,1031900,0.0,0.0
2021-08-10 00:00:00-04:00,22.379602785673537,22.540671769850594,22.200636868422254,22.513826370239258,1097600,0.0,0.0
2021-08-11 00:00:00-04:00,22.44224162684726,22.979137702529318,22.35275866310932,22.961240768432617,994300,0.0,0.0
2021-08-12 00:00:00-04:00,22.979139090727593,23.158103322269348,22.88070765399494,23.041776657104492,1154100,0.0,0.0
2021-08-13 00:00:00-04:00,23.122309761811792,23.22968795290086,22.88070627174303,22.961240768432617,670600,0.0,0.0
2021-08-16 00:00:00-04:00,22.871755677999417,23.113359145603052,22.791221188798207,23.023876190185547,810900,0.0,0.0
2021-08-17 00:00:00-04:00,22.988087558316533,23.247586291413064,22.81807008761804,23.041776657104492,1036000,0.0,0.0
2021-08-18 00:00:00-04:00,22.970186941864657,23.068618362822388,22.70173978420137,22.719635009765625,805200,0.0,0.0
2021-08-19 00:00:00-04:00,22.540669135419556,23.086511876424424,22.433289256269667,22.65699577331543,1465000,0.0,0.0
2021-08-20 00:00:00-04:00,22.64804848333238,22.84491132086746,22.46013581849839,22.800168991088867,1624100,0.0,0.0
2021-08-23 00:00:00-04:00,22.835963363033013,22.925446317835913,22.630153761708133,22.719635009765625,1037300,0.0,0.0
2021-08-24 00:00:00-04:00,22.81806620312949,22.880703758843133,22.48697978568474,22.782272338867188,1141900,0.0,0.0
2021-08-25 00:00:00-04:00,22.77332669520419,23.01492846382917,22.62120617812785,22.880704879760742,1076400,0.0,0.0
2021-08-26 00:00:00-04:00,22.8091187067,22.8091187067,22.42434318325003,22.57646369934082,1332600,0.0,0.0
2021-08-27 00:00:00-04:00,22.665947448173117,23.131257479132366,22.63015528788538,23.104412078857422,1555200,0.0,0.0
2021-08-30 00:00:00-04:00,23.07756913331561,23.21179272554973,22.925448606984787,22.961240768432617,1472500,0.0,0.0
2021-08-31 00:00:00-04:00,22.916499328467026,23.220740370355546,22.871756994809587,22.95229148864746,1570800,0.0,0.0
2021-09-01 00:00:00-04:00,23.023875621734636,23.61446072346525,22.764376934850763,23.471288681030273,1723900,0.0,0.0
2021-09-02 00:00:00-04:00,23.650256458848332,23.721842485730292,23.363912351320497,23.426549911499023,1686200,0.0,0.0
2021-09-03 00:00:00-04:00,23.354963280198966,23.363911746670816,22.979136222108576,23.247583389282227,1289500,0.0,0.0
2021-09-07 00:00:00-04:00,23.14020531031293,23.158100536592524,22.80017040981858,22.98808479309082,1292700,0.0,0.0
2021-09-08 00:00:00-04:00,23.0328254083483,23.596566851161093,22.98808478255162,23.507083892822266,2198600,0.0,0.0
2021-09-09 00:00:00-04:00,23.516123708970504,23.516123708970504,22.810910618665726,22.8199520111084,1583900,0.27,0.0
2021-09-10 00:00:00-04:00,22.81995410752387,22.973654344230788,22.39501897049625,22.40406036376953,1605500,0.0,0.0
2021-09-13 00:00:00-04:00,22.49446650384553,22.593920086177548,22.23227304742809,22.44021987915039,1453400,0.0,0.0
2021-09-14 00:00:00-04:00,22.485429387262545,22.57583986385315,22.123780583022914,22.223234176635742,1659200,0.0,0.0
2021-09-15 00:00:00-04:00,22.232277050128257,22.720500209222468,22.150906236200985,22.467348098754883,1461200,0.0,0.0
2021-09-16 00:00:00-04:00,22.503513822844184,22.729543497157906,22.331732511983837,22.584884643554688,1501200,0.0,0.0
2021-09-17 00:00:00-04:00,22.639130802632266,22.82899488282331,22.512553024702175,22.648170471191406,3282000,0.0,0.0
2021-09-20 00:00:00-04:00,22.313644465053397,22.85611590044492,22.196108096409503,22.847074508666992,1658200,0.0,0.0
2021-09-21 00:00:00-04:00,23.01885811848275,23.036940903876385,22.584881615851483,22.602964401245117,1499800,0.0,0.0
2021-09-22 00:00:00-04:00,22.639126058774902,23.13639049986055,22.566794929703068,22.90131950378418,1073000,0.0,0.0
2021-09-23 00:00:00-04:00,23.06406622578924,23.208725067173766,22.991736805096977,23.000778198242188,1096800,0.0,0.0
2021-09-24 00:00:00-04:00,23.036941979421123,23.181600820385352,22.973653952057948,23.091190338134766,753000,0.0,0.0
2021-09-27 00:00:00-04:00,23.181600820385352,23.235849179098995,23.04598337254006,23.091190338134766,1170300,0.0,0.0
2021-09-28 00:00:00-04:00,23.091191977222888,23.190643859651832,22.702420667859236,22.738584518432617,904000,0.0,0.0
2021-09-29 00:00:00-04:00,22.78378677368164,23.009816397529796,22.612003776705674,22.78378677368164,1007700,0.0,0.0
2021-09-30 00:00:00-04:00,23.000777057558444,23.045982296573204,22.584881615851483,22.602964401245117,1231100,0.0,0.0
2021-10-01 00:00:00-04:00,22.87420124119133,23.235850082126266,22.395019458550653,23.045984268188477,1335200,0.0,0.0
2021-10-04 00:00:00-04:00,23.045982835094193,23.29009527020451,22.78378933863706,23.244888305664062,1046600,0.0,0.0
2021-10-05 00:00:00-04:00,23.226808843232238,23.344343510189663,22.982696391317415,23.16352081298828,1485000,0.0,0.0
2021-10-06 00:00:00-04:00,23.02790081416128,23.04598360057809,22.666253708172242,22.70241928100586,1744800,0.0,0.0
2021-10-07 00:00:00-04:00,22.801868881114107,23.272010934201635,22.801868881114107,22.973651885986328,1279900,0.0,0.0
2021-10-08 00:00:00-04:00,23.000781006890847,23.10927428894276,22.819956570844827,22.95557403564453,1067100,0.0,0.0
2021-10-11 00:00:00-04:00,22.946530042562678,23.118313064903973,22.720500385339182,22.729541778564453,771900,0.0,0.0
2021-10-12 00:00:00-04:00,22.765704432987686,22.838033845048066,22.512550628541742,22.566797256469727,1083300,0.0,0.0
2021-10-13 00:00:00-04:00,22.494470418550797,22.494470418550797,22.105700862030883,22.232276916503906,931900,0.0,0.0
2021-10-14 00:00:00-04:00,22.331726910429122,22.404056319088063,22.187068093111243,22.37693214416504,805600,0.0,0.0
2021-10-15 00:00:00-04:00,22.5035081782009,22.747620579100747,22.35884936088302,22.37693214416504,945200,0.0,0.0
2021-10-18 00:00:00-04:00,22.27748057940241,22.385975564457365,21.82542130320045,22.196109771728516,933200,0.0,0.0
2021-10-19 00:00:00-04:00,22.277485155491355,22.32269212707923,22.096662442548773,22.187074661254883,715200,0.0,0.0
2021-10-20 00:00:00-04:00,22.187073801491618,22.521596755930712,22.15994961958997,22.259403228759766,1188600,0.0,0.0
2021-10-21 00:00:00-04:00,22.34980768834575,22.503507895372906,22.268436889068482,22.44021987915039,834700,0.0,0.0
2021-10-22 00:00:00-04:00,22.440223218820503,22.48543018318531,22.18707111625503,22.241317749023438,949900,0.0,0.0
2021-10-25 00:00:00-04:00,22.286522138943912,22.52159317126756,22.286522138943912,22.31364631652832,909200,0.0,0.0
2021-10-26 00:00:00-04:00,22.41309946633134,22.49446854853574,22.13282147691348,22.141862869262695,1292000,0.0,0.0
2021-10-27 00:00:00-04:00,22.150903406584188,22.196108642116066,20.81280843099783,20.821849822998047,2221500,0.0,0.0
2021-10-28 00:00:00-04:00,20.867056823571527,21.138291708643628,20.767603227626065,21.120210647583008,2556200,0.0,0.0
2021-10-29 00:00:00-04:00,21.08404663014544,21.27391244326205,20.803770331655606,20.858016967773438,2214100,0.0,0.0
2021-11-01 00:00:00-04:00,20.85801366652971,21.075001901127294,20.72239623546487,20.821849822998047,4034900,0.0,0.0
2021-11-02 00:00:00-04:00,20.830893546509017,20.903222966137058,20.40595669728355,20.577739715576172,2040700,0.0,0.0
2021-11-03 00:00:00-04:00,20.794726792223663,22.096657995979506,20.46020216766923,21.870628356933594,3202200,0.0,0.0
2021-11-04 00:00:00-04:00,21.906792335160713,22.756664265972965,21.906792335160713,22.223234176635742,3291700,0.0,0.0
2021-11-05 00:00:00-04:00,22.395016913118567,22.83803479599374,22.295563320718472,22.8199520111084,1887000,0.0,0.0
2021-11-08 00:00:00-05:00,22.874197532876995,22.883238924881546,22.205150044763027,22.214191436767578,1829800,0.0,0.0
2021-11-09 00:00:00-05:00,22.46734731204438,22.919406607158074,22.250359057326133,22.449264526367188,1891200,0.0,0.0
2021-11-10 00:00:00-05:00,22.250356605019267,22.874197121902096,22.19610825396663,22.575838088989258,1545200,0.0,0.0
2021-11-11 00:00:00-05:00,22.56679927010324,22.72954089287782,22.232276356150475,22.241317749023438,1982200,0.0,0.0
2021-11-12 00:00:00-05:00,22.196112535792935,22.214195322965477,21.952001806841615,22.123783111572266,1493400,0.0,0.0
2021-11-15 00:00:00-05:00,22.178028711277094,22.33172893416453,22.123780356514974,22.196109771728516,883400,0.0,0.0
2021-11-16 00:00:00-05:00,22.15994627622158,22.27748093112326,22.042409896850586,22.042409896850586,1784600,0.0,0.0
2021-11-17 00:00:00-05:00,21.933916363904835,22.078575194830844,21.707886725024284,21.988162994384766,1631500,0.0,0.0
2021-11-18 00:00:00-05:00,21.988165758784934,22.18707296966721,21.76213609148744,21.915836334228516,1508100,0.0,0.0
2021-11-19 00:00:00-05:00,21.90679483891026,22.295566140772415,21.762135990468924,22.123783111572266,1969600,0.0,0.0
2021-11-22 00:00:00-05:00,22.096657860387563,22.991735018580577,22.06953368305955,22.8199520111084,1574700,0.0,0.0
2021-11-23 00:00:00-05:00,22.865158412511587,22.982693062444987,22.639128780396458,22.82899284362793,1349500,0.0,0.0
2021-11-24 00:00:00-05:00,22.89228269018874,23.091189885971684,22.738582459115268,23.036941528320312,977700,0.0,0.0
2021-11-26 00:00:00-05:00,22.774745722271632,22.838033741980198,22.422138331158024,22.63008689880371,919300,0.0,0.0
2021-11-29 00:00:00-05:00,22.85611787695424,22.86515926951403,22.09665814662478,22.10569953918457,1569100,0.0,0.0
2021-11-30 00:00:00-05:00,21.924878011846825,21.99720743734012,21.38240645841238,21.409530639648438,1985900,0.0,0.0
2021-12-01 00:00:00-05:00,21.698843905897203,21.780214708501852,20.90322038811408,20.912260055541992,1937700,0.0,0.0
2021-12-02 00:00:00-05:00,21.002676543455223,21.51802391565361,20.731441628972764,21.409530639648438,2599800,0.0,0.0
2021-12-03 00:00:00-05:00,21.464398748925582,21.674745701254356,21.20832692856465,21.336362838745117,1919000,0.27,0.0
2021-12-06 00:00:00-05:00,21.446110888876053,22.269202189130958,21.31807322395918,22.058856964111328,2645800,0.0,0.0
2021-12-07 00:00:00-05:00,22.0862918492008,22.250910455240327,21.491837128559176,21.619873046875,2238100,0.0,0.0
2021-12-08 00:00:00-05:00,21.921675957461293,22.30578550432704,21.711330710081157,22.168603897094727,1648100,0.0,0.0
2021-12-09 00:00:00-05:00,22.077146145267086,22.168601120085203,21.58329207222296,21.592437744140625,1289300,0.0,0.0
2021-12-10 00:00:00-05:00,21.63816238223127,21.784489630826503,21.372944898286807,21.583290100097656,1927300,0.0,0.0
2021-12-13 00:00:00-05:00,21.455253796188828,21.683890354516627,21.15345360897047,21.482690811157227,2179100,0.0,0.0
2021-12-14 00:00:00-05:00,21.54671293863432,21.75705993871982,21.48269496900959,21.555858612060547,2450000,0.0,0.0
2021-12-15 00:00:00-05:00,21.71132662165669,22.232617677591282,21.647308666627307,22.095436096191406,1927800,0.0,0.0
2021-12-16 00:00:00-05:00,22.205187532642668,22.37895009515108,21.94911390906769,21.95825958251953,1572900,0.0,0.0
2021-12-17 00:00:00-05:00,21.92167281579233,22.113728433880453,21.510128053075256,21.53756332397461,3537600,0.0,0.0
2021-12-20 00:00:00-05:00,21.254057035364383,21.3180750009799,20.559001597729697,20.879093170166016,2439100,0.0,0.0
2021-12-21 00:00:00-05:00,21.00712974358822,21.473548607220994,21.00712974358822,21.409530639648438,1900600,0.0,0.0
2021-12-22 00:00:00-05:00,21.51012922346356,21.683891763142505,21.345510611676254,21.363801956176758,1372100,0.0,0.0
2021-12-23 00:00:00-05:00,21.528417587280273,21.619870808403547,21.418671279830615,21.528417587280273,850100,0.0,0.0
2021-12-27 00:00:00-05:00,21.41867150933842,21.60158144226166,21.3180708717948,21.583290100097656,894900,0.0,0.0
2021-12-28 00:00:00-05:00,21.537561744687647,21.766198288662498,21.537561744687647,21.583290100097656,923200,0.0,0.0
2021-12-29 00:00:00-05:00,21.58329229722552,21.80278319246202,21.58329229722552,21.647310256958008,821600,0.0,0.0
2021-12-30 00:00:00-05:00,21.71132422138151,21.830216191313607,21.601579666137695,21.601579666137695,886600,0.0,0.0
2021-12-31 00:00:00-05:00,21.537563388888753,21.68389064865477,21.500982446126518,21.546709060668945,1243800,0.0,0.0
2022-01-03 00:00:00-05:00,21.70217848393918,22.48868868630673,21.656451876788704,22.342361450195312,2240900,0.0,0.0
2022-01-04 00:00:00-05:00,22.39723694329927,22.82707304304489,22.27834670102359,22.616727828979492,2724100,0.0,0.0
2022-01-05 00:00:00-05:00,22.717330401512548,22.817931053459972,21.766201405104358,21.821075439453125,3892900,0.0,0.0
2022-01-06 00:00:00-05:00,22.022274447084207,22.150310368638632,21.601583993771897,21.720474243164062,1801100,0.0,0.0
2022-01-07 00:00:00-05:00,21.64731226953197,21.757058599532744,21.199184765383063,21.272348403930664,1844900,0.0,0.0
2022-01-10 00:00:00-05:00,21.272344661826818,21.345508287503915,20.732762268323835,20.924816131591797,1606000,0.0,0.0
2022-01-11 00:00:00-05:00,21.025417741605427,21.07114609998854,20.577290295602005,20.723617553710938,1668400,0.0,0.0
2022-01-12 00:00:00-05:00,20.924818376263165,20.97054673744079,20.53156493628726,20.586437225341797,1335400,0.0,0.0
2022-01-13 00:00:00-05:00,20.623014582172978,20.915670809721025,20.57728797330895,20.641305923461914,1000000,0.0,0.0
2022-01-14 00:00:00-05:00,20.568144020753284,20.668744661887448,20.110870916483023,20.211471557617188,1797400,0.0,0.0
2022-01-18 00:00:00-05:00,20.120017040812883,20.476689511978027,20.110871369198584,20.321216583251953,2099900,0.0,0.0
2022-01-19 00:00:00-05:00,20.38523393762654,20.549850774656292,20.092577712737615,20.23890495300293,1839500,0.0,0.0
2022-01-20 00:00:00-05:00,20.275490949103606,20.449255229453307,19.708471492132325,19.73590850830078,2453100,0.0,0.0
2022-01-21 00:00:00-05:00,19.699326982779912,20.037708117073326,19.598726337491232,19.607872009277344,2518800,0.0,0.0
2022-01-24 00:00:00-05:00,19.333509211987533,20.12916530117323,19.278636919603294,20.056001663208008,2743100,0.0,0.0
2022-01-25 00:00:00-05:00,19.681037583685985,20.156602097398096,19.46154667220933,20.001129150390625,2428200,0.0,0.0
2022-01-26 00:00:00-05:00,20.120017519737793,20.558999301522384,19.83650867038006,20.028562545776367,2274100,0.0,0.0
2022-01-27 00:00:00-05:00,20.037705910116273,20.623014885093014,19.863941654035674,19.927961349487305,2251800,0.0,0.0
2022-01-28 00:00:00-05:00,20.092579273770674,20.558998042487733,19.99198037849648,20.54985237121582,2652900,0.0,0.0
2022-01-31 00:00:00-05:00,20.385233653966907,20.933959925147175,20.30292436441821,20.906524658203125,5177700,0.0,0.0
2022-02-01 00:00:00-05:00,20.933963386504647,21.2997832869229,20.833364483812336,21.21747398376465,3094700,0.0,0.0
2022-02-02 00:00:00-05:00,21.21747569535731,22.196039995891244,21.043711403077104,21.967403411865234,3460900,0.0,0.0
2022-02-03 00:00:00-05:00,21.86679612224011,22.269196876456594,21.693031882680554,21.79363250732422,2377300,0.0,0.0
2022-02-04 00:00:00-05:00,21.64730958168094,22.104582701915554,21.500982322754545,21.912527084350586,2008000,0.0,0.0
2022-02-07 00:00:00-05:00,21.9674019231968,22.2234737635631,21.939964907003873,22.049711227416992,2087400,0.0,0.0
2022-02-08 00:00:00-05:00,22.08629015689787,22.433818686210326,21.866799280449257,22.41552734375,3227800,0.0,0.0
2022-02-09 00:00:00-05:00,22.543562430410404,22.799635982444283,22.543562430410404,22.63501739501953,2170300,0.0,0.0
2022-02-10 00:00:00-05:00,22.415529733002057,22.854511532689976,22.3698013719771,22.50698471069336,2512300,0.0,0.0
2022-02-11 00:00:00-05:00,22.589291707876793,22.845363526015223,22.25090884830445,22.45210838317871,2404200,0.0,0.0
2022-02-14 00:00:00-05:00,22.397236360545904,22.726473552679067,22.250909107233042,22.488691329956055,3210600,0.0,0.0
2022-02-15 00:00:00-05:00,22.497836409258415,22.845363190641,22.314926475251745,22.360654830932617,2903300,0.0,0.0
2022-02-16 00:00:00-05:00,22.324072435069464,22.936818454249543,22.2051821974786,22.827072143554688,2899700,0.0,0.0
2022-02-17 00:00:00-05:00,22.589292217003273,22.982545624344656,22.46125456068986,22.92767333984375,1845200,0.0,0.0
2022-02-18 00:00:00-05:00,22.836221758806655,23.009986053934643,22.543567205554503,22.845367431640625,3066200,0.0,0.0
2022-02-22 00:00:00-05:00,22.753907720324595,22.808781745927835,22.186890077291398,22.26919937133789,2161400,0.0,0.0
2022-02-23 00:00:00-05:00,22.269201865782474,22.269201865782474,21.610727439652717,21.629018783569336,3040500,0.0,0.0
2022-02-24 00:00:00-05:00,21.263201290484133,21.821075086837833,21.062001734199196,21.74791145324707,2383000,0.0,0.0
2022-02-25 00:00:00-05:00,21.802783055468097,22.41552912162105,21.63816444898543,22.39723777770996,2293200,0.0,0.0
2022-02-28 00:00:00-05:00,22.159458789193,22.69904130317939,22.113732167068928,22.689895629882812,3899400,0.0,0.0
2022-03-01 00:00:00-05:00,22.689890299854223,23.33007332536027,22.516127781113834,23.14716339111328,2357700,0.0,0.0
2022-03-02 00:00:00-05:00,23.220328801434658,23.97940212151823,23.1928935302389,23.897092819213867,3135000,0.0,0.0
2022-03-03 00:00:00-05:00,24.061712765671224,24.061712765671224,23.430677071958243,23.769058227539062,2891800,0.0,0.0
2022-03-04 00:00:00-05:00,23.549567632917803,23.73247759382956,23.2203304010201,23.44896697998047,2520100,0.0,0.0
2022-03-07 00:00:00-05:00,23.375025989313286,23.430482257600215,22.293619061641802,22.36756134033203,3312300,0.27,0.0
2022-03-08 00:00:00-05:00,22.450746904601516,22.598631463828845,21.98860721628537,22.136491775512695,2990900,0.0,0.0
2022-03-09 00:00:00-05:00,22.45998543177604,23.245623159521234,22.339829903025738,22.81121253967285,2797500,0.0,0.0
2022-03-10 00:00:00-05:00,22.580144533193586,23.033041197739916,22.349074698450178,22.903642654418945,2063000,0.0,0.0
2022-03-11 00:00:00-05:00,23.116223089717767,23.116223089717767,22.32134241061955,22.42301368713379,1829400,0.0,0.0
2022-03-14 00:00:00-04:00,22.57090071427518,23.92034765430836,22.561657709668022,23.541393280029297,3339600,0.0,0.0
2022-03-15 00:00:00-04:00,23.55987705795395,23.883375136875355,23.16243671210103,23.846403121948242,2426900,0.0,0.0
2022-03-16 00:00:00-04:00,24.012775166965884,24.391729529085545,23.772462343659274,24.243844985961914,2807800,0.0,0.0
2022-03-17 00:00:00-04:00,24.19763174875845,24.3547592963318,23.92958991228276,24.271574020385742,2398600,0.0,0.0
2022-03-18 00:00:00-04:00,24.20687618560509,24.669015851355123,23.85564905239823,24.622800827026367,6635700,0.0,0.0
2022-03-21 00:00:00-04:00,24.724472864681356,24.807658148063656,23.948078061728552,24.02202033996582,2031500,0.0,0.0
2022-03-22 00:00:00-04:00,24.169902874913003,24.66901453346199,23.97580507187028,24.07747459411621,2111700,0.0,0.0
2022-03-23 00:00:00-04:00,23.985050340747637,24.25309044114975,23.7447374931564,23.763221740722656,1074100,0.0,0.0
2022-03-24 00:00:00-04:00,23.80943859964845,24.095964732594812,23.680040042109404,23.87413787841797,1744600,0.0,0.0
2022-03-25 00:00:00-04:00,23.90186299587971,23.994289514511834,23.735492441665343,23.957319259643555,1475500,0.0,0.0
2022-03-28 00:00:00-04:00,23.855647784992115,24.20687489953893,23.763219504168067,24.08671760559082,1119600,0.0,0.0
2022-03-29 00:00:00-04:00,24.290062037585447,24.391731567653338,24.012777173862112,24.206876754760742,1441900,0.0,0.0
2022-03-30 00:00:00-04:00,24.142171648513713,24.22535514831543,23.89261586034096,24.22535514831543,1575600,0.0,0.0
2022-03-31 00:00:00-04:00,24.2346022808663,24.354759575464545,24.012775463442043,24.068233489990234,1733800,0.0,0.0
2022-04-01 00:00:00-04:00,24.169902670638873,24.53961402777857,24.14217542068015,24.373245239257812,1688400,0.0,0.0
2022-04-04 00:00:00-04:00,24.253088592342273,24.373245888439822,23.143954491381365,23.69852066040039,2733400,0.0,0.0
2022-04-05 00:00:00-04:00,23.624577964393406,24.29006017598829,23.624577964393406,24.08671760559082,1894500,0.0,0.0
2022-04-06 00:00:00-04:00,24.12369118913167,24.474916563556224,24.003533887383288,24.41946029663086,1828300,0.0,0.0
2022-04-07 00:00:00-04:00,24.419460112890484,24.641286941845774,24.216119293745532,24.567344665527344,1871100,0.0,0.0
2022-04-08 00:00:00-04:00,24.48415927331183,24.853870653228,24.391730987602056,24.613557815551758,1848000,0.0,0.0
2022-04-11 00:00:00-04:00,24.622798693869253,25.223581617634757,24.622798693869253,24.8815975189209,2100300,0.0,0.0
2022-04-12 00:00:00-04:00,24.9740295470372,25.260555664389145,24.82614498563471,24.983272552490234,1814500,0.0,0.0
2022-04-13 00:00:00-04:00,25.04797005782629,25.168125594379376,24.327031549739043,24.77992820739746,2101300,0.0,0.0
2022-04-14 00:00:00-04:00,24.853868692603445,25.168123781472566,24.74295616883951,24.752199172973633,1571900,0.0,0.0
2022-04-18 00:00:00-04:00,24.752202515330268,25.33449775102678,24.632045208284264,25.13115692138672,1239700,0.0,0.0
2022-04-19 00:00:00-04:00,25.168126627392937,25.63950931399886,25.168126627392937,25.59329605102539,1458900,0.0,0.0
2022-04-20 00:00:00-04:00,25.685725744396812,26.03695114580003,25.556325427734087,25.935279846191406,1942700,0.0,0.0
2022-04-21 00:00:00-04:00,26.092401789912657,26.18483006390355,25.833604738245388,25.916790008544922,1624900,0.0,0.0
2022-04-22 00:00:00-04:00,25.87981988421128,26.11088970460602,25.694963322726352,25.898305892944336,2169100,0.0,0.0
2022-04-25 00:00:00-04:00,25.842847414569178,26.351202068296555,25.343737527969395,26.24028778076172,2290100,0.0,0.0
2022-04-26 00:00:00-04:00,26.055435977618618,26.18483452550029,25.269798159216347,25.3067684173584,1931100,0.0,0.0
2022-04-27 00:00:00-04:00,25.463892188449023,25.750420020258712,25.186609123451678,25.36222267150879,1581300,0.0,0.0
2022-04-28 00:00:00-04:00,25.731937954206945,25.741180959512437,25.06645743851854,25.251312255859375,1755700,0.0,0.0
2022-04-29 00:00:00-04:00,25.214337469937135,25.297522739826363,23.994287432536034,24.095958709716797,2519400,0.0,0.0
2022-05-02 00:00:00-04:00,24.169904991098136,24.299305300712362,23.44896821619207,23.948078155517578,2090900,0.0,0.0
2022-05-03 00:00:00-04:00,23.90186110068795,24.031259626851114,23.60609203350203,23.96656036376953,1706800,0.0,0.0
2022-05-04 00:00:00-04:00,24.00353232914146,24.17914588641487,23.291838621518792,24.08671760559082,1929000,0.0,0.0
2022-05-05 00:00:00-04:00,23.837166197806344,24.05899303877147,23.310325467225766,23.513668060302734,1915300,0.0,0.0
2022-05-06 00:00:00-04:00,23.513664291876793,23.81867636968635,23.264108474690048,23.39350700378418,1712400,0.0,0.0
2022-05-09 00:00:00-04:00,23.171681326675188,23.282595616244322,22.358316333885217,22.43225860595703,2088200,0.0,0.0
2022-05-10 00:00:00-04:00,22.515446361332454,22.765000455223735,21.859207081886296,21.970121383666992,2250100,0.0,0.0
2022-05-11 00:00:00-04:00,23.10698332637575,26.462116529679424,23.097740321494452,26.25877571105957,6495300,0.0,0.0
2022-05-12 00:00:00-04:00,26.138619974853707,28.172033434371645,26.138619974853707,28.144306182861328,7596700,0.0,0.0
2022-05-13 00:00:00-04:00,28.14430435647534,29.90967761360227,27.987176810729462,29.86346435546875,5374100,0.0,0.0
2022-05-16 00:00:00-04:00,29.918922272033896,30.85244641184171,29.49375460729271,30.122264862060547,5718900,0.0,0.0
2022-05-17 00:00:00-04:00,30.168471017153735,32.31279837199146,29.752544692757372,31.471704483032227,6506300,0.0,0.0
2022-05-18 00:00:00-04:00,31.10200156256,31.416256682843624,30.519704584360305,30.806232452392578,6448900,0.0,0.0
2022-05-19 00:00:00-04:00,30.565916115607255,31.26837035685536,30.09453522480174,30.445758819580078,3096600,0.0,0.0
2022-05-20 00:00:00-04:00,30.52894038555075,30.796982195695737,29.891189016510015,30.575157165527344,3167300,0.0,0.0
2022-05-23 00:00:00-04:00,30.72304533325924,31.21291223159512,30.371818213738536,30.51045799255371,3482000,0.0,0.0
2022-05-24 00:00:00-04:00,30.723044024901927,31.998546859742927,30.029834582809645,31.961578369140625,3774200,0.0,0.0
2022-05-25 00:00:00-04:00,31.62884127430067,31.813694328235385,30.723047911805775,31.65656852722168,3910500,0.0,0.0
2022-05-26 00:00:00-04:00,31.9708214361889,32.16491924485676,31.42549650289888,31.850664138793945,3175000,0.0,0.0
2022-05-27 00:00:00-04:00,32.17416661489994,32.82115936279297,31.78596744031809,32.82115936279297,1766100,0.0,0.0
2022-05-31 00:00:00-04:00,32.6547871400509,32.79342691011244,32.20188876248738,32.57160186767578,2580300,0.0,0.0
2022-06-01 00:00:00-04:00,32.71025264850454,32.996780577767474,32.035529001382145,32.77495193481445,1972100,0.0,0.0
2022-06-02 00:00:00-04:00,32.67326664226157,33.514360530304586,32.553112891001966,33.46814727783203,2248600,0.0,0.0
2022-06-03 00:00:00-04:00,33.3110198087728,34.04120114832827,33.218589782714844,33.218589782714844,1610400,0.0,0.0
2022-06-06 00:00:00-04:00,33.27405388485854,33.754679530741306,32.83964149753562,33.11692810058594,1964800,0.0,0.0
2022-06-07 00:00:00-04:00,32.93067209080477,33.983039002401156,32.93067209080477,33.77815246582031,1988400,0.27,0.0
2022-06-08 00:00:00-04:00,33.68501439767256,33.852648159861616,33.04242067769217,33.163490295410156,1290400,0.0,0.0
2022-06-09 00:00:00-04:00,33.17279587721565,33.94577403962222,33.042414874548484,33.30317687988281,1812700,0.0,0.0
2022-06-10 00:00:00-04:00,32.9399751227881,33.32180676491255,32.59539621467975,33.01448059082031,1744700,0.0,0.0
2022-06-13 00:00:00-04:00,32.213572521882234,32.744411678449765,31.20776977094345,31.35677719116211,2440100,0.0,0.0
2022-06-14 00:00:00-04:00,31.5616568043158,32.1018108045314,31.170513744255963,32.01799392700195,1838800,0.0,0.0
2022-06-15 00:00:00-04:00,31.794486299301113,32.25082349705077,31.394028213301496,31.68273162841797,1958000,0.0,0.0
2022-06-16 00:00:00-04:00,31.44989951341228,31.47783728603955,30.499976165308592,30.984251022338867,2136800,0.0,0.0
2022-06-17 00:00:00-04:00,31.394027309316726,31.421968640695646,30.39753960381142,30.732807159423828,4312000,0.0,0.0
2022-06-21 00:00:00-04:00,31.440594248046583,31.608228040727983,30.816626782879155,31.449909210205078,1665100,0.0,0.0
2022-06-22 00:00:00-04:00,31.198451683604823,31.999367728080163,31.086697030515538,31.841045379638672,1185800,0.0,0.0
2022-06-23 00:00:00-04:00,31.850359001619374,32.26012841414193,31.300893614142016,31.803794860839844,1262600,0.0,0.0
2022-06-24 00:00:00-04:00,32.12975766264447,32.58609491433801,31.94349748741002,32.427772521972656,2353500,0.0,0.0
2022-06-27 00:00:00-04:00,32.51158420728852,33.53600967780103,32.51158420728852,33.50807189941406,1704600,0.0,0.0
2022-06-28 00:00:00-04:00,33.47082061923223,33.72227129352921,32.12975390893195,32.148380279541016,2292000,0.0,0.0
2022-06-29 00:00:00-04:00,32.1483750476573,32.343946578299416,31.96211492449588,32.204254150390625,1356000,0.0,0.0
2022-06-30 00:00:00-04:00,31.980746513768086,33.275249074546004,31.813112730813845,32.89341735839844,2065000,0.0,0.0
2022-07-01 00:00:00-04:00,32.80959881053905,34.34624055917042,32.6792177754051,34.243797302246094,2385100,0.0,0.0
2022-07-05 00:00:00-04:00,33.861962610666744,34.22516790573757,33.31249718789854,33.9830322265625,2081100,0.0,0.0
2022-07-06 00:00:00-04:00,34.14134944484927,34.346235931089915,33.46150302996092,34.22516632080078,1614500,0.0,0.0
2022-07-07 00:00:00-04:00,34.336924804121956,34.71875649216457,33.6663932742768,33.94578170776367,1960300,0.0,0.0
2022-07-08 00:00:00-04:00,34.24379360483289,35.06333601912209,34.225167237165365,34.709442138671875,1943300,0.0,0.0
2022-07-11 00:00:00-04:00,34.45798606297835,34.78393856414938,34.24378819754941,34.39279556274414,1392000,0.0,0.0
2022-07-12 00:00:00-04:00,34.35555223599583,34.63494067812425,33.992346905967196,34.253108978271484,1289900,0.0,0.0
2022-07-13 00:00:00-04:00,33.95508638529053,34.5604308316975,33.77814124143457,34.52317810058594,1033600,0.0,0.0
2022-07-14 00:00:00-04:00,33.945781967511806,34.41143054442523,33.843338712172184,34.23448181152344,891400,0.0,0.0
2022-07-15 00:00:00-04:00,34.39280249088067,35.02608480868155,34.364864714471274,34.83982467651367,1037000,0.0,0.0
2022-07-18 00:00:00-04:00,34.8398258375192,35.18440478431182,34.11341520573566,34.215858459472656,1450100,0.0,0.0
2022-07-19 00:00:00-04:00,34.48592914962286,35.57554856207001,34.26241984368564,35.445167541503906,1799200,0.0,0.0
2022-07-20 00:00:00-04:00,35.342729543532634,35.43585784273096,34.92364509190637,35.10990524291992,1503400,0.0,0.0
2022-07-21 00:00:00-04:00,34.98882827695889,35.18439979584673,34.77463039161276,35.11920928955078,1293200,0.0,0.0
2022-07-22 00:00:00-04:00,35.33341270013897,35.51036143285492,34.97020737894664,35.34272766113281,1191300,0.0,0.0
2022-07-25 00:00:00-04:00,35.48241597357839,36.18088875693715,35.22165393796167,35.98531723022461,1361700,0.0,0.0
2022-07-26 00:00:00-04:00,35.84562825054913,36.283335487746626,35.80837551256141,36.06913757324219,1553100,0.0,0.0
2022-07-27 00:00:00-04:00,36.292651759226146,36.73035901223101,35.957384210462074,36.65585708618164,1973600,0.0,0.0
2022-07-28 00:00:00-04:00,36.78623271675872,37.03768334138975,36.32989560851361,36.897987365722656,1918200,0.0,0.0
2022-07-29 00:00:00-04:00,36.925930308443675,37.298447005498275,36.58134783408227,37.214630126953125,1682300,0.0,0.0
2022-08-01 00:00:00-04:00,37.1587546418669,37.47539578886075,36.76760802376089,36.84211349487305,2921100,0.0,0.0
2022-08-02 00:00:00-04:00,36.75829794145073,36.804862086266425,36.13432703254742,36.5999755859375,2429300,0.0,0.0
2022-08-03 00:00:00-04:00,36.60929221826046,37.354329227183946,36.49753400245942,37.10287857055664,1631300,0.0,0.0
2022-08-04 00:00:00-04:00,37.02836811172996,37.307760061027764,36.7582946747536,36.888675689697266,1081000,0.0,0.0
2022-08-05 00:00:00-04:00,36.730354958393576,37.354325839197664,36.674479408177575,37.205318450927734,1411500,0.0,0.0
2022-08-08 00:00:00-04:00,37.20532446173416,37.8106655201086,37.16807172049412,37.44746017456055,1525800,0.0,0.0
2022-08-09 00:00:00-04:00,37.48471009025183,37.773413484174654,36.39509413574151,36.7303581237793,3808600,0.0,0.0
2022-08-10 00:00:00-04:00,38.574321162926665,42.57890122214143,38.18317811674265,42.34607696533203,5032300,0.0,0.0
2022-08-11 00:00:00-04:00,42.28089088681018,42.71859811968527,41.18195999534092,41.712799072265625,3278500,0.0,0.0
2022-08-12 00:00:00-04:00,41.76868033097782,42.234328956975865,41.43341630445757,42.22501754760742,1837300,0.0,0.0
2022-08-15 00:00:00-04:00,42.001494566276165,43.314623234418185,41.90836628446828,42.90485382080078,2169900,0.0,0.0
2022-08-16 00:00:00-04:00,42.93280076926879,44.35768794320849,42.93280076926879,44.24592971801758,2256300,0.0,0.0
2022-08-17 00:00:00-04:00,44.00379018535172,45.27035487339109,43.7802773069732,45.07478332519531,2063200,0.0,0.0
2022-08-18 00:00:00-04:00,44.83264161115643,45.41004481566221,44.19935930197597,45.112030029296875,2054100,0.0,0.0
2022-08-19 00:00:00-04:00,44.972337933498586,45.00027570973701,44.11554275181617,44.46943664550781,2104400,0.0,0.0
2022-08-22 00:00:00-04:00,43.83615421568593,43.91065968894677,43.01661177289918,43.445011138916016,2498700,0.0,0.0
2022-08-23 00:00:00-04:00,43.46363200621173,44.15279339251454,42.970045702143075,43.491573333740234,2061700,0.0,0.0
2022-08-24 00:00:00-04:00,43.5195132359022,43.566077380570654,42.62546886884843,43.268062591552734,1517900,0.0,0.0
2022-08-25 00:00:00-04:00,43.26806171622477,43.69645752269438,43.053863812989974,43.61264419555664,970300,0.0,0.0
2022-08-26 00:00:00-04:00,43.48225655601041,43.83615041810816,43.01660804631934,43.0817985534668,1616000,0.0,0.0
2022-08-29 00:00:00-04:00,42.59752948445422,42.96073477281978,42.32745248190985,42.67203140258789,1398600,0.0,0.0
2022-08-30 00:00:00-04:00,42.70929414481041,42.79311104273444,41.41479148446369,41.79662322998047,1951500,0.0,0.0
2022-08-31 00:00:00-04:00,41.917682379855414,42.33676680009553,41.56379202731186,41.90837097167969,1931400,0.0,0.0
2022-09-01 00:00:00-04:00,41.52654165775174,41.992190250661,41.34959647138829,41.96425247192383,1591500,0.0,0.0
2022-09-02 00:00:00-04:00,42.09463381677629,42.24364122549021,41.15402166276847,41.41478729248047,1492100,0.0,0.0
2022-09-06 00:00:00-04:00,41.55447733875744,41.889744877145986,40.86531944550688,41.35890579223633,1852600,0.0,0.0
2022-09-07 00:00:00-04:00,41.21829284574707,42.277573182640516,41.20891665814678,42.127586364746094,2053300,0.29,0.0
2022-09-08 00:00:00-04:00,41.799494323624145,42.66191769453643,41.715126508994196,42.43693923950195,1695200,0.0,0.0
2022-09-09 00:00:00-04:00,42.483807621071534,42.88689787625916,42.155712564973655,42.174461364746094,1540400,0.0,0.0
2022-09-12 00:00:00-04:00,42.31506602871261,42.7744026184082,42.09946022570199,42.7744026184082,1605000,0.0,0.0
2022-09-13 00:00:00-04:00,42.333824861255145,42.849404388585,41.72450132606733,42.01510238647461,1279500,0.0,0.0
2022-09-14 00:00:00-04:00,42.221326147954535,42.66191037007485,41.87447876070918,42.62441635131836,1930300,0.0,0.0
2022-09-15 00:00:00-04:00,42.5119325380335,43.05563704836118,41.80886858045212,42.16508865356445,1681100,0.0,0.0
2022-09-16 00:00:00-04:00,41.91198043845914,42.13696245275292,41.612006803379295,42.11821365356445,3452200,0.0,0.0
2022-09-19 00:00:00-04:00,41.7994974776423,42.84003274460346,41.62138922263667,42.765037536621094,1337800,0.0,0.0
2022-09-20 00:00:00-04:00,42.68066342622575,42.746282435556566,41.77136990722672,42.127586364746094,1097600,0.0,0.0
2022-09-21 00:00:00-04:00,42.22133091491266,42.999386425459214,41.958851298177464,41.97760009765625,1036800,0.0,0.0
2022-09-22 00:00:00-04:00,41.85574151373492,42.0432223711389,41.23704538678463,41.24641799926758,1495500,0.0,0.0
2022-09-23 00:00:00-04:00,40.74958363343885,41.12454889056467,40.44960999735108,41.07767868041992,1548700,0.0,0.0
2022-09-26 00:00:00-04:00,40.56209904354813,40.91831907586798,39.40907471426927,39.67155075073242,1568000,0.0,0.0
2022-09-27 00:00:00-04:00,40.149636374618986,41.40577374117452,40.149636374618986,40.89957046508789,2156800,0.0,0.0
2022-09-28 00:00:00-04:00,40.93706624886655,42.27757505773821,40.58084977554824,42.03384780883789,1814400,0.0,0.0
2022-09-29 00:00:00-04:00,41.84636472258869,42.17446337025646,40.5433534721698,40.69334030151367,2334100,0.0,0.0
2022-09-30 00:00:00-04:00,40.50585729618951,40.85270475672638,39.80279333840621,39.87778854370117,2366200,0.0,0.0
2022-10-03 00:00:00-04:00,40.196506931804315,40.196506931804315,37.71234643621397,37.768592834472656,3352700,0.0,0.0
2022-10-04 00:00:00-04:00,38.28416727885971,39.54030806739303,38.218548277485894,38.59351348876953,2907200,0.0,0.0
2022-10-05 00:00:00-04:00,38.44353137464974,38.73413239898677,37.46861884571376,38.45290756225586,1659100,0.0,0.0
2022-10-06 00:00:00-04:00,38.44352789876158,38.76225030516394,36.51244823876566,36.72805404663086,1690700,0.0,0.0
2022-10-07 00:00:00-04:00,36.55932195233503,36.80304919192475,35.312553615444685,35.66877365112305,2324100,0.0,0.0
2022-10-10 00:00:00-04:00,35.65002268251316,36.83117193779751,35.490663261702835,36.26871871948242,1751800,0.0,0.0
2022-10-11 00:00:00-04:00,35.996881873180165,36.48433648232378,35.593791519644306,36.287479400634766,1468500,0.0,0.0
2022-10-12 00:00:00-04:00,36.399961626211244,36.44683183544436,35.83750838751064,36.32496643066406,1286800,0.0,0.0
2022-10-13 00:00:00-04:00,35.912506010974965,37.28113623852951,35.42504793486623,36.9624137878418,1192500,0.0,0.0
2022-10-14 00:00:00-04:00,37.13115426221668,37.71235283902777,36.67181753837071,36.831180572509766,1349000,0.0,0.0
2022-10-17 00:00:00-04:00,37.02803037182781,38.34979030028979,36.84992214599526,38.077938079833984,1567900,0.0,0.0
2022-10-18 00:00:00-04:00,38.61227266841167,38.99661416950651,38.13419073328135,38.53728103637695,1519000,0.0,0.0
2022-10-19 00:00:00-04:00,38.490405621601866,38.52789964457185,37.63735491358918,37.7779655456543,1313900,0.0,0.0
2022-10-20 00:00:00-04:00,37.92795029107579,38.490403516478054,37.74984206981395,38.03106689453125,1426500,0.0,0.0
2022-10-21 00:00:00-04:00,38.10606371615333,38.50915395998916,37.81546269181629,38.45290756225586,1516800,0.0,0.0
2022-10-24 00:00:00-04:00,38.82787214384301,39.02473274450135,38.41540929554352,38.949737548828125,1245900,0.0,0.0
2022-10-25 00:00:00-04:00,38.6591435103799,39.15597420958577,38.190434224044374,38.57477569580078,1522600,0.0,0.0
2022-10-26 00:00:00-04:00,38.70601299222763,39.2403412824732,38.08731688899759,38.190433502197266,1122600,0.0,0.0
2022-10-27 00:00:00-04:00,38.56539676823927,39.287209447041924,38.33104214171767,38.63101577758789,1364400,0.0,0.0
2022-10-28 00:00:00-04:00,38.64039347468944,39.14659677001554,38.44353286298534,39.04348373413086,1860700,0.0,0.0
2022-10-31 00:00:00-04:00,38.949740979288364,39.29658484990559,38.49978049352243,38.57477569580078,2098300,0.0,0.0
2022-11-01 00:00:00-04:00,39.06222721809644,39.146595026220595,38.4060371282061,38.79037857055664,1812900,0.0,0.0
2022-11-02 00:00:00-04:00,37.702979463138746,38.021701949001994,35.88438498310854,36.09999084472656,3538800,0.0,0.0
2022-11-03 00:00:00-04:00,35.94062680311136,37.262386795458724,35.2188141014794,36.58744430541992,2800700,0.0,0.0
2022-11-04 00:00:00-04:00,36.82179480103929,37.48736460434481,36.26871778407605,37.27175521850586,2067400,0.0,0.0
2022-11-07 00:00:00-05:00,37.30925085936238,37.79670884673899,37.215510451622286,37.35612106323242,1772900,0.0,0.0
2022-11-08 00:00:00-05:00,38.04981666943088,38.53727471356854,37.599856223142524,38.077938079833984,1243600,0.0,0.0
2022-11-09 00:00:00-05:00,37.91858459336728,38.031073828570335,37.412377671001046,37.646732330322266,1526100,0.0,0.0
2022-11-10 00:00:00-05:00,38.68726065111082,39.36220309321151,38.1810538195353,38.734130859375,1817500,0.0,0.0
2022-11-11 00:00:00-05:00,38.696638936044835,38.78100675367736,37.4498740487733,37.93733215332031,2341100,0.0,0.0
2022-11-14 00:00:00-05:00,37.87171158151454,38.884121775556146,37.69359976495652,38.21855545043945,2126800,0.0,0.0
2022-11-15 00:00:00-05:00,38.59351830663286,38.84662173322862,38.10606382870896,38.28417205810547,2242300,0.0,0.0
2022-11-16 00:00:00-05:00,38.12480676372355,38.72475757740406,38.12480676372355,38.359161376953125,1039100,0.0,0.0
2022-11-17 00:00:00-05:00,38.21854824766469,39.352823643061264,37.92794725897353,39.27783203125,2116300,0.0,0.0
2022-11-18 00:00:00-05:00,39.72779972316037,40.440236258008056,39.37157966775252,40.140262603759766,1906500,0.0,0.0
2022-11-21 00:00:00-05:00,39.99964514335799,40.412111566458755,39.47469307900099,39.812164306640625,1593000,0.0,0.0
2022-11-22 00:00:00-05:00,39.85903052664556,40.57146693238554,39.287204734371,40.5058479309082,1691300,0.0,0.0
2022-11-23 00:00:00-05:00,40.45898419807242,40.59022222201939,39.79341789035967,39.92465591430664,1091400,0.0,0.0
2022-11-25 00:00:00-05:00,39.93403117562812,40.58085230223252,39.774671729111105,40.402740478515625,613900,0.0,0.0
2022-11-28 00:00:00-05:00,40.03714842766354,40.75896119464299,39.962156797518894,40.59960174560547,1377400,0.0,0.0
2022-11-29 00:00:00-05:00,40.33711776901701,40.5339783759415,39.74654667614716,40.23400115966797,1598400,0.0,0.0
2022-11-30 00:00:00-05:00,40.17776300910682,41.03081381841588,39.587188271594925,40.97456741333008,1756500,0.0,0.0
2022-12-01 00:00:00-05:00,41.1526740054886,41.26516322537961,40.496480333516644,40.7308349609375,1816000,0.0,0.0
2022-12-02 00:00:00-05:00,40.234005615710835,40.3933686412551,39.521569035072254,39.72780227661133,1359400,0.0,0.0
2022-12-05 00:00:00-05:00,39.24641865402592,40.00151975065767,38.283663405593174,39.878814697265625,1479700,0.29,0.0
2022-12-06 00:00:00-05:00,39.954326894846275,40.21861138041835,39.00100882799374,39.18978500366211,1492000,0.0,0.0
2022-12-07 00:00:00-05:00,39.019885873754326,39.89769200913345,38.802794537132364,39.24641799926758,1434100,0.0,0.0
2022-12-08 00:00:00-05:00,39.50126514963155,39.89769550385237,39.36912289842671,39.47294998168945,1000900,0.0,0.0
2022-12-09 00:00:00-05:00,39.38800200163082,39.56733740472724,39.067083553569674,39.265296936035156,1173400,0.0,0.0
2022-12-12 00:00:00-05:00,39.40688056871534,39.40688056871534,38.736728493848005,39.27473831176758,980200,0.0,0.0
2022-12-13 00:00:00-05:00,39.87880917840364,39.91656512816166,39.180338510302434,39.227535247802734,1909500,0.0,0.0
2022-12-14 00:00:00-05:00,39.246423326673046,39.822185505987875,38.94437925145318,39.43519592285156,1528100,0.0,0.0
2022-12-15 00:00:00-05:00,39.00101666161537,39.08596577769844,37.48137336313302,38.18928146362305,1630100,0.0,0.0
2022-12-16 00:00:00-05:00,37.9910659898141,38.30254726535095,37.61351358321306,38.06657791137695,4080900,0.0,0.0
2022-12-19 00:00:00-05:00,38.07601509935799,38.18927938108998,36.77346325731703,36.83009719848633,2071300,0.0,0.0
2022-12-20 00:00:00-05:00,36.858408240185184,37.84947869569318,36.858408240185184,37.51912307739258,1558900,0.0,0.0
2022-12-21 00:00:00-05:00,37.80228842951806,37.811729219677815,37.245400630105856,37.500247955322266,1173900,0.0,0.0
2022-12-22 00:00:00-05:00,37.36810819209353,37.46249449635216,36.51861705133904,37.08494567871094,833100,0.0,0.0
2022-12-23 00:00:00-05:00,37.08494300741875,37.20764447399523,36.84897366316275,36.95280075073242,709700,0.0,0.0
2022-12-27 00:00:00-05:00,36.99055464012272,36.99055464012272,35.6313724571798,35.66912841796875,1203500,0.0,0.0
2022-12-28 00:00:00-05:00,35.593614341478926,35.60305513140789,34.57422866613913,34.621421813964844,1783100,0.0,0.0
2022-12-29 00:00:00-05:00,34.706372837933294,34.980098151295614,34.517596635593534,34.6591796875,1049400,0.0,0.0
2022-12-30 00:00:00-05:00,34.309936358561224,34.51759050431047,33.81912336050909,34.46095657348633,1646700,0.0,0.0
2023-01-03 00:00:00-05:00,34.23442958606272,34.357134641379346,33.0923389344561,33.101776123046875,2583200,0.0,0.0
2023-01-04 00:00:00-05:00,33.01683122282949,33.67754612701117,32.799739851568155,33.64923095703125,2338900,0.0,0.0
2023-01-05 00:00:00-05:00,33.451008659286664,33.83799819025557,33.252795299655126,33.69641876220703,1582500,0.0,0.0
2023-01-06 00:00:00-05:00,34.04565604891447,34.69693013036472,33.84744266768262,34.621421813964844,1388300,0.0,0.0
2023-01-09 00:00:00-05:00,34.63086051821805,34.885707848352915,33.762495038297644,34.11172866821289,1722900,0.0,0.0
2023-01-10 00:00:00-05:00,34.102286560497134,34.366571042254265,33.40381580078841,34.31937789916992,2263000,0.0,0.0
2023-01-11 00:00:00-05:00,34.45152568707451,35.79182988962295,34.33826140531424,35.66912841796875,2132500,0.0,0.0
2023-01-12 00:00:00-05:00,35.80126894431811,35.94285199010881,35.367086218116064,35.480350494384766,1611700,0.0,0.0
2023-01-13 00:00:00-05:00,35.26325593103517,35.83902165077541,35.14055087585952,35.72575378417969,1149000,0.0,0.0
2023-01-17 00:00:00-05:00,35.75407184098028,36.15993935337165,35.688000720414806,36.01835632324219,1452900,0.0,0.0
2023-01-18 00:00:00-05:00,36.15049881292775,36.490295207089936,35.9334074723477,36.329837799072266,1456000,0.0,0.0
2023-01-19 00:00:00-05:00,36.273207023953894,36.424227256659925,35.10279752002738,35.15943145751953,1945100,0.0,0.0
2023-01-20 00:00:00-05:00,35.32932700210747,35.94284867649734,34.9989713931936,35.33876419067383,1365400,0.0,0.0
2023-01-23 00:00:00-05:00,35.45203201116975,36.97167141081058,35.45203201116975,36.33927536010742,1727300,0.0,0.0
2023-01-24 00:00:00-05:00,36.36759415776094,36.915044764322836,36.08443166498354,36.490299224853516,1128800,0.0,0.0
2023-01-25 00:00:00-05:00,36.31096281902511,36.320400008261515,35.59361401644194,35.69744110107422,1487600,0.0,0.0
2023-01-26 00:00:00-05:00,35.81070561682214,36.461983297330356,35.508665150727985,36.395912170410156,1099300,0.0,0.0
2023-01-27 00:00:00-05:00,36.32040099575096,36.603563488424555,35.92397422612922,36.103309631347656,961700,0.0,0.0
2023-01-30 00:00:00-05:00,35.99004630807311,36.39591387854908,35.895656407609785,36.122188568115234,1094500,0.0,0.0
2023-01-31 00:00:00-05:00,36.37702703651155,36.839524833988136,36.15049493119244,36.79233169555664,2892800,0.0,0.0
2023-02-01 00:00:00-05:00,36.726267651210215,37.43417566576755,36.5186134814127,37.245399475097656,1837300,0.0,0.0
2023-02-02 00:00:00-05:00,37.254842175735234,37.50024871576835,36.55637131461453,36.89616775512695,1757000,0.0,0.0
2023-02-03 00:00:00-05:00,36.839522281278064,37.509677762748815,36.4619735993818,37.12268829345703,1550000,0.0,0.0
2023-02-06 00:00:00-05:00,36.96223280947686,37.44360862067208,36.88672450211167,37.16044616699219,1524000,0.0,0.0
2023-02-07 00:00:00-05:00,36.8678535338443,37.44361573885218,36.631884177484686,37.30203628540039,2573900,0.0,0.0
2023-02-08 00:00:00-05:00,37.95330866928601,37.95330866928601,36.32984202052103,37.18877029418945,2382600,0.0,0.0
2023-02-09 00:00:00-05:00,37.24540495579314,37.24540495579314,35.49923303651013,35.57474136352539,1766000,0.0,0.0
2023-02-10 00:00:00-05:00,35.3670899518708,36.7451501938775,35.31989319788699,36.716835021972656,1894800,0.0,0.0
2023-02-13 00:00:00-05:00,36.79233711652506,37.52856026622708,36.56580857843499,37.51912307739258,1293800,0.0,0.0
2023-02-14 00:00:00-05:00,37.415291419966195,37.46248455957772,36.99998675053675,37.42473220825195,1239000,0.0,0.0
2023-02-15 00:00:00-05:00,37.47192801550558,37.566314301448024,36.87728433237136,37.48136520385742,1124900,0.0,0.0
2023-02-16 00:00:00-05:00,37.16988142861839,37.36809475665933,36.95279012639182,37.12268829345703,1135900,0.0,0.0
2023-02-17 00:00:00-05:00,37.2076450377846,37.33035010682681,36.62244206333222,36.81121826171875,1412200,0.0,0.0
2023-02-21 00:00:00-05:00,36.46198400023666,36.61300423619508,35.244381322480805,35.25381851196289,1176000,0.0,0.0
2023-02-22 00:00:00-05:00,35.159431111636174,35.75407484733161,34.84794985940312,35.536983489990234,1353100,0.0,0.0
2023-02-23 00:00:00-05:00,35.706885905633946,36.065556746646465,35.2066284053051,35.546424865722656,729200,0.0,0.0
2023-02-24 00:00:00-05:00,35.319885591099634,35.433153455538296,34.96121482219529,35.017845153808594,956600,0.0,0.0
2023-02-27 00:00:00-05:00,35.31988424652744,35.42371131800733,34.84794563115039,34.98952865600586,999900,0.0,0.0
2023-02-28 00:00:00-05:00,34.74413241130533,35.26326432126538,34.67806127370716,34.73469161987305,1382400,0.0,0.0
2023-03-01 00:00:00-05:00,34.64029710768443,34.76300216300354,34.15891767560503,34.48927688598633,1142500,0.0,0.0
2023-03-02 00:00:00-05:00,34.423204974319084,34.65917429034681,34.19667284666582,34.31937789916992,872300,0.0,0.0
2023-03-03 00:00:00-05:00,34.366575033976474,34.38545301352411,34.00790062378414,34.09284973144531,1061400,0.0,0.0
2023-03-06 00:00:00-05:00,34.168973048440954,34.292671266529865,33.82642637050185,34.19751739501953,1390800,0.29,0.0
2023-03-07 00:00:00-05:00,34.254609346702594,34.95873346925216,34.254609346702594,34.482975006103516,1838600,0.0,0.0
2023-03-08 00:00:00-05:00,34.6066689734444,35.596247430214206,34.52103230642107,35.367881774902344,2053800,0.0,0.0
2023-03-09 00:00:00-05:00,35.46303579748758,35.46303579748758,34.36878989519342,34.47345733642578,1606500,0.0,0.0
2023-03-10 00:00:00-05:00,34.47346052714898,34.61618952926697,33.65515532513769,33.854976654052734,1441000,0.0,0.0
2023-03-13 00:00:00-04:00,33.42678502299032,33.92157417713297,32.97957098122232,33.14133071899414,1558700,0.0,0.0
2023-03-14 00:00:00-04:00,33.58854594236294,34.06430439375548,33.35066671666668,33.664669036865234,1479300,0.0,0.0
2023-03-15 00:00:00-04:00,33.04618678393359,33.274552473527855,32.665582140942476,33.10327911376953,1676700,0.0,0.0
2023-03-16 00:00:00-04:00,32.77975708938502,33.35066576282834,32.532360669077114,33.34115219116211,1123700,0.0,0.0
2023-03-17 00:00:00-04:00,33.26503178402147,33.26503178402147,32.30400125920853,32.71315383911133,5700200,0.0,0.0
2023-03-20 00:00:00-04:00,32.931996349209896,33.86448235839828,32.865390464964186,33.750301361083984,1314000,0.0,0.0
2023-03-21 00:00:00-04:00,34.27364557795545,34.27364557795545,33.284066945902694,33.426795959472656,1393700,0.0,0.0
2023-03-22 00:00:00-04:00,33.4077574739649,33.59806157156492,32.47527138844842,32.5323600769043,1376100,0.0,0.0
2023-03-23 00:00:00-04:00,32.54187709097494,32.68460244104248,31.52375434888183,31.628421783447266,1948600,0.0,0.0
2023-03-24 00:00:00-04:00,31.533271768909948,32.44672718792353,31.314423301630605,32.42770004272461,1171700,0.0,0.0
2023-03-27 00:00:00-04:00,32.684605613809296,33.131819739546856,32.57042459672172,32.80830383300781,1103400,0.0,0.0
2023-03-28 00:00:00-04:00,32.76072871170041,33.00812152034835,32.55139382224894,32.80830383300781,985200,0.0,0.0
2023-03-29 00:00:00-04:00,33.055699764391804,33.179394351943984,32.68460511248817,32.694122314453125,860900,0.0,0.0
2023-03-30 00:00:00-04:00,32.9986084506131,33.093758694677206,32.64654819187694,32.9224853515625,1007000,0.0,0.0
2023-03-31 00:00:00-04:00,33.198423192823135,33.61709294092333,32.97957474711113,33.54096984863281,1471500,0.0,0.0
2023-04-03 00:00:00-04:00,33.59806187054225,33.77884876850922,33.37921342676684,33.73127365112305,946400,0.0,0.0
2023-04-04 00:00:00-04:00,33.64563585585601,33.64563585585601,32.361085951157825,32.608482360839844,1087000,0.0,0.0
2023-04-05 00:00:00-04:00,32.208847141237115,33.103275392712234,32.085152551787694,32.80830383300781,961900,0.0,0.0
2023-04-06 00:00:00-04:00,32.96054445549551,32.97006165704526,32.14223935016353,32.361087799072266,1234600,0.0,0.0
2023-04-10 00:00:00-04:00,32.17079062375621,32.713155015739964,32.161273421230604,32.246910095214844,1211900,0.0,0.0
2023-04-11 00:00:00-04:00,32.43721085217823,32.90345572431685,32.20884520200345,32.25642395019531,1651900,0.0,0.0
2023-04-12 00:00:00-04:00,32.541878478808364,32.96054460517647,32.456241813216145,32.76072692871094,1951800,0.0,0.0
2023-04-13 00:00:00-04:00,32.75121307373047,32.97006517574487,32.45624512968798,32.75121307373047,1146000,0.0,0.0
2023-04-14 00:00:00-04:00,32.75121436105184,33.16036697346643,32.41818485315595,32.684608459472656,902300,0.0,0.0
2023-04-17 00:00:00-04:00,32.63703005429389,32.779759046048795,32.29448337788134,32.598968505859375,931200,0.0,0.0
2023-04-18 00:00:00-04:00,32.703627738865,32.836839495193665,32.075626866352614,32.28496170043945,1179800,0.0,0.0
2023-04-19 00:00:00-04:00,32.265936017102995,32.3420591068605,31.970964488915705,32.218360900878906,783800,0.0,0.0
2023-04-20 00:00:00-04:00,32.06611992280326,32.16127015991514,31.647450168113664,31.96145248413086,1734500,0.0,0.0
2023-04-21 00:00:00-04:00,32.26593752198436,32.39914930552429,31.818723423172717,32.25642395019531,2187300,0.0,0.0
2023-04-24 00:00:00-04:00,32.265937279638074,32.61799750917057,32.123208295632246,32.3515739440918,1435700,0.0,0.0
2023-04-25 00:00:00-04:00,32.29448111443863,32.570421876625275,32.04708832645154,32.23739242553711,1126100,0.0,0.0
2023-04-26 00:00:00-04:00,32.218362146516746,32.42769702169457,31.609391923907264,31.70454216003418,1062300,0.0,0.0
2023-04-27 00:00:00-04:00,31.723575676417703,32.33254595168621,31.647452577134565,32.32303237915039,1097500,0.0,0.0
2023-04-28 00:00:00-04:00,32.27545137704833,32.38011881639088,32.00902780763013,32.26593780517578,1259100,0.0,0.0
2023-05-01 00:00:00-04:00,32.44672718792353,32.5799426125602,31.885332031076796,32.42770004272461,1286900,0.0,0.0
2023-05-02 00:00:00-04:00,32.1707901749182,32.29448476803138,30.867209308039875,31.48569679260254,1542700,0.0,0.0
2023-05-03 00:00:00-04:00,31.5237574978758,31.742605960306378,30.77205823795179,30.86720848083496,2414400,0.0,0.0
2023-05-04 00:00:00-04:00,30.648359829757425,30.753027274134126,29.972783672097545,30.56272315979004,1855300,0.0,0.0
2023-05-05 00:00:00-04:00,30.914785038033436,31.457149369424474,30.70545016284783,30.85769271850586,2102800,0.0,0.0
2023-05-08 00:00:00-04:00,30.924300202916747,31.17169300745051,30.581753527601517,30.600784301757812,1806900,0.0,0.0
2023-05-09 00:00:00-04:00,30.71496234093162,31.4095691964643,30.419992629587146,31.171689987182617,2299600,0.0,0.0
2023-05-10 00:00:00-04:00,29.316232765889865,30.48659983578464,29.259142264757582,29.715869903564453,5411400,0.0,0.0
2023-05-11 00:00:00-04:00,29.734902642355856,30.686419526911244,29.715871869094887,30.115509033203125,2537600,0.0,0.0
2023-05-12 00:00:00-04:00,30.439027752969988,31.314423440853957,30.13454261194506,30.486604690551758,2568900,0.0,0.0
2023-05-15 00:00:00-04:00,29.04029584240097,30.020357075017504,29.021265069080886,29.62071990966797,4358600,0.0,0.0
2023-05-16 00:00:00-04:00,29.544598377558465,29.763448639111232,28.27908100063119,28.716779708862305,4279100,0.0,0.0
2023-05-17 00:00:00-04:00,28.84999242932412,29.116417817557465,28.269566533293197,28.593082427978516,2014300,0.0,0.0
2023-05-18 00:00:00-04:00,28.46938382847881,28.535989716672173,27.736715428603137,27.888957977294922,2663900,0.0,0.0
2023-05-19 00:00:00-04:00,27.984109964330628,28.24101994527859,27.727199983382665,28.183929443359375,3107900,0.0,0.0
2023-05-22 00:00:00-04:00,28.241023775632662,28.364720182380395,27.613022724721993,27.736719131469727,1393500,0.0,0.0
2023-05-23 00:00:00-04:00,27.70817226435897,28.031686332942947,27.432231498813824,27.470293045043945,2014100,0.0,0.0
2023-05-24 00:00:00-04:00,27.822355672126257,28.716782122032466,27.71768822584347,28.231508255004883,2866000,0.0,0.0
2023-05-25 00:00:00-04:00,28.117322731428622,28.688233215365496,28.117322731428622,28.459869384765625,2441400,0.0,0.0
2023-05-26 00:00:00-04:00,28.469386524750497,28.888054480741175,28.469386524750497,28.555023193359375,2286900,0.0,0.0
2023-05-30 00:00:00-04:00,28.545506753587176,29.068840318119832,28.469385474839257,28.726295471191406,2764400,0.0,0.0
2023-05-31 00:00:00-04:00,28.58356925648833,28.859508220601498,28.35520359773154,28.402780532836914,3440000,0.0,0.0
2023-06-01 00:00:00-04:00,28.535993701633586,29.04981373637746,28.40278190664425,28.488418579101562,2822600,0.0,0.0
2023-06-02 00:00:00-04:00,28.71678100603029,29.420903310762952,28.71678100603029,29.249629974365234,2985600,0.0,0.0
2023-06-05 00:00:00-04:00,29.12593425864569,29.734904522506774,29.021266813966612,29.516056060791016,2425700,0.0,0.0
2023-06-06 00:00:00-04:00,29.458423968510044,30.015511794129022,29.458423968510044,29.986696243286133,1993800,0.29,0.0
2023-06-07 00:00:00-04:00,29.72736526535609,30.678256511985367,29.71776008120813,30.572601318359375,1614700,0.0,0.0
2023-06-08 00:00:00-04:00,30.59180869237115,30.7070672268622,30.130770890404193,30.438129425048828,1500200,0.0,0.0
2023-06-09 00:00:00-04:00,30.553389233637965,30.783908144234243,30.495759963989258,30.495759963989258,1107700,0.0,0.0
2023-06-12 00:00:00-04:00,30.59181292524773,30.755097398370935,30.332478438757644,30.543787002563477,1290700,0.0,0.0
2023-06-13 00:00:00-04:00,30.514972500466133,30.94719663356118,30.4861569475926,30.851144790649414,1178200,0.0,0.0
2023-06-14 00:00:00-04:00,31.21613314943816,31.350602059841414,30.82232977011306,31.30257797241211,1747800,0.0,0.0
2023-06-15 00:00:00-04:00,31.32178483860024,31.763612255961036,31.19691929404085,31.657957077026367,1273500,0.0,0.0
2023-06-16 00:00:00-04:00,31.773221450123042,31.84045590241993,31.456255891578138,31.58112144470215,2616200,0.0,0.0
2023-06-20 00:00:00-04:00,31.60033416748047,31.705985697535677,31.22573748018189,31.60033416748047,1644000,0.0,0.0
2023-06-21 00:00:00-04:00,31.54269974285607,32.11899607743091,31.54269974285607,32.051761627197266,1791900,0.0,0.0
2023-06-22 00:00:00-04:00,31.878871994024266,32.070971993550124,31.67716864332335,32.051761627197266,1175800,0.0,0.0
2023-06-23 00:00:00-04:00,31.898086811640304,32.03255573087224,31.24494892051099,31.312183380126953,2248800,0.0,0.0
2023-06-26 00:00:00-04:00,31.177714002744374,31.590727770889437,30.735886513473954,30.774307250976562,980500,0.0,0.0
2023-06-27 00:00:00-04:00,30.812726176194985,31.158501801371713,30.649439883414356,31.033639907836914,1005600,0.0,0.0
2023-06-28 00:00:00-04:00,31.033641733114383,31.177714002744374,30.342083114080197,30.774307250976562,2121600,0.0,0.0
2023-06-29 00:00:00-04:00,30.71667569860228,30.851144613905227,30.543786046354732,30.755096435546875,1107300,0.0,0.0
2023-06-30 00:00:00-04:00,30.86075032544752,31.110477777023426,30.553389938889683,30.611021041870117,1158700,0.0,0.0
2023-07-03 00:00:00-04:00,30.591810203983496,31.29297395678925,30.534180933890376,31.100873947143555,747000,0.0,0.0
2023-07-05 00:00:00-04:00,30.908774343700156,30.918377695507328,29.746572750872875,29.842622756958008,1698000,0.0,0.0
2023-07-06 00:00:00-04:00,29.71775780217522,29.967487074865936,29.44881816266182,29.871437072753906,1637200,0.0,0.0
2023-07-07 00:00:00-04:00,29.919462080084944,30.45733954369056,29.833017258719572,30.169191360473633,1522900,0.0,0.0
2023-07-10 00:00:00-04:00,30.05393269757948,30.457339419639535,30.044327513911174,30.418920516967773,1017400,0.0,0.0
2023-07-11 00:00:00-04:00,30.457340953300715,30.91837880058589,30.4477376011503,30.831933975219727,908400,0.0,0.0
2023-07-12 00:00:00-04:00,31.100871842567024,31.206527023922682,30.649437400048374,30.66864776611328,1067200,0.0,0.0
2023-07-13 00:00:00-04:00,30.735881749774613,31.244943618774414,30.64943693579327,31.244943618774414,906000,0.0,0.0
2023-07-14 00:00:00-04:00,31.350601162051156,31.360208177663704,30.99521852844783,31.264156341552734,1237000,0.0,0.0
2023-07-17 00:00:00-04:00,30.927981503299947,31.667564091840028,30.918374488486286,31.657957077026367,918800,0.0,0.0
2023-07-18 00:00:00-04:00,31.763611107160827,32.30149033319165,31.69637666190728,32.28227996826172,938000,0.0,0.0
2023-07-19 00:00:00-04:00,32.532010953393765,32.75292467832052,32.138207589132534,32.69529724121094,1217700,0.0,0.0
2023-07-20 00:00:00-04:00,32.73372048061093,32.800954938386575,32.41675489623732,32.72411346435547,851100,0.0,0.0
2023-07-21 00:00:00-04:00,32.97384581258492,33.03147325624011,32.3399146203515,32.34952163696289,951500,0.0,0.0
2023-07-24 00:00:00-04:00,32.33991002123591,32.435961853673675,31.76361368262037,31.888479232788086,987700,0.0,0.0
2023-07-25 00:00:00-04:00,31.821250535798658,32.10939875720755,31.773226442897748,32.06137466430664,783700,0.0,0.0
2023-07-26 00:00:00-04:00,32.20544694300937,32.4647814414784,32.04216429434559,32.06137466430664,798200,0.0,0.0
2023-07-27 00:00:00-04:00,32.13820810587104,32.21504957525647,31.705984000585264,31.782825469970703,904600,0.0,0.0
2023-07-28 00:00:00-04:00,31.898084683141462,32.435963988180774,31.811639860260197,32.40715026855469,775700,0.0,0.0
2023-07-31 00:00:00-04:00,32.49359031848856,32.580031464669574,32.099783333428554,32.28227996826172,926400,0.0,0.0
2023-08-01 00:00:00-04:00,32.234260622792156,32.435963988180774,31.917295050893188,32.40715026855469,858100,0.0,0.0
2023-08-02 00:00:00-04:00,32.14781574565714,32.72411212122432,32.08058129064107,32.666481018066406,808100,0.0,0.0
2023-08-03 00:00:00-04:00,32.66648111331311,33.08910187636409,32.35912255691404,32.92581558227539,1738900,0.0,0.0
2023-08-04 00:00:00-04:00,32.89700182221318,33.05068110022398,32.32070544567342,32.40715026855469,1240000,0.0,0.0
2023-08-07 00:00:00-04:00,32.59924340629365,33.127519307411326,32.52240560686003,33.11791229248047,1053900,0.0,0.0
2023-08-08 00:00:00-04:00,33.0602827559139,33.7422379521014,32.87778976763997,33.6942138671875,1069100,0.0,0.0
2023-08-09 00:00:00-04:00,33.67500444856907,34.395376734568664,33.636583713955055,34.25130081176758,1638500,0.0,0.0
2023-08-10 00:00:00-04:00,34.29933003475002,34.42419560894415,34.06881292054921,34.22249221801758,1128100,0.0,0.0
2023-08-11 00:00:00-04:00,34.20328041233107,34.54905973312348,33.79026663071827,33.8190803527832,1358400,0.0,0.0
2023-08-14 00:00:00-04:00,33.886311856413634,34.04959814987298,33.62697738845092,33.771053314208984,1032700,0.0,0.0
2023-08-15 00:00:00-04:00,33.80947236213499,34.19366870497574,33.67500345894059,33.95354461669922,1770700,0.0,0.0
2023-08-16 00:00:00-04:00,34.91404047679008,37.9588157784231,34.89483377432165,37.248046875,5407800,0.0,0.0
2023-08-17 00:00:00-04:00,37.132793033366426,37.9107964857687,36.88306556568354,37.28647232055664,2513800,0.0,0.0
2023-08-18 00:00:00-04:00,37.286469599721634,37.87237298438131,37.0847662370036,37.84355926513672,1749700,0.0,0.0
2023-08-21 00:00:00-04:00,37.709083270828785,38.2757762365678,37.65145583756888,38.03565216064453,1409700,0.0,0.0
2023-08-22 00:00:00-04:00,37.958816456172556,38.30459573082235,37.59382681470857,37.785926818847656,1533300,0.0,0.0
2023-08-23 00:00:00-04:00,37.997238192971324,38.285386374785986,37.593827807228465,38.083683013916016,1398900,0.0,0.0
2023-08-24 00:00:00-04:00,37.96842187329366,38.29499079889661,37.728297771056276,37.7955322265625,934600,0.0,0.0
2023-08-25 00:00:00-04:00,38.03565603939876,38.38143533023015,37.70908711628056,38.20854568481445,931100,0.0,0.0
2023-08-28 00:00:00-04:00,38.18933534904138,38.50630092056958,38.09328717439811,38.29499053955078,864700,0.0,0.0
2023-08-29 00:00:00-04:00,38.28538897445503,38.49669936533562,38.08368559988892,38.37183380126953,1099300,0.0,0.0
2023-08-30 00:00:00-04:00,38.41985264182441,38.65037336983654,38.10288709880808,38.14130783081055,1478000,0.0,0.0
2023-08-31 00:00:00-04:00,38.266177297935386,38.72721513718725,38.12210137016785,38.4006462097168,1810000,0.0,0.0
2023-09-01 00:00:00-04:00,38.515904784428535,39.159439287902636,38.41985660850848,38.487091064453125,1507200,0.0,0.0
2023-09-05 00:00:00-04:00,38.39104741738178,38.410257787632574,37.70909209749071,37.83395767211914,1590000,0.0,0.0
2023-09-06 00:00:00-04:00,37.71774801894307,37.9211034078314,37.47565721483434,37.66933059692383,2132900,0.32,0.0
2023-09-07 00:00:00-04:00,37.68869641881664,38.134146327198806,37.58217956286865,37.89205551147461,1778500,0.0,0.0
2023-09-08 00:00:00-04:00,38.046994749657806,38.65706096585938,37.77585051511095,38.27939987182617,1333900,0.0,0.0
2023-09-11 00:00:00-04:00,38.250351019481414,38.50212385652245,38.153516165391686,38.395606994628906,864200,0.0,0.0
2023-09-12 00:00:00-04:00,38.19224799542893,38.34718597880542,37.85332231117187,37.950157165527344,942700,0.0,0.0
2023-09-13 00:00:00-04:00,37.95015641916568,38.017941554683965,37.55312761369592,37.833953857421875,1344900,0.0,0.0
2023-09-14 00:00:00-04:00,37.9114237372978,38.17287857111619,37.853320610886634,38.1631965637207,1448100,0.0,0.0
2023-09-15 00:00:00-04:00,38.07604172696916,38.49243820940956,37.998574589824166,38.38591766357422,3724800,0.0,0.0
2023-09-18 00:00:00-04:00,38.44401812806337,39.5673192440697,38.44401812806337,39.51890182495117,1854400,0.0,0.0
2023-09-19 00:00:00-04:00,39.567322385370616,40.08055371799521,39.441434130458184,39.98371887207031,2187100,0.0,0.0
2023-09-20 00:00:00-04:00,40.187076568603516,40.60347307917272,40.12897344131033,40.187076568603516,1321100,0.0,0.0
2023-09-21 00:00:00-04:00,40.15802814062744,40.33233383408765,39.954669035581915,40.1386604309082,1387400,0.0,0.0
2023-09-22 00:00:00-04:00,40.090239272501314,40.99081737355985,39.819095055679746,40.71967315673828,1738500,0.0,0.0
2023-09-25 00:00:00-04:00,40.57442253079293,41.281327275311575,40.54536912073551,41.242591857910156,1164600,0.0,0.0
2023-09-26 00:00:00-04:00,41.21354070236553,41.368478672546836,40.51631798954336,40.564735412597656,1490200,0.0,0.0
2023-09-27 00:00:00-04:00,40.59378774485232,41.12639051482614,40.59378774485232,41.048919677734375,911000,0.0,0.0
2023-09-28 00:00:00-04:00,41.13607013879844,41.93981340399433,41.13607013879844,41.72677230834961,1061000,0.0,0.0
2023-09-29 00:00:00-04:00,41.920446495634906,42.50146297518952,41.65898797163152,41.697723388671875,1475300,0.0,0.0
2023-10-02 00:00:00-04:00,41.697724200079776,41.77519134165526,40.94239832914545,41.07796859741211,1094000,0.0,0.0
2023-10-03 00:00:00-04:00,41.04892194406926,41.09733937291835,39.88688518162584,40.09024429321289,1148600,0.0,0.0
2023-10-04 00:00:00-04:00,40.14834549995509,40.67126262020663,40.0224609182011,40.603477478027344,1351100,0.0,0.0
2023-10-05 00:00:00-04:00,40.50663643744647,40.70999183296585,40.216124507832916,40.254859924316406,1138700,0.0,0.0
2023-10-06 00:00:00-04:00,40.11929238537386,40.680941186478826,39.54795788248389,39.567325592041016,1756400,0.0,0.0
2023-10-09 00:00:00-04:00,39.79004395516479,41.30069187394942,39.78036194854988,41.06828308105469,1507700,0.0,0.0
2023-10-10 00:00:00-04:00,41.40721085648823,41.75582221678814,41.174805745630046,41.28132629394531,1393900,0.0,0.0
2023-10-11 00:00:00-04:00,41.29100836948164,41.95918137583456,41.28132636235177,41.862342834472656,991600,0.0,0.0
2023-10-12 00:00:00-04:00,41.89139327165929,42.01728153059249,41.03923625706776,41.68803787231445,985500,0.0,0.0
2023-10-13 00:00:00-04:00,41.77519224217117,41.96886564130389,41.36848142860402,41.484683990478516,1220500,0.0,0.0
2023-10-16 00:00:00-04:00,41.872030358336026,42.637034551326785,41.71709237942505,42.37557601928711,1973000,0.0,0.0
2023-10-17 00:00:00-04:00,42.375575600935285,43.41172771131327,42.14317048186963,42.540199279785156,1735000,0.0,0.0
2023-10-18 00:00:00-04:00,42.40462815739001,42.63703327177552,41.91076082479858,41.98823165893555,1243900,0.0,0.0
2023-10-19 00:00:00-04:00,41.901078023622254,42.52082990892454,41.66866921962759,42.01728057861328,1534100,0.0,0.0
2023-10-20 00:00:00-04:00,42.01728414184268,42.298110393064384,41.73645789062098,41.8817138671875,944100,0.0,0.0
2023-10-23 00:00:00-04:00,41.7751886252701,41.813924040545494,41.22322188663955,41.329742431640625,915100,0.0,0.0
2023-10-24 00:00:00-04:00,41.59119651597282,41.8042338892827,41.13606466997113,41.20384979248047,942800,0.0,0.0
2023-10-25 00:00:00-04:00,41.0876481846448,41.24258613875232,40.51631378624601,40.72935485839844,1154000,0.0,0.0
2023-10-26 00:00:00-04:00,40.68093819428785,41.05860296185413,40.29359511367419,40.40979766845703,1180700,0.0,0.0
2023-10-27 00:00:00-04:00,40.33233218397869,40.390431616746476,39.422068334480606,39.61574172973633,1161200,0.0,0.0
2023-10-30 00:00:00-04:00,39.76099894065899,39.87720150383411,39.480172693473975,39.71257781982422,1253000,0.0,0.0
2023-10-31 00:00:00-04:00,39.828783092068896,39.828783092068896,39.199345476911276,39.751312255859375,1319000,0.0,0.0
2023-11-01 00:00:00-04:00,39.85783073357436,40.41948318481445,39.6641573471463,40.41948318481445,1201000,0.0,0.0
2023-11-02 00:00:00-04:00,40.5163191197924,40.88429819449292,40.44853398682292,40.81651306152344,1169600,0.0,0.0
2023-11-03 00:00:00-04:00,40.96176337454942,41.91075888472146,40.864928530373454,41.329742431640625,1058000,0.0,0.0
2023-11-06 00:00:00-05:00,41.27163955138966,41.465312934892836,40.15802406076832,40.438846588134766,1273400,0.0,0.0
2023-11-07 00:00:00-05:00,40.477585807258556,40.55505664554467,39.9837221422297,40.14834213256836,1350400,0.0,0.0
2023-11-08 00:00:00-05:00,39.94498327106773,40.46790030227017,37.95983938670203,40.42916488647461,2066700,0.0,0.0
2023-11-09 00:00:00-05:00,40.690624990779504,42.60798381936961,40.65188957347157,42.123802185058594,2217100,0.0,0.0
2023-11-10 00:00:00-05:00,42.036646683385754,43.66349716725795,42.036646683385754,43.54729461669922,1641200,0.0,0.0
2023-11-13 00:00:00-05:00,43.5472969155166,43.81843744580436,43.03406187659844,43.75065231323242,1331300,0.0,0.0
2023-11-14 00:00:00-05:00,44.02179369711714,44.67059901375973,44.02179369711714,44.30261993408203,1626500,0.0,0.0
2023-11-15 00:00:00-05:00,44.07021215006172,44.65123234636959,43.992745006961705,44.11863327026367,1130800,0.0,0.0
2023-11-16 00:00:00-05:00,44.17673070734375,44.457556938165524,43.188999742876334,43.31488800048828,1382600,0.0,0.0
2023-11-17 00:00:00-05:00,43.46014544713976,44.42850873619538,43.42141002901447,44.13800048828125,1488500,0.0,0.0
2023-11-20 00:00:00-05:00,44.157362273726825,44.70932902509747,43.59571351532012,44.51565933227539,1442000,0.0,0.0
2023-11-21 00:00:00-05:00,44.38977385010024,45.27098430594202,44.13800101729381,44.699649810791016,1366700,0.0,0.0
2023-11-22 00:00:00-05:00,44.835219632953475,45.47433925723096,44.73838478146193,45.30003356933594,1075700,0.0,0.0
2023-11-24 00:00:00-05:00,45.35813855607565,45.687382236262025,45.35813855607565,45.66801452636719,512900,0.0,0.0
2023-11-27 00:00:00-05:00,45.484026307490865,45.80358428209881,45.086997494182256,45.10636520385742,1446900,0.0,0.0
2023-11-28 00:00:00-05:00,44.67059753104757,44.79648209322222,43.81843684103105,44.360721588134766,1767300,0.0,0.0
2023-11-29 00:00:00-05:00,44.689968949158185,44.7383863766303,43.94432874524617,44.070213317871094,1369300,0.0,0.0
2023-11-30 00:00:00-05:00,44.118629066776506,44.65122809213803,43.88622027159399,43.983055114746094,2270600,0.0,0.0
2023-12-01 00:00:00-05:00,44.14768454651474,44.95142419287885,43.944329132930044,44.78680419921875,1377700,0.0,0.0
2023-12-04 00:00:00-05:00,44.69903992512591,45.73265780356626,44.69903992512591,45.254852294921875,1453300,0.32,0.0
2023-12-05 00:00:00-05:00,45.04032969388367,45.44012464627419,44.32849983815174,44.338253021240234,1226100,0.0,0.0
2023-12-06 00:00:00-05:00,44.3577521537874,44.543021700548195,43.714179751658826,43.90919876098633,1371300,0.0,0.0
2023-12-07 00:00:00-05:00,43.88969931439141,44.61128234863281,43.76293769304112,44.61128234863281,1015500,0.0,0.0
2023-12-08 00:00:00-05:00,44.61127880356719,44.816050993860166,44.27974128224798,44.29924392700195,1976500,0.0,0.0
2023-12-11 00:00:00-05:00,44.37724923271805,45.17684276064223,44.36749977055694,45.069580078125,1149300,0.0,0.0
2023-12-12 00:00:00-05:00,45.11833558266138,45.976433337394845,45.11833558266138,45.313358306884766,1158900,0.0,0.0
2023-12-13 00:00:00-05:00,45.196341291610835,45.93742688087151,44.88430642868496,45.576637268066406,1389900,0.0,0.0
2023-12-14 00:00:00-05:00,45.94718197695754,46.86378775397617,45.674152368355955,46.69801712036133,1789900,0.0,0.0
2023-12-15 00:00:00-05:00,46.37623409717524,46.532251552281195,44.93307170750783,45.33286666870117,3929500,0.0,0.0
2023-12-18 00:00:00-05:00,45.65465145972196,45.92768107871531,44.71854672053085,45.88867950439453,1128800,0.0,0.0
2023-12-19 00:00:00-05:00,45.83016560692093,46.29821791568555,45.24510115090243,46.10319519042969,1366800,0.0,0.0
2023-12-20 00:00:00-05:00,45.888677750667775,46.37623274866563,45.303609521220686,45.713157653808594,1117900,0.0,0.0
2023-12-21 00:00:00-05:00,45.85941580484154,46.171450664362446,45.36211140990164,46.16170120239258,999600,0.0,0.0
2023-12-22 00:00:00-05:00,46.22021239251596,47.0198022413872,46.093447059475636,46.82477951049805,939700,0.0,0.0
2023-12-26 00:00:00-05:00,46.68826129543595,47.81938858805225,46.610250720893966,47.53660583496094,1031900,0.0,0.0
2023-12-27 00:00:00-05:00,47.51710685588012,47.79013644833546,47.2830825537039,47.731632232666016,969900,0.0,0.0
2023-12-28 00:00:00-05:00,47.59511934446516,47.78038890109433,47.26358180330025,47.71213150024414,992400,0.0,0.0
2023-12-29 00:00:00-05:00,47.5658601296192,47.78038549973363,46.99054513501612,47.16606521606445,935400,0.0,0.0
2024-01-02 00:00:00-05:00,47.16606756416565,47.88765056881512,47.019803302509864,47.78038787841797,1243800,0.0,0.0
2024-01-03 00:00:00-05:00,47.72188050017956,47.91690323775136,46.04469388446039,46.093448638916016,964500,0.0,0.0
2024-01-04 00:00:00-05:00,46.23971628032233,46.776029777762474,46.103201469973776,46.522499084472656,862100,0.0,0.0
2024-01-05 00:00:00-05:00,46.366476741628816,46.66876216108615,45.40111998744919,45.605892181396484,1634000,0.0,0.0
2024-01-08 00:00:00-05:00,45.80091261059296,46.220210159838146,45.58638724500267,46.054439544677734,1007600,0.0,0.0
2024-01-09 00:00:00-05:00,45.820420672324765,45.820420672324765,44.62103209539489,45.32311248779297,672500,0.0,0.0
2024-01-10 00:00:00-05:00,45.3036082259576,45.47912831779854,44.903813287819766,44.991573333740234,710000,0.0,0.0
2024-01-11 00:00:00-05:00,45.04032665378346,45.58638955764789,44.5430222225715,45.52788162231445,979200,0.0,0.0
2024-01-12 00:00:00-05:00,45.14758554909705,45.20609347951514,43.84093819441762,44.308990478515625,1457600,0.0,0.0
2024-01-16 00:00:00-05:00,44.338250967162075,44.65028585604771,43.95795867881705,44.513771057128906,905500,0.0,0.0
2024-01-17 00:00:00-05:00,44.40650838962035,44.942818122685956,44.162730900067864,44.435760498046875,688700,0.0,0.0
2024-01-18 00:00:00-05:00,44.396756097010616,44.60153201934936,43.96770904590679,44.48451614379883,707200,0.0,0.0
2024-01-19 00:00:00-05:00,44.70878912639242,45.57664009496692,44.50401693234921,45.52788162231445,910000,0.0,0.0
2024-01-22 00:00:00-05:00,45.70340711616824,45.927681981858676,45.30361214345927,45.89842987060547,778500,0.0,0.0
2024-01-23 00:00:00-05:00,45.92767570167227,46.58100128173828,45.59613818038858,46.58100128173828,727400,0.0,0.0
2024-01-24 00:00:00-05:00,46.93204784967047,47.04906001439398,45.742412395774195,45.937435150146484,868500,0.0,0.0
2024-01-25 00:00:00-05:00,46.25921348231805,46.522493608320865,45.84966909947978,46.3079719543457,776600,0.0,0.0
2024-01-26 00:00:00-05:00,46.55175018310547,47.32208420887504,46.46399013969511,46.55175018310547,665800,0.0,0.0
2024-01-29 00:00:00-05:00,46.48349430457423,47.07831203031804,46.23971679203986,47.039310455322266,625400,0.0,0.0
2024-01-30 00:00:00-05:00,46.80527447306626,46.834526579292245,46.18120474191855,46.21045684814453,903400,0.0,0.0
2024-01-31 00:00:00-05:00,46.32747041702888,46.32747041702888,45.59613798090409,45.67414855957031,850200,0.0,0.0
2024-02-01 00:00:00-05:00,45.72290949815209,45.72290949815209,44.73804998759848,45.22560501098633,853500,0.0,0.0
2024-02-02 00:00:00-05:00,45.04032776983008,45.586390687225304,44.92331561601299,45.420623779296875,627300,0.0,0.0
2024-02-05 00:00:00-05:00,45.29385903286297,45.86917406626992,44.71854399945602,45.82041931152344,1042600,0.0,0.0
2024-02-06 00:00:00-05:00,45.78140894983578,46.30796917018316,45.09883129972795,46.16170120239258,1122200,0.0,0.0
2024-02-07 00:00:00-05:00,44.28949180422764,45.32310968241904,41.22764717984368,45.29385757446289,4184100,0.0,0.0
2024-02-08 00:00:00-05:00,45.44987366446484,45.771658001657876,43.69467656407335,44.57227325439453,1702000,0.0,0.0
2024-02-09 00:00:00-05:00,44.630782110592335,46.00568696828159,44.377251444777755,45.76190948486328,1459000,0.0,0.0
2024-02-12 00:00:00-05:00,45.83016546611094,46.434732564772446,45.508377412465066,46.2982177734375,1287100,0.0,0.0
2024-02-13 00:00:00-05:00,45.66440366389162,46.3079761232535,45.157346011098994,45.83992004394531,1413500,0.0,0.0
2024-02-14 00:00:00-05:00,46.23971572834809,46.37623425681658,45.362118935262245,46.08369827270508,1241000,0.0,0.0
2024-02-15 00:00:00-05:00,46.18120841256978,46.941792992891465,45.96668303053062,46.366477966308594,1270000,0.0,0.0
2024-02-16 00:00:00-05:00,46.2397084408071,46.30796955415793,45.24509964268024,45.69364929199219,1373300,0.0,0.0
2024-02-20 00:00:00-05:00,45.508377587854454,45.76190824680996,44.80630098403334,44.962318420410156,1210500,0.0,0.0
2024-02-21 00:00:00-05:00,44.981822828502395,45.274355068209424,44.50401731850649,45.137840270996094,899400,0.0,0.0
2024-02-22 00:00:00-05:00,45.37186693044032,46.737022412947105,45.10858678511047,46.69801712036133,1118300,0.0,0.0
2024-02-23 00:00:00-05:00,46.83453363366549,48.57023201957435,46.65901353037414,47.897403717041016,2146300,0.0,0.0
2024-02-26 00:00:00-05:00,47.68288203949015,48.18018651898257,47.43910453155769,47.897403717041016,1279700,0.0,0.0
2024-02-27 00:00:00-05:00,47.994915137902304,48.99927724230028,47.79013921196969,48.90176773071289,1171100,0.0,0.0
2024-02-28 00:00:00-05:00,48.88226347890289,49.03828092416797,48.209435223900925,48.53122329711914,784100,0.0,0.0
2024-02-29 00:00:00-05:00,48.843256967376135,48.960269118464254,47.60486689913351,47.731632232666016,1289000,0.0,0.0
2024-03-01 00:00:00-05:00,47.838894606192724,47.848644068823724,46.85403149174806,46.94179153442383,1009100,0.0,0.0
2024-03-04 00:00:00-05:00,48.374981768551905,51.92850391152693,47.76636898914073,49.56276321411133,2801000,0.32,0.0
2024-03-05 00:00:00-05:00,49.08175668319599,49.395879626397175,48.36516348497823,48.46332550048828,1432300,0.0,0.0
2024-03-06 00:00:00-05:00,48.620389789918136,48.620389789918136,47.7467350694665,48.16883850097656,1056600,0.0,0.0
2024-03-07 00:00:00-05:00,48.30626586721649,48.38479847832583,47.206835524172746,47.462059020996094,939100,0.0,0.0
2024-03-08 00:00:00-05:00,47.58967158245192,48.041222852356746,47.29518178662881,47.304996490478516,647200,0.0,0.0
2024-03-11 00:00:00-04:00,47.29518190175848,47.36389606279645,46.40189406362402,46.8927116394043,961300,0.0,0.0
2024-03-12 00:00:00-04:00,46.45097557953363,47.098854636853005,46.09758632197016,46.90252685546875,923600,0.0,0.0
2024-03-13 00:00:00-04:00,47.079220403887355,47.3148144850703,46.61785443455878,46.814178466796875,862200,0.0,0.0
2024-03-14 00:00:00-04:00,46.79454552461232,46.8141786768524,45.488972730094666,45.78346252441406,1037400,0.0,0.0
2024-03-15 00:00:00-04:00,45.54787106359512,46.38225941769738,45.44970530481551,45.9012565612793,3375200,0.0,0.0
2024-03-18 00:00:00-04:00,45.81291256915684,46.500057951824274,45.59695537348045,45.822731018066406,945700,0.0,0.0
2024-03-19 00:00:00-04:00,46.00923912599715,46.745465499602275,45.86199609806071,46.49024200439453,841800,0.0,0.0
2024-03-20 00:00:00-04:00,46.37244670421598,47.246101399323024,46.13685261767519,47.17738723754883,682100,0.0,0.0
2024-03-21 00:00:00-04:00,47.44242965407103,47.72710100798716,47.01050778187647,47.32463073730469,738100,0.0,0.0
2024-03-22 00:00:00-04:00,47.33444853607057,47.825266115267844,46.863264109398095,47.795814514160156,935500,0.0,0.0
2024-03-25 00:00:00-04:00,47.9136108573366,47.99213971857949,46.83380999428105,46.85344314575195,891500,0.0,0.0
2024-03-26 00:00:00-04:00,47.020325283773815,47.29518192807863,46.519689259200405,46.549137115478516,743800,0.0,0.0
2024-03-27 00:00:00-04:00,46.76509677402368,47.80563135499858,46.76509677402368,47.76636505126953,755400,0.0,0.0
2024-03-28 00:00:00-04:00,47.77618131409759,48.463326673218255,46.6276699773464,48.20810317993164,1051600,0.0,0.0
2024-04-01 00:00:00-04:00,48.12956799171441,48.16883429462154,47.265731795602036,47.33444595336914,877000,0.0,0.0
2024-04-02 00:00:00-04:00,47.236282470881484,47.432610250231036,46.02887168314699,46.549137115478516,819000,0.0,0.0
2024-04-03 00:00:00-04:00,46.568769333326216,46.59822093365422,45.77364727264654,45.911075592041016,817100,0.0,0.0
2024-04-04 00:00:00-04:00,46.21538107931461,46.61785130985128,45.469336326108674,45.655845642089844,647100,0.0,0.0
2024-04-05 00:00:00-04:00,45.74419723243613,46.31354742607775,45.72456782440247,46.07795333862305,626100,0.0,0.0
2024-04-08 00:00:00-04:00,45.96997541016791,46.853444789509076,45.96997541016791,46.74546432495117,1028000,0.0,0.0
2024-04-09 00:00:00-04:00,46.922159678708645,46.922159678708645,45.83254405708332,45.99942398071289,676300,0.0,0.0
2024-04-10 00:00:00-04:00,45.596954345703125,46.25464811145821,45.390811858941774,45.596954345703125,824900,0.0,0.0
2024-04-11 00:00:00-04:00,45.744199934427435,46.1172223679971,45.38099595009553,46.05832290649414,872800,0.0,0.0
2024-04-12 00:00:00-04:00,45.88163053992602,46.215386655124085,45.08650468601976,45.41044235229492,878300,0.0,0.0
2024-04-15 00:00:00-04:00,45.85217455265501,46.068135472612084,45.125766676756946,45.469337463378906,912000,0.0,0.0
2024-04-16 00:00:00-04:00,45.59695581728507,46.30373061536866,45.44970903933705,46.244834899902344,925000,0.0,0.0
2024-04-17 00:00:00-04:00,46.55895623798561,46.627670400056516,45.842363015931134,46.009239196777344,798000,0.0,0.0
2024-04-18 00:00:00-04:00,46.24483611827481,46.24483611827481,45.30246719957484,45.714752197265625,606700,0.0,0.0
2024-04-19 00:00:00-04:00,45.695118437964645,46.08777402120795,45.577323260848125,45.979793548583984,641900,0.0,0.0
2024-04-22 00:00:00-04:00,46.14666689114171,46.59822190741217,45.63621990690718,46.41170883178711,996900,0.0,0.0
2024-04-23 00:00:00-04:00,46.352814177574004,47.21665043572671,46.00923961942236,46.77491760253906,1032600,0.0,0.0
2024-04-24 00:00:00-04:00,46.86326483500982,47.324630820243016,46.76509907086584,47.049774169921875,908800,0.0,0.0
2024-04-25 00:00:00-04:00,46.79454552461232,47.03995431065197,45.72456681233472,45.78346252441406,1321400,0.0,0.0
2024-04-26 00:00:00-04:00,45.59695704299825,46.372449771040785,45.02760681391147,45.64603805541992,1384600,0.0,0.0
2024-04-29 00:00:00-04:00,45.861992870888855,46.51968658760182,45.78346026580274,46.36262512207031,962900,0.0,0.0
2024-04-30 00:00:00-04:00,46.097583196865756,46.75528065821944,46.097583196865756,46.36262512207031,1033100,0.0,0.0
2024-05-01 00:00:00-04:00,46.205566303322506,47.11848729421928,45.606768261482586,46.823997497558594,814300,0.0,0.0
2024-05-02 00:00:00-04:00,47.34426173432423,47.34426173432423,46.637483244472705,47.14793395996094,645300,0.0,0.0
2024-05-03 00:00:00-04:00,47.540589039881624,47.697650508895286,46.63748278457249,46.6571159362793,668500,0.0,0.0
2024-05-06 00:00:00-04:00,46.912345099110304,47.92342811355607,46.82399778510546,47.86452865600586,942000,0.0,0.0
2024-05-07 00:00:00-04:00,48.03141177078573,49.13084217227107,47.88416498944913,48.40443420410156,1603500,0.0,0.0
2024-05-08 00:00:00-04:00,48.39461536344789,48.64984261641485,47.44243175100055,47.638755798339844,880100,0.0,0.0
2024-05-09 00:00:00-04:00,47.658386629828755,48.37497985269619,47.57003931497436,48.2866325378418,1131800,0.0,0.0
2024-05-10 00:00:00-04:00,51.53584914037117,53.2144444708008,49.87688696373291,52.546932220458984,3575100,0.0,0.0
2024-05-13 00:00:00-04:00,52.25243935859371,52.42913398778045,51.14319057417494,51.732173919677734,3322900,0.0,0.0
2024-05-14 00:00:00-04:00,52.026666919829076,52.566565544597175,51.467135141205986,52.06593322753906,2397700,0.0,0.0
2024-05-15 00:00:00-04:00,52.18372396200042,52.75307414138508,52.03647719294828,52.193538665771484,901700,0.0,0.0
2024-05-16 00:00:00-04:00,52.10519403881813,52.25243706023652,51.17263992460509,52.036476135253906,1480800,0.0,0.0
2024-05-17 00:00:00-04:00,51.918684410504675,51.918684410504675,50.878153509471886,51.33951950073242,1284200,0.0,0.0
2024-05-20 00:00:00-04:00,51.38860028239296,52.311339750089004,51.38860028239296,52.30152130126953,900700,0.0,0.0
2024-05-21 00:00:00-04:00,52.32115384785626,53.086831827335814,52.10519665666443,52.84142303466797,1009700,0.0,0.0
2024-05-22 00:00:00-04:00,52.753075898321136,52.93958523331008,51.98739791624642,52.016849517822266,736300,0.0,0.0
2024-05-23 00:00:00-04:00,51.95795011420616,52.389868243151064,51.47694723079667,51.60456085205078,681200,0.0,0.0
2024-05-24 00:00:00-04:00,51.781254250581846,51.859786860143075,49.41551368484327,49.71982192993164,959000,0.0,0.0
2024-05-28 00:00:00-04:00,49.71982334244196,49.82780006669481,47.34426426069956,48.02159118652344,1480200,0.0,0.0
2024-05-29 00:00:00-04:00,48.021589371356995,49.03267611443905,47.9921415153685,49.022857666015625,1064500,0.0,0.0
2024-05-30 00:00:00-04:00,49.121026427338556,49.415516239133495,48.02159230449711,48.17865753173828,1293900,0.0,0.0
2024-05-31 00:00:00-04:00,48.24736773907615,48.75781470717848,47.99214051038416,48.72836685180664,1574100,0.0,0.0
2024-06-03 00:00:00-04:00,48.9443298343691,49.26826749099905,48.44369380415785,49.248634338378906,779000,0.0,0.0
2024-06-04 00:00:00-04:00,49.12102587549072,50.6229265200207,48.70873714789674,50.30880355834961,1036700,0.0,0.0
2024-06-05 00:00:00-04:00,50.42733433475951,50.545869620722335,49.96306956133477,50.37794494628906,626400,0.32,0.0
2024-06-06 00:00:00-04:00,50.52611721896229,51.375624503594075,50.36806891389488,50.72367477416992,953100,0.0,0.0
2024-06-07 00:00:00-04:00,50.41745746085335,50.58538213360969,49.22221693822803,49.2814826965332,948400,0.0,0.0
2024-06-10 00:00:00-04:00,48.836972188015544,49.51855857508343,48.18502244919118,49.5086784362793,945200,0.0,0.0
2024-06-11 00:00:00-04:00,49.33087629015892,49.33087629015892,48.51100182896686,49.241973876953125,989900,0.0,0.0
2024-06-12 00:00:00-04:00,49.666725694174495,50.51623674127383,49.08392186661813,50.37794494628906,703600,0.0,0.0
2024-06-13 00:00:00-04:00,50.14087346110679,50.6150221682927,49.597582620660496,50.09148406982422,778000,0.0,0.0
2024-06-14 00:00:00-04:00,49.627218949995644,49.91367892485521,49.103680854902656,49.74575424194336,894500,0.0,0.0
2024-06-17 00:00:00-04:00,49.4296548531356,51.237332084860064,49.4296548531356,51.16818618774414,1132100,0.0,0.0
2024-06-18 00:00:00-04:00,51.39538276035913,52.96598949394607,51.23733444991756,52.45233154296875,1150200,0.0,0.0
2024-06-20 00:00:00-04:00,52.41282330259499,53.11416245819858,51.9781876143693,52.353553771972656,1025000,0.0,0.0
2024-06-21 00:00:00-04:00,52.43257810482137,52.99562543880074,52.126357858834616,52.52147674560547,2429500,0.0,0.0
2024-06-24 00:00:00-04:00,52.620261007519595,53.00550353614216,52.25477498910447,52.353553771972656,808400,0.0,0.0
2024-06-25 00:00:00-04:00,52.49184252266307,52.906721676554575,52.09672364599891,52.65977096557617,782700,0.0,0.0
2024-06-26 00:00:00-04:00,52.50172665743181,53.04501750930298,52.2942851806123,53.015380859375,1230700,0.0,0.0
2024-06-27 00:00:00-04:00,53.01537843885727,53.70684120429103,52.4523311021308,52.8770866394043,1006800,0.0,0.0
2024-06-28 00:00:00-04:00,53.17343121596441,53.805624460737775,53.03513564652239,53.56855010986328,2580700,0.0,0.0
2024-07-01 00:00:00-04:00,53.55867260522386,54.27976824528943,53.49940307671765,54.06245040893555,1088300,0.0,0.0
2024-07-02 00:00:00-04:00,53.64757515154991,54.753913309322314,53.58830562289162,54.42793655395508,1057700,0.0,0.0
2024-07-03 00:00:00-04:00,54.605744201145995,55.93928040378761,54.50696541643288,55.287330627441406,812500,0.0,0.0
2024-07-05 00:00:00-04:00,55.07001359534649,55.0897701062157,53.91428597076624,54.07233428955078,1408800,0.0,0.0
2024-07-08 00:00:00-04:00,54.28964458084075,54.79342615239547,52.90672283011032,52.92647933959961,925100,0.0,0.0
2024-07-09 00:00:00-04:00,52.946234126697405,53.430259207464964,52.26465147974132,52.34367752075195,722600,0.0,0.0
2024-07-10 00:00:00-04:00,52.34367728120014,52.442456063842336,51.652214498197694,52.36343002319336,867000,0.0,0.0
2024-07-11 00:00:00-04:00,52.61037888888556,52.995625171182404,52.12635759560593,52.55111312866211,944200,0.0,0.0
2024-07-12 00:00:00-04:00,52.92648042301648,53.5586736669394,52.630136542779766,52.81782150268555,787200,0.0,0.0
2024-07-15 00:00:00-04:00,53.1339177568012,54.05257473556964,52.98574581770864,53.99330520629883,785700,0.0,0.0
2024-07-16 00:00:00-04:00,54.180987030302695,55.22805945065072,54.052575367634425,55.070011138916016,670400,0.0,0.0
2024-07-17 00:00:00-04:00,54.84281560518542,55.88988800031026,54.74403305762521,55.58366775512695,774900,0.0,0.0
2024-07-18 00:00:00-04:00,55.29720753696241,55.751595980136756,54.80330607225053,54.85269546508789,722500,0.0,0.0
2024-07-19 00:00:00-04:00,55.16878934172434,55.376230810336466,54.7736704506186,55.12928009033203,655500,0.0,0.0
2024-07-22 00:00:00-04:00,55.11940077990652,56.986347648296814,55.11940077990652,56.56159210205078,1090600,0.0,0.0
2024-07-23 00:00:00-04:00,56.304765452209885,56.38379149314465,55.484887234272364,55.761474609375,785900,0.0,0.0
2024-07-24 00:00:00-04:00,55.455252647235625,55.89976469339816,54.823059411879534,55.16878890991211,740500,0.0,0.0
2024-07-25 00:00:00-04:00,55.31696242360062,56.17634989187995,55.1292812290614,55.39598846435547,895000,0.0,0.0
2024-07-26 00:00:00-04:00,55.56391213710725,56.39366670908148,55.1984261256927,56.255374908447266,551500,0.0,0.0
2024-07-29 00:00:00-04:00,56.344276184598016,56.91719988543312,55.85037475331964,56.74927520751953,548100,0.0,0.0
2024-07-30 00:00:00-04:00,56.98634725686564,57.71732305204011,56.92708149520892,57.36171340942383,550900,0.0,0.0
2024-07-31 00:00:00-04:00,57.66793494744875,57.914885674976844,57.085131079755676,57.233299255371094,790200,0.0,0.0
2024-08-01 00:00:00-04:00,57.33208369353007,57.875374558332545,55.98867108867141,56.294891357421875,721500,0.0,0.0
2024-08-02 00:00:00-04:00,55.52440068928141,56.21586348019594,54.56623442854737,56.097328186035156,645100,0.0,0.0
2024-08-05 00:00:00-04:00,54.25013070643094,55.139154778586246,53.06477030111563,54.15135192871094,852000,0.0,0.0
2024-08-06 00:00:00-04:00,54.151354724595386,54.477331490605756,53.40062617792363,53.87477111816406,1901900,0.0,0.0
2024-08-07 00:00:00-04:00,54.35879430998279,54.94159819238901,53.65745513045795,53.68708801269531,693700,0.0,0.0
2024-08-08 00:00:00-04:00,54.230382374531,55.23793804733284,53.78587030231304,55.22806167602539,493500,0.0,0.0
2024-08-09 00:00:00-04:00,55.38610881609986,56.581349431843435,54.86257448005016,56.48257064819336,1272800,0.0,0.0
2024-08-12 00:00:00-04:00,56.47268839113609,56.72951924806532,55.010740592559166,55.55403518676758,1069100,0.0,0.0
2024-08-13 00:00:00-04:00,55.7120819818892,55.919519675040576,54.88232744111489,55.70220184326172,899500,0.0,0.0
2024-08-14 00:00:00-04:00,55.7515935917597,56.31464093595698,55.70220420103816,56.225738525390625,1199700,0.0,0.0
2024-08-15 00:00:00-04:00,56.67025259274583,57.23329995695842,56.05781583605601,56.78879165649414,1597700,0.0,0.0
2024-08-16 00:00:00-04:00,64.00963170153355,67.61510630066589,62.2809728376508,63.66389465332031,9156300,0.0,0.0
2024-08-19 00:00:00-04:00,63.31816417230039,65.44194190750983,63.12060660749217,64.52328491210938,3150700,0.0,0.0
2024-08-20 00:00:00-04:00,64.63193882983948,66.0346170258611,64.25657647122928,65.78766632080078,2068400,0.0,0.0
2024-08-21 00:00:00-04:00,65.62963085363157,66.0346261469755,63.288535133211546,63.7626838684082,2233000,0.0,0.0
2024-08-22 00:00:00-04:00,63.85158000503042,63.92072590782435,62.715608910437936,62.8736572265625,1333800,0.0,0.0
2024-08-23 00:00:00-04:00,63.10085057102723,63.62438867257203,62.439020665811015,62.57731246948242,981200,0.0,0.0
2024-08-26 00:00:00-04:00,62.97243449199084,63.65402090047348,62.84401906068456,63.02182388305664,786500,0.0,0.0
2024-08-27 00:00:00-04:00,62.666213402053636,64.28621329184416,62.666213402053636,63.871337890625,902900,0.0,0.0
2024-08-28 00:00:00-04:00,63.851579931462695,64.10841079997488,63.24901954937919,63.2588996887207,988300,0.0,0.0
2024-08-29 00:00:00-04:00,63.45645733063446,64.04913757405932,62.63658286829111,62.8736572265625,927800,0.0,0.0
2024-08-30 00:00:00-04:00,62.99219208458688,63.318165085758295,62.12292446784802,62.537803649902344,1722300,0.0,0.0
2024-09-03 00:00:00-04:00,62.30072842319344,63.01194771497146,62.01426467865296,62.241458892822266,1342200,0.0,0.0
2024-09-04 00:00:00-04:00,62.23158070269393,63.584873345342054,62.132801923131815,63.56511306762695,2460100,0.0,0.0
2024-09-05 00:00:00-04:00,63.58995515464651,63.75886415370283,62.725530263034905,63.14283752441406,1491000,0.375,0.0
2024-09-06 00:00:00-04:00,63.1428370839649,63.82841491870132,62.39764230219445,62.51687240600586,1380900,0.0,0.0
2024-09-09 00:00:00-04:00,62.42745355302604,63.19251687102925,61.94059128767638,62.45726013183594,1577800,0.0,0.0
2024-09-10 00:00:00-04:00,62.45726046036054,63.01367014910776,61.90084698135659,62.69572067260742,1092400,0.0,0.0
2024-09-11 00:00:00-04:00,62.34796185520842,62.973926517576366,61.55308819916942,62.5367431640625,1055200,0.0,0.0
2024-09-12 00:00:00-04:00,62.526810734402865,62.904377153434936,62.030014211034185,62.367835998535156,761900,0.0,0.0
2024-09-13 00:00:00-04:00,62.55661809039157,63.24219972692519,62.37777103653555,62.795082092285156,997800,0.0,0.0
2024-09-16 00:00:00-04:00,63.19251566305787,64.4345069598181,63.19251566305787,64.02713775634766,1502300,0.0,0.0
2024-09-17 00:00:00-04:00,64.00726250928045,64.28546735060522,62.95405630126144,63.09315872192383,977900,0.0,0.0
2024-09-18 00:00:00-04:00,62.795081311852755,63.25213320369034,62.17905468414746,62.367835998535156,1097800,0.0,0.0
2024-09-19 00:00:00-04:00,62.87456445376441,63.460784481217296,62.665910831346395,63.272003173828125,1317500,0.0,0.0
2024-09-20 00:00:00-04:00,63.33162030781767,64.05694275237936,62.904375009064594,64.04700469970703,2641000,0.0,0.0
2024-09-23 00:00:00-04:00,64.06688046344703,64.4841877073027,63.768799528971236,63.80854415893555,1374200,0.0,0.0
2024-09-24 00:00:00-04:00,63.57008056590608,63.878095764665844,63.053411743917074,63.122962951660156,1261300,0.0,0.0
2024-09-25 00:00:00-04:00,63.28193995674802,63.550210534937825,62.626168695702944,62.705657958984375,1118900,0.0,0.0
2024-09-26 00:00:00-04:00,62.665911254259676,63.7787381618456,62.55661541599172,63.02360534667969,1358400,0.0,0.0
2024-09-27 00:00:00-04:00,62.9838633930065,63.460787606415714,62.73546512829816,63.232261657714844,1004800,0.0,0.0
2024-09-30 00:00:00-04:00,63.14283752441406,63.480659312783395,62.884504999311254,63.14283752441406,1214400,0.0,0.0
2024-10-01 00:00:00-04:00,63.06335135963336,63.12296451617264,61.9107835867087,62.66591262817383,996300,0.0,0.0
2024-10-02 00:00:00-04:00,62.417512453406644,62.82488543503766,62.11943530908628,62.44731903076172,896800,0.0,0.0
2024-10-03 00:00:00-04:00,62.27841220712753,62.59636167750703,61.60276863500692,62.07969284057617,730200,0.0,0.0
2024-10-04 00:00:00-04:00,62.44732120502935,62.58642741479496,61.841232632919876,62.07969284057617,665900,0.0,0.0
2024-10-07 00:00:00-04:00,62.07969415680576,62.13931110511218,60.927126354678855,61.33449935913086,1020200,0.0,0.0
2024-10-08 00:00:00-04:00,61.75180710045697,61.90084377783407,61.37424069530654,61.47359848022461,743300,0.0,0.0
2024-10-09 00:00:00-04:00,61.80148853937367,62.20886153873354,60.84764011993448,61.34443664550781,2447400,0.0,0.0
2024-10-10 00:00:00-04:00,60.82776562461236,60.96686804034776,59.665259825490054,60.40052032470703,1546500,0.0,0.0
2024-10-11 00:00:00-04:00,60.60917682092283,61.13577993123886,60.460136345424424,60.50981903076172,1170400,0.0,0.0
2024-10-14 00:00:00-04:00,60.48000527307528,60.778082417115385,60.13224923673791,60.261417388916016,1134100,0.0,0.0
2024-10-15 00:00:00-04:00,60.34090639973479,60.80789635329941,60.02295692206515,60.410457611083984,1676300,0.0,0.0
2024-10-16 00:00:00-04:00,60.39058296998975,61.61270193840563,60.3110974987608,60.877445220947266,1067300,0.0,0.0
2024-10-17 00:00:00-04:00,61.01654927830166,61.50341154234513,60.638982856610205,61.24507522583008,1154500,0.0,0.0
2024-10-18 00:00:00-04:00,61.215268924075254,61.32456476692178,60.460136077275656,61.096038818359375,854600,0.0,0.0
2024-10-21 00:00:00-04:00,61.0960357637565,61.43385753827544,60.29122406233464,60.64891815185547,902200,0.0,0.0
2024-10-22 00:00:00-04:00,60.350843147073576,60.64892030215705,59.72487846821861,60.281288146972656,909900,0.0,0.0
2024-10-23 00:00:00-04:00,60.17199567095576,60.67872645199277,59.90372509619852,60.092506408691406,1196000,0.0,0.0
2024-10-24 00:00:00-04:00,59.94346982543459,60.32103245103828,59.347311728246176,59.605648040771484,1025400,0.0,0.0
2024-10-25 00:00:00-04:00,59.71494076713889,59.913660135117816,59.13865876928235,59.645389556884766,829900,0.0,0.0
2024-10-28 00:00:00-04:00,60.042827158511,60.241546522735725,59.30756664795654,59.41686248779297,714000,0.0,0.0
2024-10-29 00:00:00-04:00,59.12871908273011,59.72487717019721,58.88032082718296,59.71493911743164,961500,0.0,0.0
2024-10-30 00:00:00-04:00,59.744752260371996,60.311100006103516,59.56590520485081,60.311100006103516,968800,0.0,0.0
2024-10-31 00:00:00-04:00,60.231610142838306,60.877447146942835,59.3075682952459,59.347312927246094,1418400,0.0,0.0
2024-11-01 00:00:00-04:00,59.605646454654,59.91365786259462,59.16846310363136,59.18833541870117,950400,0.0,0.0
2024-11-04 00:00:00-05:00,59.26782797046786,60.241548721425445,59.26782797046786,59.92359924316406,870000,0.0,0.0
2024-11-05 00:00:00-05:00,59.834172276812325,60.78802065677834,59.70500412423676,60.599239349365234,848600,0.0,0.0
2024-11-06 00:00:00-05:00,63.08322464634595,63.40117412030548,61.52328006502007,62.11943817138672,1263400,0.0,0.0
2024-11-07 00:00:00-05:00,62.099565163048204,63.33162220359601,61.940590427841066,62.95405578613281,1648800,0.0,0.0
2024-11-08 00:00:00-05:00,61.533215434225525,61.533215434225525,57.80724164541124,58.80083465576172,2518300,0.0,0.0
2024-11-11 00:00:00-05:00,59.57583851556161,61.02648346248482,59.25788904199643,60.857574462890625,2188600,0.0,0.0
2024-11-12 00:00:00-05:00,60.35084130956905,61.05629143951429,59.456606081288776,59.575836181640625,1595600,0.0,0.0
2024-11-13 00:00:00-05:00,59.297632389039904,60.39058320695873,58.97968292236328,58.97968292236328,1274500,0.0,0.0
2024-11-14 00:00:00-05:00,58.87038898302002,59.416864409621176,58.50276061098022,58.76109313964844,1202600,0.0,0.0
2024-11-15 00:00:00-05:00,58.612055599581225,59.92359812039979,58.612055599581225,59.695072174072266,1304400,0.0,0.0
2024-11-18 00:00:00-05:00,59.97327499727466,60.10244315050819,59.218142183262565,59.96333694458008,1150800,0.0,0.0
2024-11-19 00:00:00-05:00,57.96621753371168,58.294101262745556,54.727105922959545,55.0450553894043,3102700,0.0,0.0
2024-11-20 00:00:00-05:00,54.756914274815244,56.36653397461696,54.756914274815244,56.187686920166016,2971300,0.0,0.0
2024-11-21 00:00:00-05:00,56.167812527527566,57.101792397409696,55.49216896686005,56.50563430786133,2584800,0.0,0.0
2024-11-22 00:00:00-05:00,56.5950569255337,58.35371700761686,56.52550571807192,57.92647171020508,1569700,0.0,0.0
2024-11-25 00:00:00-05:00,58.33384789311423,60.22167623131324,58.33384789311423,59.14859390258789,2412600,0.0,0.0
2024-11-26 00:00:00-05:00,58.83064357124478,59.506287148355135,58.194744625789546,59.20820999145508,1854400,0.0,0.0
2024-11-27 00:00:00-05:00,59.62551463511841,59.92359556918747,58.81076867324441,58.94987487792969,1072300,0.0,0.0
2024-11-29 00:00:00-05:00,59.2479520874563,59.71493822351984,58.85051336842775,58.90019226074219,717900,0.0,0.0
2024-12-02 00:00:00-05:00,58.94987677650384,58.999555670363165,58.05564152600943,58.731285095214844,1195600,0.0,0.0
2024-12-03 00:00:00-05:00,58.71141137176624,58.73128368688478,57.300507320402616,57.777435302734375,1398200,0.0,0.0
2024-12-04 00:00:00-05:00,57.63832994934336,58.5027586136296,57.191216118461675,58.154998779296875,1137900,0.0,0.0
2024-12-05 00:00:00-05:00,58.15999984741211,58.47999954223633,57.27000045776367,57.349998474121094,900000,0.375,0.0
2024-12-06 00:00:00-05:00,58.02000045776367,58.20000076293945,57.119998931884766,57.31999969482422,926100,0.0,0.0
2024-12-09 00:00:00-05:00,57.34000015258789,57.34000015258789,55.66999816894531,56.02000045776367,1109400,0.0,0.0
2024-12-10 00:00:00-05:00,55.939998626708984,56.83000183105469,55.040000915527344,56.33000183105469,1320200,0.0,0.0
2024-12-11 00:00:00-05:00,56.65999984741211,56.65999984741211,55.959999084472656,56.31999969482422,1122400,0.0,0.0
2024-12-12 00:00:00-05:00,56.40999984741211,56.650001525878906,55.91999816894531,56.0,739600,0.0,0.0
2024-12-13 00:00:00-05:00,56.040000915527344,56.15999984741211,55.150001525878906,55.5,824900,0.0,0.0
2024-12-16 00:00:00-05:00,55.619998931884766,55.779998779296875,55.0,55.22999954223633,986600,0.0,0.0
2024-12-17 00:00:00-05:00,55.13999938964844,55.540000915527344,54.349998474121094,54.650001525878906,913800,0.0,0.0
2024-12-18 00:00:00-05:00,54.790000915527344,54.9900016784668,53.15999984741211,53.4900016784668,1421900,0.0,0.0
2024-12-19 00:00:00-05:00,53.65999984741211,54.16999816894531,53.09000015258789,53.88999938964844,1410000,0.0,0.0
2024-12-20 00:00:00-05:00,54.0,55.279998779296875,53.810001373291016,54.720001220703125,3709200,0.0,0.0
